0;1.22073;0.772192;0
0;1.47846;0.81434;0
0;0.783308;0.686393;0
0;1.45461;0.810706;0
0;1.34832;0.793856;0
0;1.38408;0.799645;0
0;1.48181;0.814845;0
0;1.1922;0.767134;0
0;1.17134;0.763386;0
0;1.1883;0.766436;0
0;1.57973;0.829167;0
0;1.54443;0.824108;0
0;1.19447;0.767539;0
0;0.974959;0.726107;0
0;1.1958;0.767777;0
0;1.39431;0.80128;0
0;1.19217;0.767129;0
0;1.24117;0.775767;0
0;1.12643;0.755179;0
0;1.27258;0.781184;0
0;1.16395;0.76205;0
0;1.24682;0.776749;0
0;1.27822;0.782146;0
0;1.03559;0.737998;0
0;1.40042;0.80225;0
0;1.32209;0.78953;0
0;1.28992;0.784134;0
0;1.351;0.794294;0
0;1.13822;0.757353;0
0;1.20282;0.769027;0
0;1.2653;0.779937;0
0;1.20802;0.769948;0
0;1.26327;0.779589;0
0;1.19304;0.767285;0
0;1.29319;0.784687;0
0;1.21002;0.770303;0
0;1.12817;0.755501;0
0;1.53203;0.822304;0
0;1.39248;0.800988;0
0;1.27837;0.782172;0
0;1.27334;0.781314;0
0;1.28465;0.78324;0
0;1.13936;0.757561;0
0;1.3528;0.794586;0
0;1.13835;0.757376;0
0;1.37655;0.798436;0
0;1.38932;0.800484;0
0;1.18575;0.76598;0
0;1.29005;0.784155;0
0;1.36372;0.796363;0
0;1.48989;0.816063;0
0;1.28104;0.782627;0
0;1.28481;0.783268;0
0;1.17699;0.764406;0
0;1.21846;0.771792;0
0;2.13442;0.894204;0
0;1.00814;0.732655;0
0;1.52689;0.821551;0
0;1.99492;0.880263;0
0;1.73677;0.850276;0
0;1.23775;0.775173;0
0;1.23908;0.775403;0
0;1.14397;0.758408;0
0;1.0793;0.746361;0
0;1.29878;0.785629;0
0;1.15985;0.761305;0
0;1.24527;0.776479;0
0;1.19891;0.76833;0
0;1.39494;0.80138;0
0;1.34848;0.79388;0
0;1.44573;0.809341;0
0;1.45314;0.810481;0
0;1.37758;0.798603;0
0;1.23057;0.773918;0
0;1.21171;0.770601;0
0;1.39754;0.801793;0
0;1.3547;0.794898;0
0;1.35035;0.794188;0
0;1.23561;0.774798;0
0;1.15719;0.760821;0
0;1.04379;0.739581;0
0;1.33469;0.791615;0
0;1.16806;0.762795;0
0;1.30371;0.786458;0
0;1.36228;0.79613;0
0;1.3347;0.791618;0
0;1.57843;0.828983;0
0;1.65977;0.840207;0
0;1.76083;0.853314;0
0;1.78091;0.855809;0
0;1.57523;0.828527;0
0;1.67043;0.841633;0
0;1.89788;0.869651;0
0;1.87125;0.866603;0
0;1.89645;0.869489;0
0;1.86429;0.865796;0
0;1.82495;0.861159;0
0;1.83487;0.86234;0
0;1.90404;0.870349;0
0;1.80622;0.858905;0
0;1.83135;0.861923;0
0;1.81057;0.85943;0
0;1.76594;0.853952;0
0;1.75149;0.852141;0
0;1.79285;0.857276;0
0;1.80788;0.859106;0
0;1.85711;0.86496;0
0;1.73524;0.850082;0
0;1.76734;0.854126;0
0;1.77524;0.855108;0
0;1.79698;0.857781;0
0;1.86093;0.865405;0
0;1.83727;0.862625;0
0;1.80657;0.858947;0
0;1.84634;0.863697;0
0;1.80928;0.859275;0
0;1.89656;0.869502;0
0;1.84465;0.863498;0
0;1.85468;0.864675;0
0;1.86722;0.866136;0
0;1.79179;0.857147;0
0;1.86238;0.865574;0
0;1.82633;0.861324;0
0;1.77079;0.854556;0
0;1.79628;0.857696;0
0;1.77705;0.855333;0
0;1.92367;0.872548;0
0;1.84851;0.863952;0
0;1.81441;0.859894;0
0;1.83262;0.862073;0
0;1.72176;0.848356;0
0;1.83459;0.862307;0
0;1.57058;0.827867;0
0;1.79659;0.857733;0
0;1.83432;0.862276;0
0;1.76168;0.853419;0
0;1.81499;0.859963;0
0;1.83652;0.862537;0
0;1.88873;0.86861;0
0;1.84992;0.864118;0
0;1.81611;0.860098;0
0;1.75524;0.852612;0
0;1.25505;0.778174;0
0;1.26393;0.779703;0
0;1.15383;0.76021;0
0;1.15588;0.760583;0
0;1.18144;0.765206;0
0;1.19131;0.766976;0
0;1.1543;0.760296;0
0;1.10171;0.750581;0
0;1.13863;0.757428;0
0;1.22703;0.773299;0
0;1.29485;0.784967;0
0;1.10289;0.750802;0
0;0.866351;0.703986;0
0;1.23314;0.774367;0
0;1.23844;0.775292;0
0;1.22244;0.772493;0
0;1.28361;0.783064;0
0;1.21487;0.771159;0
0;1.32952;0.790761;0
0;1.01403;0.733807;0
0;1.22343;0.772667;0
0;1.09432;0.749195;0
0;1.16751;0.762694;0
0;1.26828;0.780448;0
0;1.13517;0.756792;0
0;1.15366;0.760178;0
0;0.702596;0.668763;0
0;1.21979;0.772027;0
0;1.24896;0.777121;0
0;1.21898;0.771884;0
0;1.21985;0.772037;0
0;1.17512;0.764069;0
0;1.30255;0.786264;0
0;1.38636;0.800011;0
0;0.981095;0.727325;0
0;1.29104;0.784323;0
0;1.31107;0.787691;0
0;1.26123;0.779237;0
0;1.22192;0.772402;0
0;1.16578;0.762381;0
0;1.34717;0.793667;0
0;1.24265;0.776025;0
0;1.11097;0.752309;0
0;0.96518;0.724158;0
0;1.19776;0.768126;0
0;0.966706;0.724462;0
0;0.89417;0.70975;0
0;0.953848;0.721888;0
0;1.24545;0.776511;0
0;1.17973;0.7649;0
0;1.15661;0.760716;0
0;1.1143;0.75293;0
0;1.11773;0.753567;0
0;0.978995;0.726909;0
0;-2.02172;0.116941;1
0;-2.14126;0.105151;1
0;0.977333;0.726579;0
0;0.933503;0.717785;0
0;0.836014;0.697625;0
0;-1.87773;0.13265;1
0;-2.07199;0.111849;1
0;-2.06963;0.112083;1
0;0.76119;0.681612;0
0;-0.326618;0.419064;1
0;-1.72051;0.151806;1
0;-1.62102;0.165064;1
0;-1.8236;0.139002;1
0;-1.69327;0.155346;1
0;-1.88262;0.132088;1
0;0.903673;0.711704;0
0;-2.00246;0.118945;1
0;-2.0863;0.110436;1
0;0.824904;0.695276;0
0;-2.29632;0.0914279;1
0;0.662763;0.659881;0
0;0.749063;0.678975;0
0;0.848349;0.700221;0
0;0.633362;0.653251;0
0;0.961748;0.723472;0
0;0.964184;0.723959;0
0;0.291306;0.572316;0
0;0.724077;0.673504;0
0;1.64166;0.837761;0
0;1.48402;0.81518;0
0;0.75252;0.679727;0
0;0.967577;0.724636;0
0;1.14451;0.758507;0
0;1.19424;0.767499;0
0;1.02721;0.736376;0
0;1.18135;0.76519;0
0;0.923263;0.715707;0
0;1.10545;0.751281;0
0;1.04057;0.73896;0
0;1.11913;0.753827;0
0;1.14365;0.75835;0
0;1.0718;0.744938;0
0;0.941314;0.719365;0
0;0.881921;0.70722;0
0;0.966677;0.724457;0
0;0.950367;0.721189;0
0;0.913742;0.713765;0
0;1.13118;0.756057;0
0;0.924766;0.716012;0
0;1.01962;0.734898;0
0;1.05701;0.742118;0
0;0.840997;0.698675;0
0;0.94608;0.720326;0
0;0.904159;0.711803;0
0;0.66551;0.660497;0
0;0.581982;0.641523;0
0;0.592185;0.643866;0
0;0.599661;0.645579;0
0;0.577993;0.640605;0
0;0.625066;0.65137;0
0;0.632717;0.653105;0
0;0.57975;0.64101;0
0;0.478646;0.617428;0
0;0.480672;0.617907;0
0;0.573896;0.639662;0
0;0.632433;0.653041;0
0;0.631793;0.652896;0
0;0.559914;0.636433;0
0;0.594354;0.644364;0
0;0.483873;0.618662;0
0;0.579432;0.640937;0
0;0.712359;0.670922;0
0;0.727927;0.67435;0
0;0.743881;0.677844;0
0;0.704724;0.669234;0
0;0.733389;0.675548;0
0;0.545906;0.633185;0
0;0.624751;0.651298;0
0;0.707831;0.669922;0
0;0.687945;0.66551;0
0;0.684746;0.664797;0
0;0.651529;0.657355;0
0;0.592463;0.64393;0
0;0.436808;0.607498;0
0;0.71376;0.671231;0
0;0.369636;0.591371;0
0;0.469403;0.615243;0
0;0.553254;0.63489;0
0;0.654921;0.658118;0
0;0.695092;0.667099;0
0;0.481546;0.618113;0
0;0.753205;0.679877;0
0;0.351636;0.587014;0
0;0.500035;0.622468;0
0;0.690779;0.66614;0
0;0.592002;0.643824;0
0;0.428376;0.605486;0
0;0.584471;0.642096;0
0;0.482273;0.618284;0
0;0.517054;0.626459;0
0;0.629594;0.652397;0
0;0.623865;0.651097;0
0;0.492117;0.620605;0
0;0.567797;0.638255;0
0;0.537452;0.631219;0
0;0.28136;0.56988;0
0;0.531288;0.629783;0
0;0.71223;0.670894;0
0;0.587381;0.642764;0
0;0.674687;0.662552;0
0;0.732911;0.675444;0
0;0.555881;0.635499;0
0;0.631456;0.65282;0
0;0.379298;0.593704;0
0;0.535636;0.630797;0
0;0.684213;0.664678;0
0;0.608635;0.647629;0
0;0.54469;0.632903;0
0;0.605502;0.646914;0
0;0.636738;0.654016;0
0;0.677422;0.663163;0
0;0.520722;0.627317;0
0;0.73254;0.675362;0
0;0.586269;0.642509;0
0;0.696611;0.667436;0
0;0.395986;0.597723;0
0;0.530031;0.62949;0
0;0.662256;0.659767;0
0;0.607955;0.647474;0
0;0.513195;0.625555;0
0;0.36483;0.590209;0
0;0.59298;0.644049;0
0;0.602747;0.646284;0
0;0.582131;0.641558;0
0;0.476223;0.616856;0
0;0.594283;0.644347;0
0;0.408089;0.60063;0
0;0.460111;0.613041;0
0;0.571693;0.639154;0
0;0.63981;0.65471;0
0;0.586976;0.642671;0
0;0.825157;0.69533;0
0;0.767062;0.682885;0
0;0.510463;0.624915;0
0;0.596405;0.644833;0
0;0.678032;0.663299;0
0;0.555165;0.635333;0
0;0.577219;0.640427;0
0;0.766317;0.682724;0
0;0.673359;0.662255;0
0;0.554877;0.635266;0
0;0.683614;0.664545;0
0;0.611509;0.648285;0
0;0.67829;0.663357;0
0;0.578584;0.640742;0
0;0.503786;0.623349;0
0;0.643812;0.655615;0
0;0.792418;0.68835;0
0;0.508642;0.624488;0
0;0.578179;0.640648;0
0;0.884946;0.707846;0
0;0.653728;0.65785;0
0;0.574329;0.639761;0
0;0.451183;0.61092;0
0;0.599931;0.645641;0
0;0.566977;0.638065;0
0;0.619322;0.650064;0
0;0.696502;0.667412;0
0;0.571163;0.639031;0
0;0.662105;0.659733;0
0;0.864548;0.70361;0
0;0.698053;0.667756;0
0;0.649246;0.656841;0
0;0.637271;0.654136;0
0;0.584671;0.642142;0
0;0.504988;0.623631;0
0;0.624267;0.651188;0
0;0.894129;0.709741;0
0;0.898721;0.710687;0
0;0.919479;0.714936;0
0;0.873218;0.705415;0
0;0.914739;0.713969;0
0;0.762186;0.681828;0
0;0.782806;0.686284;0
0;1.00389;0.731822;0
0;0.88165;0.707164;0
0;0.971711;0.72546;0
0;0.996391;0.730348;0
0;0.839887;0.698441;0
0;0.833054;0.697;0
0;0.843871;0.69928;0
0;0.730607;0.674939;0
0;0.777522;0.685146;0
0;0.754182;0.680089;0
0;0.889806;0.70885;0
0;0.881466;0.707126;0
0;0.674154;0.662433;0
0;0.734497;0.675791;0
0;0.748354;0.67882;0
0;0.858118;0.702267;0
0;0.675567;0.662749;0
0;0.653457;0.657789;0
0;0.673946;0.662386;0
0;0.680567;0.663865;0
0;0.766698;0.682806;0
0;0.790669;0.687975;0
0;0.659612;0.659173;0
0;0.759191;0.681178;0
0;0.670853;0.661694;0
0;0.780904;0.685875;0
0;0.767139;0.682902;0
0;0.686597;0.66521;0
0;0.844978;0.699513;0
0;0.667746;0.660998;0
0;0.719551;0.672508;0
0;0.679853;0.663706;0
0;0.732916;0.675445;0
0;0.898029;0.710544;0
0;0.832185;0.696817;0
0;0.742855;0.67762;0
0;0.78865;0.687541;0
0;0.762912;0.681986;0
0;0.746713;0.678462;0
0;0.842056;0.698898;0
0;0.706529;0.669634;0
0;0.814101;0.692983;0
0;0.814084;0.692979;0
0;0.723818;0.673447;0
0;0.783924;0.686525;0
0;0.65793;0.658795;0
0;0.71993;0.672592;0
0;0.749022;0.678966;0
0;0.84192;0.698869;0
0;0.90421;0.711814;0
0;0.810519;0.69222;0
0;0.69712;0.667549;0
0;0.826229;0.695557;0
0;0.763552;0.682124;0
0;0.82074;0.694393;0
0;0.784023;0.686547;0
0;0.785322;0.686826;0
0;0.749577;0.679086;0
0;0.821295;0.694511;0
0;-1.53747;0.176903;1
0;-0.0681171;0.482977;1
0;-1.23196;0.225838;1
0;0.687224;0.665349;0
0;0.54586;0.633175;0
0;0.15465;0.538586;0
0;-0.602717;0.353722;1
0;0.346011;0.58565;0
0;1.01452;0.733903;0
0;1.17932;0.764826;0
0;1.10987;0.752105;0
0;1.10563;0.751313;0
0;1.13017;0.75587;0
0;1.0437;0.739563;0
0;1.24325;0.776129;0
0;1.04262;0.739355;0
0;0.994716;0.730018;0
0;1.14868;0.759271;0
0;1.02711;0.736355;0
0;0.955979;0.722316;0
0;1.08121;0.746723;0
0;1.15018;0.759544;0
0;1.02649;0.736235;0
0;1.14813;0.759168;0
0;0.706787;0.669691;0
0;1.1252;0.754951;0
0;1.00781;0.732592;0
0;0.988712;0.728833;0
0;1.15411;0.760262;0
0;1.11501;0.753062;0
0;1.17921;0.764806;0
0;0.468928;0.61513;0
0;0.649877;0.656983;0
0;1.05889;0.742479;0
0;1.08892;0.748178;0
0;0.988333;0.728759;0
0;0.958869;0.722895;0
0;1.0297;0.736858;0
0;1.03004;0.736924;0
0;1.01904;0.734786;0
0;0.938641;0.718825;0
0;1.09061;0.748497;0
0;1.00487;0.732014;0
0;0.889788;0.708847;0
0;0.95483;0.722086;0
0;1.00719;0.73247;0
0;0.898232;0.710586;0
0;1.15666;0.760724;0
0;1.06607;0.74385;0
0;0.878977;0.70661;0
0;1.0003;0.731117;0
0;1.19922;0.768386;0
0;0.880527;0.706931;0
0;0.887007;0.708272;0
0;1.08536;0.747506;0
0;0.602527;0.646234;0
0;0.744603;0.678002;0
0;0.883966;0.707644;0
0;0.958997;0.722921;0
0;0.588589;0.643041;0
0;0.745044;0.678098;0
0;0.88398;0.707646;0
0;1.0384;0.738541;0
0;0.96854;0.724828;0
0;0.807304;0.691535;0
0;1.05782;0.742273;0
0;0.836192;0.697663;0
0;1.13531;0.756818;0
0;0.862088;0.703097;0
0;0.879781;0.706777;0
0;1.15966;0.761272;0
0;1.09024;0.748427;0
0;1.01038;0.733095;0
0;0.887676;0.70841;0
0;1.05515;0.741763;0
0;1.11269;0.75263;0
0;0.89919;0.710783;0
0;0.979095;0.726929;0
0;0.965674;0.724256;0
0;0.949637;0.721042;0
0;0.964278;0.723978;0
0;0.901706;0.7113;0
0;1.15988;0.761311;0
0;1.09192;0.748744;0
0;1.0521;0.741178;0
0;0.975403;0.726195;0
0;1.05732;0.742179;0
0;0.964678;0.724057;0
0;0.913279;0.713671;0
0;0.9282;0.71671;0
0;0.952053;0.721528;0
0;0.962063;0.723535;0
0;0.890152;0.708922;0
0;0.965095;0.724141;0
0;0.995452;0.730163;0
0;1.0248;0.735906;0
0;0.910978;0.7132;0
0;0.995031;0.73008;0
0;1.02111;0.735188;0
0;0.959194;0.72296;0
0;0.928468;0.716764;0
0;1.01448;0.733895;0
0;0.967437;0.724608;0
0;1.16212;0.761718;0
0;0.983762;0.727854;0
0;0.974756;0.726066;0
0;0.882866;0.707416;0
0;0.952617;0.721641;0
0;0.849724;0.700509;0
0;0.897802;0.710498;0
0;0.879974;0.706817;0
0;0.972949;0.725707;0
0;0.950444;0.721204;0
0;1.03853;0.738565;0
0;0.960249;0.723172;0
0;0.941019;0.719305;0
0;1.02211;0.735383;0
0;0.968329;0.724786;0
0;0.999671;0.730994;0
0;0.899242;0.710794;0
0;1.03863;0.738585;0
0;0.86144;0.702962;0
0;0.968427;0.724806;0
0;1.04846;0.74048;0
0;0.962484;0.723619;0
0;1.10646;0.751468;0
0;0.981974;0.7275;0
0;1.00778;0.732585;0
0;1.07176;0.744932;0
0;0.978495;0.72681;0
0;0.956073;0.722335;0
0;1.02774;0.736477;0
0;1.08967;0.74832;0
0;1.02465;0.735878;0
0;0.915846;0.714195;0
0;0.925667;0.716195;0
0;1.01239;0.733488;0
0;0.986126;0.728322;0
0;1.01283;0.733573;0
0;1.03177;0.737258;0
0;1.0011;0.731275;0
0;0.985609;0.72822;0
0;1.08337;0.747132;0
0;1.16521;0.762277;0
0;1.06806;0.744227;0
0;1.02578;0.736098;0
0;0.615244;0.649136;0
0;0.878701;0.706553;0
0;0.583134;0.641788;0
0;0.502928;0.623147;0
0;0.817254;0.693653;0
0;0.680508;0.663852;0
0;0.505006;0.623635;0
0;0.727488;0.674254;0
0;0.993006;0.729681;0
0;0.738489;0.676665;0
0;0.930268;0.71713;0
0;1.00062;0.73118;0
0;0.998389;0.730742;0
0;0.861814;0.70304;0
0;0.63847;0.654407;0
0;0.902773;0.711519;0
0;0.628641;0.652181;0
0;0.512869;0.625479;0
0;0.879223;0.706661;0
0;0.722487;0.673154;0
0;0.751746;0.679559;0
0;0.255197;0.563455;0
0;0.944725;0.720053;0
0;0.987017;0.728498;0
0;0.554439;0.635165;0
0;0.591092;0.643616;0
0;0.488973;0.619864;0
0;0.595347;0.644591;0
0;0.724837;0.673671;0
0;0.831614;0.696696;0
0;0.72646;0.674028;0
0;0.626403;0.651673;0
0;0.656107;0.658385;0
0;0.458175;0.612581;0
0;0.45034;0.61072;0
0;0.265337;0.565948;0
0;0.652527;0.65758;0
0;0.290921;0.572222;0
0;0.504155;0.623435;0
0;0.992823;0.729645;0
0;0.921438;0.715335;0
0;0.951438;0.721404;0
0;0.935841;0.718259;0
0;0.434992;0.607065;0
0;0.566499;0.637955;0
0;0.691752;0.666357;0
0;0.567729;0.638239;0
0;0.855238;0.701665;0
0;0.837228;0.697881;0
0;0.770748;0.683683;0
0;0.894613;0.709841;0
0;0.575665;0.640069;0
0;0.722305;0.673114;0
0;0.71278;0.671015;0
0;0.841803;0.698845;0
0;0.603388;0.646431;0
0;0.364766;0.590194;0
0;0.941757;0.719454;0
0;0.890697;0.709034;0
0;0.989519;0.728993;0
0;0.802004;0.690403;0
0;0.741818;0.677393;0
0;0.927639;0.716596;0
0;0.842411;0.698973;0
0;0.969613;0.725042;0
0;0.714217;0.671332;0
0;0.650334;0.657086;0
0;0.424036;0.604449;0
0;0.437901;0.607759;0
0;-0.0375208;0.490621;1
0;0.0645343;0.516128;0
0;0.10614;0.52651;0
0;0.0144632;0.503616;0
0;0.158181;0.539463;0
0;0.0257056;0.506426;0
0;-0.043861;0.489037;1
0;0.410203;0.601137;0
0;0.510258;0.624867;0
0;0.398544;0.598338;0
0;0.343473;0.585034;0
0;0.489969;0.620099;0
0;-0.403128;0.400561;1
0;-0.791862;0.311769;1
0;0.47625;0.616862;0
0;0.466175;0.614478;0
0;0.438108;0.607808;0
0;0.502882;0.623136;0
0;0.432771;0.606535;0
0;0.544505;0.63286;0
0;0.45062;0.610787;0
0;0.443838;0.609173;0
0;0.48742;0.619499;0
0;0.405764;0.600072;0
0;0.284213;0.570579;0
0;0.490751;0.620283;0
0;0.506991;0.624101;0
0;0.597059;0.644983;0
0;0.330731;0.581937;0
0;0.535937;0.630867;0
0;0.483941;0.618678;0
0;0.444502;0.609331;0
0;0.300631;0.574597;0
0;0.437211;0.607594;0
0;0.340417;0.584292;0
0;0.538095;0.631369;0
0;0.526605;0.628691;0
0;0.436487;0.607422;0
0;0.417943;0.602991;0
0;0.593499;0.644168;0
0;0.219319;0.554611;0
0;0.246063;0.561207;0
0;0.238663;0.559384;0
0;0.364699;0.590177;0
0;0.424564;0.604575;0
0;0.415457;0.602396;0
0;0.140884;0.535163;0
0;0.463272;0.61379;0
0;0.496561;0.621651;0
0;0.198247;0.5494;0
0;-0.262096;0.434848;1
0;0.0262211;0.506555;0
0;0.331284;0.582072;0
0;0.467292;0.614743;0
0;0.193947;0.548335;0
0;0.309425;0.576745;0
0;0.320303;0.579398;0
0;1.2627;0.77949;0
0;1.35954;0.795685;0
0;1.29923;0.785706;0
0;1.46577;0.812413;0
0;1.35833;0.795489;0
0;1.25503;0.77817;0
0;1.14848;0.759233;0
0;1.35441;0.794849;0
0;1.23286;0.774319;0
0;1.23682;0.775009;0
0;1.43624;0.807872;0
0;1.46182;0.811811;0
0;1.51799;0.820242;0
0;1.34546;0.793386;0
0;1.41597;0.804706;0
0;1.49162;0.816321;0
0;1.48437;0.815232;0
0;1.51321;0.819537;0
0;1.33284;0.79131;0
0;1.5103;0.819105;0
0;1.45483;0.810741;0
0;1.42684;0.806408;0
0;1.14539;0.758668;0
0;1.19405;0.767465;0
0;1.37514;0.798209;0
0;1.42552;0.806203;0
0;1.44597;0.809378;0
0;1.43852;0.808225;0
0;1.43434;0.807576;0
0;1.50792;0.818753;0
0;1.15028;0.759562;0
0;0.949949;0.721105;0
0;1.12846;0.755554;0
0;1.31421;0.788216;0
0;1.44564;0.809327;0
0;1.42929;0.806791;0
0;1.55312;0.825364;0
0;1.50134;0.817774;0
0;1.60612;0.832873;0
0;1.50172;0.817831;0
0;1.70747;0.846508;0
0;1.68325;0.843334;0
0;1.46438;0.812201;0
0;1.57081;0.827899;0
0;1.5504;0.824971;0
0;1.53657;0.822965;0
0;1.50785;0.818742;0
0;1.61585;0.834222;0
0;1.61577;0.83421;0
0;1.62116;0.834955;0
0;1.57802;0.828925;0
0;1.62522;0.835513;0
0;1.56095;0.82649;0
0;1.64535;0.838261;0
0;1.60973;0.833373;0
0;1.4761;0.813983;0
0;1.58684;0.830171;0
0;1.69364;0.844702;0
0;1.60394;0.832568;0
0;1.38605;0.799961;0
0;0.742971;0.677645;0
0;1.50191;0.817859;0
0;1.45916;0.811404;0
0;1.36027;0.795804;0
0;1.4243;0.806012;0
0;1.40615;0.803158;0
0;1.45044;0.810066;0
0;1.37984;0.798965;0
0;1.5722;0.828097;0
0;0.8268;0.695678;0
0;0.758664;0.681064;0
0;0.869508;0.704643;0
0;0.93136;0.717351;0
0;0.794685;0.688837;0
0;0.900105;0.710971;0
0;0.785558;0.686877;0
0;0.844962;0.699509;0
0;0.842049;0.698897;0
0;0.87445;0.705671;0
0;0.821837;0.694626;0
0;0.878738;0.706561;0
0;0.905051;0.711986;0
0;0.833587;0.697113;0
0;0.72694;0.674133;0
0;0.826782;0.695674;0
0;0.670095;0.661524;0
0;0.673871;0.662369;0
0;0.817524;0.693711;0
0;0.730399;0.674893;0
0;0.638979;0.654523;0
0;0.929372;0.716948;0
0;0.71811;0.672191;0
0;0.696324;0.667372;0
0;0.954684;0.722056;0
0;0.854963;0.701607;0
0;0.699677;0.668116;0
0;0.907516;0.712492;0
0;0.861467;0.702967;0
0;0.747053;0.678536;0
0;0.879217;0.70666;0
0;0.84444;0.6994;0
0;0.782318;0.68618;0
0;0.770567;0.683643;0
0;0.768076;0.683104;0
0;0.937255;0.718545;0
0;0.843267;0.699153;0
0;0.951417;0.7214;0
0;0.880976;0.707024;0
0;0.872824;0.705333;0
0;0.810029;0.692116;0
0;0.896738;0.710279;0
0;0.821076;0.694465;0
0;0.932247;0.717531;0
0;0.845405;0.699602;0
0;0.829809;0.696315;0
0;0.878547;0.706521;0
0;0.857045;0.702043;0
0;0.861645;0.703004;0
0;0.935747;0.71824;0
0;0.879911;0.706804;0
0;0.877613;0.706327;0
0;0.973197;0.725756;0
0;0.912737;0.71356;0
0;0.882132;0.707264;0
0;0.884151;0.707682;0
0;0.856173;0.701861;0
0;0.831457;0.696663;0
0;0.846955;0.699928;0
0;0.860495;0.702764;0
0;0.798534;0.689661;0
0;0.962618;0.723646;0
0;0.818527;0.693924;0
0;0.900632;0.711079;0
0;0.989334;0.728956;0
0;0.909666;0.712932;0
0;0.923667;0.715789;0
0;1.20755;0.769866;0
0;1.13694;0.757116;0
0;1.15513;0.760447;0
0;1.04226;0.739287;0
0;1.18381;0.765632;0
0;1.2802;0.782484;0
0;1.14133;0.757923;0
0;1.11118;0.752349;0
0;1.22841;0.773541;0
0;1.14182;0.758013;0
0;0.921126;0.715272;0
0;1.03453;0.737793;0
0;0.977322;0.726576;0
0;1.06303;0.74327;0
0;1.08617;0.74766;0
0;0.977356;0.726583;0
0;1.16089;0.761495;0
0;1.02887;0.736697;0
0;1.0025;0.73155;0
0;1.00749;0.732528;0
0;1.12929;0.755708;0
0;1.0685;0.744311;0
0;1.15502;0.760426;0
0;0.986462;0.728388;0
0;1.02532;0.736008;0
0;1.19161;0.767029;0
0;1.05505;0.741744;0
0;1.08288;0.747039;0
0;1.13685;0.757102;0
0;1.22349;0.772677;0
0;1.24406;0.776271;0
0;1.24425;0.776302;0
0;1.26043;0.7791;0
0;1.2213;0.772292;0
0;1.13304;0.7564;0
0;0.943375;0.719781;0
0;-0.403146;0.400557;1
0;1.12252;0.754456;0
0;-0.149678;0.46265;1
0;1.10608;0.751398;0
0;1.0878;0.747968;0
0;1.03312;0.737521;0
0;1.09866;0.750009;0
0;0.869467;0.704635;0
0;1.04293;0.739416;0
0;1.00463;0.731968;0
0;0.987933;0.72868;0
0;1.17108;0.763341;0
0;1.09512;0.749345;0
0;-0.340452;0.4157;1
0;1.06855;0.744322;0
0;1.00901;0.732827;0
0;1.21901;0.771889;0
0;1.2304;0.773889;0
0;1.05329;0.741407;0
0;1.22029;0.772115;0
0;0.967793;0.724679;0
0;1.12351;0.754639;0
0;1.14843;0.759225;0
0;1.02103;0.735173;0
0;0.962382;0.723598;0
0;0.760991;0.681569;0
0;0.935701;0.71823;0
0;1.00824;0.732676;0
0;0.938525;0.718802;0
0;0.872484;0.705262;0
0;1.55618;0.825805;0
0;1.58439;0.829826;0
0;1.49446;0.816747;0
0;1.65614;0.839719;0
0;1.51636;0.820002;0
0;1.56932;0.827687;0
0;1.48436;0.81523;0
0;1.55698;0.825919;0
0;1.59463;0.831267;0
0;1.55822;0.826098;0
0;1.60543;0.832776;0
0;1.3783;0.798718;0
0;1.5855;0.829982;0
0;1.47378;0.813632;0
0;1.44892;0.809832;0
0;1.50921;0.818944;0
0;1.42058;0.80543;0
0;1.51548;0.819872;0
0;1.40499;0.802975;0
0;1.51212;0.819375;0
0;1.43718;0.808018;0
0;1.44436;0.809129;0
0;1.48267;0.814976;0
0;1.29436;0.784884;0
0;1.50099;0.817722;0
0;1.39563;0.80149;0
0;1.44471;0.809182;0
0;1.44987;0.809979;0
0;1.51093;0.819199;0
0;1.37241;0.797769;0
0;1.51724;0.820132;0
0;1.47528;0.813859;0
0;1.53395;0.822584;0
0;1.51045;0.819129;0
0;1.42212;0.805671;0
0;1.55184;0.825179;0
0;1.61642;0.834301;0
0;1.60988;0.833395;0
0;1.57491;0.828482;0
0;1.54366;0.823996;0
0;1.55763;0.826013;0
0;1.54046;0.823531;0
0;1.52501;0.821274;0
0;1.5972;0.831627;0
0;1.58416;0.829793;0
0;1.5452;0.824219;0
0;1.74417;0.851216;0
0;1.71102;0.846968;0
0;1.58298;0.829626;0
0;1.49171;0.816334;0
0;1.62004;0.834801;0
0;1.63613;0.837008;0
0;1.67704;0.842512;0
0;1.7795;0.855635;0
0;1.83005;0.861768;0
0;1.57214;0.828088;0
0;1.54868;0.824723;0
0;1.63057;0.836248;0
0;1.59523;0.83135;0
0;1.53999;0.823463;0
0;1.57233;0.828115;0
0;1.56644;0.827275;0
0;1.71501;0.847485;0
0;1.66612;0.841057;0
0;1.70615;0.846336;0
0;1.55465;0.825584;0
0;1.58169;0.829444;0
0;1.69864;0.845357;0
0;1.70826;0.846611;0
0;0.478444;0.61738;0
0;0.553397;0.634923;0
0;0.684133;0.664661;0
0;0.68832;0.665593;0
0;0.487684;0.619561;0
0;0.473435;0.616196;0
0;0.509083;0.624591;0
0;0.4321;0.606375;0
0;0.487964;0.619627;0
0;0.416993;0.602763;0
0;0.759006;0.681138;0
0;0.719007;0.672388;0
0;0.478651;0.617429;0
0;0.368993;0.591216;0
0;0.62734;0.651886;0
0;0.632965;0.653161;0
0;0.59438;0.644369;0
0;0.43109;0.606134;0
0;0.546703;0.63337;0
0;0.736728;0.67628;0
0;0.664398;0.660248;0
0;0.622095;0.650695;0
0;0.396607;0.597872;0
0;0.532349;0.630031;0
0;0.413233;0.601863;0
0;0.422126;0.603992;0
0;0.163239;0.540719;0
0;0.307192;0.5762;0
0;0.422978;0.604196;0
0;0.254976;0.563401;0
0;0.493874;0.621019;0
0;0.595427;0.644609;0
0;0.439906;0.608237;0
0;0.561823;0.636874;0
0;0.439149;0.608056;0
0;0.628065;0.652051;0
0;0.510791;0.624992;0
0;0.871198;0.704995;0
0;0.651094;0.657257;0
0;0.751335;0.679469;0
0;0.549874;0.634106;0
0;0.618755;0.649935;0
0;0.611366;0.648252;0
0;0.716575;0.671852;0
0;0.638465;0.654406;0
0;0.588765;0.643082;0
0;0.430416;0.605973;0
0;0.575013;0.639919;0
0;0.453097;0.611375;0
0;0.469066;0.615163;0
0;0.516674;0.62637;0
0;0.588852;0.643102;0
0;0.559555;0.63635;0
0;0.47305;0.616105;0
0;0.472971;0.616087;0
0;0.517394;0.626538;0
0;0.600174;0.645696;0
0;0.450107;0.610665;0
0;0.551476;0.634478;0
0;0.545003;0.632976;0
0;0.55313;0.634862;0
0;0.520034;0.627156;0
0;0.444041;0.609222;0
0;0.513873;0.625714;0
0;0.574784;0.639866;0
0;0.61706;0.64955;0
0;0.466306;0.614509;0
0;1.59838;0.831792;0
0;1.55234;0.825252;0
0;1.6297;0.836128;0
0;1.65008;0.838902;0
0;1.10147;0.750536;0
0;1.52511;0.821289;0
0;1.59215;0.830919;0
0;1.56572;0.827173;0
0;1.46097;0.811681;0
0;1.35769;0.795384;0
0;1.45466;0.810715;0
0;1.4581;0.811242;0
0;1.49541;0.816889;0
0;1.49455;0.81676;0
0;1.54847;0.824693;0
0;1.54324;0.823935;0
0;1.56035;0.826404;0
0;1.59332;0.831083;0
0;1.58371;0.829729;0
0;1.55993;0.826344;0
0;1.56679;0.827325;0
0;1.60996;0.833406;0
0;1.64044;0.837594;0
0;1.50403;0.818175;0
0;1.5236;0.821068;0
0;1.51332;0.819552;0
0;1.56447;0.826994;0
0;1.64386;0.83806;0
0;1.47944;0.814488;0
0;1.56383;0.826902;0
0;1.57498;0.828493;0
0;1.46205;0.811846;0
0;1.39155;0.80084;0
0;1.53717;0.823052;0
0;1.4461;0.809398;0
0;1.50212;0.81789;0
0;1.46516;0.81232;0
0;1.37752;0.798593;0
0;1.53097;0.822148;0
0;1.62743;0.835817;0
0;1.42799;0.806588;0
0;1.50947;0.818982;0
0;1.5799;0.82919;0
0;1.52397;0.821122;0
0;1.45623;0.810955;0
0;1.36178;0.796049;0
0;1.60145;0.83222;0
0;1.36448;0.796487;0
0;1.5751;0.828509;0
0;1.63933;0.837443;0
0;1.52606;0.821429;0
0;1.60836;0.833183;0
0;1.33844;0.792234;0
0;1.49805;0.817283;0
0;1.5591;0.826224;0
0;1.35058;0.794225;0
0;1.5561;0.825794;0
0;1.53357;0.822527;0
0;1.46885;0.812883;0
0;1.51431;0.819699;0
0;1.47571;0.813924;0
0;1.43673;0.807948;0
0;1.60291;0.832425;0
0;1.59724;0.831632;0
0;1.24997;0.777294;0
0;1.54762;0.824569;0
0;1.2461;0.776625;0
0;1.15611;0.760625;0
0;1.34725;0.79368;0
0;1.33202;0.791174;0
0;1.26802;0.780404;0
0;1.26828;0.780448;0
0;1.36659;0.796828;0
0;1.13576;0.7569;0
0;1.25791;0.778667;0
0;1.36694;0.796885;0
0;1.29657;0.785258;0
0;1.26753;0.780319;0
0;1.08658;0.747737;0
0;1.24142;0.77581;0
0;1.27594;0.781758;0
0;1.26901;0.780574;0
0;1.28684;0.783611;0
0;1.3269;0.790328;0
0;1.28354;0.783052;0
0;0.997285;0.730524;0
0;1.18039;0.765017;0
0;1.31128;0.787726;0
0;1.2633;0.779594;0
0;0.794413;0.688778;0
0;1.2037;0.769181;0
0;1.22016;0.772093;0
0;1.21389;0.770987;0
0;1.28977;0.784109;0
0;1.11163;0.752433;0
0;1.24475;0.776389;0
0;1.31039;0.787579;0
0;1.24575;0.776564;0
0;1.22731;0.773348;0
0;1.20486;0.769389;0
0;1.22842;0.773542;0
0;1.24086;0.775714;0
0;1.26099;0.779197;0
0;1.23486;0.774668;0
0;1.27212;0.781105;0
0;1.17715;0.764435;0
0;1.26752;0.780318;0
0;1.0852;0.747477;0
0;1.27359;0.781356;0
0;1.29926;0.785711;0
0;1.25401;0.777994;0
0;1.29409;0.784839;0
0;1.29572;0.785114;0
0;1.22684;0.773265;0
0;1.2851;0.783316;0
0;1.23465;0.774632;0
0;1.23471;0.774643;0
0;1.20966;0.770239;0
0;1.17073;0.763277;0
0;1.21203;0.770658;0
0;1.14765;0.759081;0
0;1.25359;0.777921;0
0;1.25407;0.778003;0
0;1.24409;0.776275;0
0;1.25959;0.778955;0
0;1.16037;0.761401;0
0;1.24222;0.77595;0
0;1.27484;0.78157;0
0;1.26499;0.779883;0
0;1.18765;0.766321;0
0;1.30214;0.786195;0
0;1.21828;0.77176;0
0;1.20864;0.770059;0
0;0.993301;0.729739;0
0;0.741552;0.677335;0
0;0.980169;0.727142;0
0;0.965119;0.724146;0
0;0.972865;0.72569;0
0;0.802404;0.690488;0
0;0.995434;0.73016;0
0;0.949652;0.721045;0
0;0.959886;0.723099;0
0;1.09571;0.749456;0
0;0.971255;0.725369;0
0;0.966268;0.724375;0
0;0.977585;0.726629;0
0;0.905772;0.712134;0
0;0.906935;0.712373;0
0;0.998372;0.730738;0
0;0.98791;0.728675;0
0;0.949894;0.721094;0
0;1.20843;0.770021;0
0;1.22822;0.773506;0
0;1.39317;0.801098;0
0;1.08081;0.746646;0
0;1.25716;0.778537;0
0;1.18978;0.766701;0
0;1.20187;0.768858;0
0;1.25626;0.778382;0
0;1.31042;0.787583;0
0;0.884052;0.707661;0
0;1.27506;0.781608;0
0;1.3136;0.788115;0
0;1.28566;0.783412;0
0;1.24492;0.776419;0
0;1.36641;0.7968;0
0;1.27224;0.781126;0
0;1.00688;0.732409;0
0;1.24177;0.775873;0
0;1.15535;0.760487;0
0;1.22442;0.772841;0
0;1.33427;0.791547;0
0;1.43907;0.80831;0
0;1.42374;0.805924;0
0;1.34849;0.793882;0
0;1.33841;0.792228;0
0;1.16411;0.762079;0
0;1.4151;0.80457;0
0;1.25468;0.778109;0
0;1.33627;0.791876;0
0;1.27786;0.782085;0
0;1.27623;0.781808;0
0;1.26877;0.780532;0
0;1.14349;0.758319;0
0;1.31561;0.78845;0
0;1.35516;0.794972;0
0;1.2996;0.785768;0
0;1.28854;0.783901;0
0;1.30163;0.78611;0
0;1.19463;0.767568;0
0;1.21625;0.771402;0
0;1.19661;0.767921;0
0;1.0947;0.749266;0
0;1.26608;0.780072;0
0;1.30433;0.786563;0
0;1.30402;0.78651;0
0;1.40564;0.803078;0
0;1.31418;0.788212;0
0;1.31126;0.787724;0
0;1.35283;0.794591;0
0;1.33261;0.791272;0
0;1.17118;0.763358;0
0;0.782829;0.686289;0
0;0.870701;0.704892;0
0;0.710583;0.67053;0
0;0.826544;0.695624;0
0;0.859612;0.70258;0
0;0.747838;0.678707;0
0;0.845142;0.699547;0
0;0.518783;0.626863;0
0;0.747159;0.678559;0
0;0.673353;0.662254;0
0;0.791528;0.688159;0
0;0.74793;0.678728;0
0;0.920767;0.715198;0
0;0.813451;0.692844;0
0;0.767949;0.683077;0
0;0.811113;0.692347;0
0;0.906898;0.712365;0
0;0.843913;0.699289;0
0;0.936608;0.718414;0
0;1.02574;0.73609;0
0;0.77434;0.684459;0
0;0.781485;0.686;0
0;0.871144;0.704984;0
0;0.770374;0.683602;0
0;0.912705;0.713553;0
0;0.676354;0.662924;0
0;0.738477;0.676663;0
0;0.901635;0.711285;0
0;0.779303;0.68553;0
0;0.813169;0.692784;0
0;0.780527;0.685794;0
0;0.934301;0.717947;0
0;0.889865;0.708862;0
0;0.895181;0.709958;0
0;1.03763;0.738393;0
0;0.84354;0.69921;0
0;0.887313;0.708335;0
0;0.978408;0.726792;0
0;0.633054;0.653182;0
0;0.875777;0.705946;0
0;0.948693;0.720852;0
0;0.936701;0.718433;0
0;0.912267;0.713464;0
0;0.705612;0.669431;0
0;0.529971;0.629476;0
0;0.603995;0.64657;0
0;0.562746;0.637088;0
0;0.65194;0.657448;0
0;0.964211;0.723964;0
0;0.592468;0.643931;0
0;0.95239;0.721596;0
0;0.930947;0.717267;0
0;0.967669;0.724655;0
0;0.924296;0.715917;0
0;0.880201;0.706864;0
0;0.841001;0.698676;0
0;0.981473;0.7274;0
0;0.846401;0.699812;0
0;0.921844;0.715418;0
0;0.941288;0.71936;0
0;0.646872;0.656305;0
0;0.839336;0.698325;0
0;0.794882;0.688879;0
0;0.892808;0.709469;0
0;0.742505;0.677543;0
0;0.803121;0.690642;0
0;1.39396;0.801224;0
0;1.41286;0.804217;0
0;1.43799;0.808144;0
0;1.50286;0.818001;0
0;1.13839;0.757384;0
0;1.3611;0.795938;0
0;1.45883;0.811354;0
0;1.35827;0.795479;0
0;1.32358;0.789777;0
0;1.48053;0.814653;0
0;1.25693;0.778497;0
0;1.2217;0.772362;0
0;1.50471;0.818276;0
0;1.35766;0.795379;0
0;1.47244;0.813429;0
0;1.28865;0.783918;0
0;1.2994;0.785735;0
0;1.30579;0.786807;0
0;1.28822;0.783846;0
0;1.27102;0.780918;0
0;1.60436;0.832627;0
0;1.3103;0.787563;0
0;1.33366;0.791446;0
0;1.41999;0.805337;0
0;1.45337;0.810516;0
0;1.24559;0.776535;0
0;1.4223;0.805699;0
0;1.32904;0.790683;0
0;1.3173;0.788733;0
0;1.25049;0.777385;0
0;1.17362;0.763798;0
0;1.27502;0.781601;0
0;1.14114;0.757888;0
0;1.18018;0.764979;0
0;1.35223;0.794493;0
0;1.28626;0.783514;0
0;1.31599;0.788513;0
0;1.28367;0.783073;0
0;1.204;0.769235;0
0;1.26681;0.780196;0
0;1.39066;0.800698;0
0;1.38651;0.800035;0
0;1.27575;0.781725;0
0;1.17849;0.764676;0
0;1.30345;0.786415;0
0;1.37628;0.798392;0
0;1.36167;0.796031;0
0;1.23882;0.775358;0
0;1.26985;0.780717;0
0;1.30168;0.786118;0
0;1.25464;0.778103;0
0;1.28596;0.783463;0
0;1.18863;0.766496;0
0;1.11135;0.75238;0
0;1.31047;0.787591;0
0;1.45606;0.810929;0
0;1.24177;0.775872;0
0;1.29031;0.7842;0
0;0.976964;0.726505;0
0;1.17207;0.763519;0
0;1.13376;0.756532;0
0;1.2121;0.770671;0
0;1.22659;0.773221;0
0;1.25858;0.778781;0
0;1.34915;0.793991;0
0;1.27008;0.780757;0
0;1.12246;0.754445;0
0;1.24028;0.775613;0
0;1.15037;0.759579;0
0;1.04289;0.739407;0
0;1.01153;0.733319;0
0;0.883436;0.707534;0
0;0.953588;0.721836;0
0;1.09247;0.748847;0
0;1.03113;0.737135;0
0;0.999902;0.731039;0
0;1.04626;0.740056;0
0;0.984499;0.728;0
0;1.07774;0.746066;0
0;1.02509;0.735963;0
0;1.1275;0.755377;0
0;1.0521;0.741178;0
0;1.10806;0.751767;0
0;1.07936;0.746372;0
0;0.974345;0.725985;0
0;0.95918;0.722958;0
0;0.897711;0.710479;0
0;1.04391;0.739604;0
0;1.06674;0.743977;0
0;0.986504;0.728397;0
0;1.20208;0.768894;0
0;1.06045;0.742776;0
0;1.11973;0.753939;0
0;1.17562;0.764159;0
0;1.06011;0.742712;0
0;1.014;0.733803;0
0;0.952774;0.721673;0
0;0.956889;0.722499;0
0;1.00007;0.731072;0
0;0.994784;0.730032;0
0;1.07059;0.744709;0
0;1.07485;0.745518;0
0;0.955571;0.722234;0
0;1.06213;0.743096;0
0;1.01124;0.733263;0
0;1.04488;0.739791;0
0;1.06962;0.744525;0
0;1.04963;0.740704;0
0;0.900405;0.711033;0
0;0.954283;0.721976;0
0;1.03135;0.737178;0
0;0.966984;0.724518;0
0;0.850542;0.700681;0
0;0.786233;0.687022;0
0;0.952791;0.721676;0
0;0.871167;0.704988;0
0;1.03993;0.738836;0
0;1.09909;0.75009;0
0;1.03411;0.737712;0
0;0.907176;0.712422;0
0;0.904804;0.711936;0
0;0.858318;0.702309;0
0;0.770395;0.683606;0
0;0.94172;0.719447;0
0;0.859614;0.70258;0
0;0.912712;0.713555;0
0;0.923458;0.715746;0
0;1.00737;0.732505;0
0;0.86345;0.703381;0
0;0.948728;0.720859;0
0;1.13672;0.757077;0
0;1.01223;0.733456;0
0;1.0032;0.731688;0
0;0.980441;0.727196;0
0;0.92698;0.716462;0
0;1.14164;0.757981;0
0;0.879032;0.706622;0
0;0.942282;0.71956;0
0;0.927192;0.716505;0
0;0.895191;0.70996;0
0;0.935555;0.718201;0
0;1.39843;0.801935;0
0;1.40254;0.802586;0
0;1.41231;0.80413;0
0;1.44968;0.809949;0
0;1.43504;0.807686;0
0;1.42544;0.80619;0
0;1.48276;0.814989;0
0;1.40079;0.80231;0
0;1.56118;0.826523;0
0;1.5807;0.829304;0
0;1.5703;0.827826;0
0;1.46597;0.812445;0
0;1.53189;0.822283;0
0;1.59376;0.831145;0
0;1.43732;0.80804;0
0;1.55294;0.825338;0
0;1.53496;0.822731;0
0;1.5341;0.822605;0
0;1.59952;0.831951;0
0;1.5906;0.8307;0
0;1.48241;0.814936;0
0;1.52434;0.821176;0
0;1.60711;0.833009;0
0;1.76303;0.853588;0
0;1.82152;0.860749;0
0;1.75781;0.852936;0
0;1.5534;0.825404;0
0;1.57668;0.828734;0
0;1.57603;0.828641;0
0;1.58401;0.829771;0
0;1.67277;0.841945;0
0;1.47627;0.814009;0
0;1.66993;0.841567;0
0;1.61595;0.834236;0
0;1.57154;0.828003;0
0;1.60812;0.83315;0
0;1.55894;0.826201;0
0;1.59394;0.83117;0
0;1.64685;0.838466;0
0;1.57514;0.828516;0
0;1.52601;0.821421;0
0;1.3727;0.797816;0
0;1.48848;0.815851;0
0;1.54982;0.824887;0
0;1.66294;0.840633;0
0;1.54794;0.824615;0
0;1.43915;0.808324;0
0;1.51828;0.820285;0
0;1.50163;0.817817;0
0;1.60248;0.832365;0
0;1.51047;0.81913;0
0;1.58304;0.829634;0
0;1.64078;0.837642;0
0;1.76591;0.853948;0
0;1.65497;0.839562;0
0;1.57334;0.828259;0
0;1.48771;0.815735;0
0;1.56301;0.826785;0
0;1.6324;0.836499;0
0;1.62087;0.834915;0
0;1.67748;0.84257;0
0;1.4992;0.817455;0
0;1.77499;0.855078;0
0;1.71895;0.847993;0
0;1.8097;0.859325;0
0;1.62342;0.835267;0
0;1.47632;0.814016;0
0;1.71553;0.847552;0
0;1.61162;0.833636;0
0;1.59886;0.831859;0
0;1.42532;0.806171;0
0;1.73994;0.850679;0
0;1.6821;0.843182;0
0;1.09202;0.748762;0
0;0.707292;0.669803;0
0;0.803659;0.690757;0
0;0.843148;0.699128;0
0;1.08967;0.74832;0
0;0.910613;0.713126;0
0;0.273489;0.567949;0
0;0.768996;0.683304;0
0;0.781838;0.686076;0
0;0.951786;0.721474;0
0;1.04518;0.739848;0
0;0.715368;0.671586;0
0;0.814082;0.692979;0
0;1.19316;0.767305;0
0;1.08292;0.747047;0
0;0.933511;0.717787;0
0;0.951345;0.721386;0
0;0.9117;0.713348;0
0;1.01633;0.734257;0
0;0.604479;0.64668;0
0;0.994103;0.729897;0
0;1.06365;0.743387;0
0;0.990343;0.729156;0
0;0.598369;0.645283;0
0;0.780805;0.685854;0
0;0.745341;0.678163;0
0;0.732395;0.675331;0
0;0.584559;0.642116;0
0;0.939205;0.718939;0
0;0.890096;0.70891;0
0;1.03293;0.737484;0
0;0.775163;0.684637;0
0;1.14757;0.759067;0
0;0.848827;0.700321;0
0;0.687485;0.665407;0
0;0.893373;0.709586;0
0;1.04597;0.74;0
0;1.03627;0.73813;0
0;1.14527;0.758646;0
0;0.860307;0.702725;0
0;0.467474;0.614786;0
0;0.458888;0.61275;0
0;0.636184;0.65389;0
0;0.516108;0.626237;0
0;0.969721;0.725064;0
0;1.03836;0.738533;0
0;0.484054;0.618705;0
0;0.6424;0.655296;0
0;0.824182;0.695123;0
0;0.664954;0.660372;0
0;0.653298;0.657753;0
0;0.892163;0.709336;0
0;1.00316;0.731679;0
0;0.780578;0.685805;0
0;0.773111;0.684193;0
0;0.624901;0.651332;0
0;0.421524;0.603848;0
0;0.769612;0.683437;0
0;0.672969;0.662168;0
0;0.303207;0.575226;0
0;0.627396;0.651899;0
0;1.09061;0.748497;0
0;1.01762;0.734508;0
0;0.581338;0.641375;0
0;0.899334;0.710813;0
0;0.636221;0.653899;0
0;0.718437;0.672263;0
0;0.737111;0.676364;0
0;0.729174;0.674624;0
0;0.668582;0.661186;0
0;1.21118;0.770507;0
0;1.23015;0.773844;0
0;1.24467;0.776376;0
0;1.33392;0.791488;0
0;1.19179;0.767061;0
0;1.32249;0.789596;0
0;1.24474;0.776389;0
0;1.44962;0.80994;0
0;1.21993;0.772051;0
0;1.26363;0.779651;0
0;1.39631;0.801598;0
0;1.43966;0.808402;0
0;1.29167;0.78443;0
0;1.26545;0.779963;0
0;1.37894;0.798821;0
0;1.26362;0.779648;0
0;1.23889;0.775372;0
0;1.28639;0.783535;0
0;1.29453;0.784914;0
0;1.26869;0.780518;0
0;1.19531;0.76769;0
0;1.33581;0.791801;0
0;1.29081;0.784285;0
0;1.28067;0.782564;0
0;1.1047;0.751139;0
0;1.23842;0.775288;0
0;1.24036;0.775626;0
0;1.24918;0.777157;0
0;1.24153;0.77583;0
0;1.22196;0.772409;0
0;1.26059;0.779127;0
0;1.13346;0.756478;0
0;1.19465;0.767571;0
0;1.22932;0.773699;0
0;1.13395;0.756567;0
0;1.10746;0.751656;0
0;1.33554;0.791755;0
0;1.20778;0.769906;0
0;1.20914;0.770146;0
0;1.21572;0.771309;0
0;1.1761;0.764246;0
0;1.19984;0.768497;0
0;1.27289;0.781236;0
0;1.18358;0.76559;0
0;1.19228;0.767148;0
0;1.08807;0.748018;0
0;1.15845;0.76105;0
0;1.2581;0.778699;0
0;1.12553;0.755013;0
0;0.921456;0.715339;0
0;0.0627271;0.515677;0
0;1.41325;0.804278;0
0;1.34621;0.79351;0
0;1.11314;0.752714;0
0;0.951145;0.721345;0
0;1.13671;0.757075;0
0;1.22084;0.772211;0
0;1.20052;0.768618;0
0;1.29039;0.784213;0
0;1.1867;0.766151;0
0;1.17793;0.764576;0
0;1.00803;0.732634;0
0;1.25849;0.778765;0
0;1.25682;0.778479;0
0;1.30275;0.786298;0
0;1.10851;0.751851;0
0;1.15492;0.760409;0
0;1.00907;0.732839;0
0;1.0139;0.733783;0
0;1.2108;0.77044;0
0;1.20673;0.76972;0
0;0.15955;0.539803;0
0;0.73209;0.675264;0
0;0.246701;0.561364;0
0;0.627655;0.651958;0
0;0.265247;0.565926;0
0;0.527164;0.628821;0
0;0.313518;0.577744;0
0;0.344439;0.585268;0
0;0.568063;0.638316;0
0;0.365522;0.590376;0
0;0.189098;0.547134;0
0;0.278062;0.569071;0
0;0.728571;0.674492;0
0;0.257806;0.564097;0
0;0.754072;0.680065;0
0;0.394266;0.597309;0
0;0.70883;0.670143;0
0;0.754439;0.680145;0
0;0.740829;0.677177;0
0;0.790815;0.688006;0
0;0.403856;0.599614;0
0;0.741922;0.677416;0
0;0.472971;0.616087;0
0;0.513828;0.625703;0
0;0.453171;0.611393;0
0;0.547923;0.633654;0
0;0.654929;0.65812;0
0;0.393224;0.597058;0
0;0.443437;0.609078;0
0;0.156929;0.539152;0
0;0.521284;0.627448;0
0;0.293145;0.572766;0
0;0.496409;0.621615;0
0;0.899664;0.71088;0
0;0.55521;0.635344;0
0;0.379507;0.593754;0
0;0.449504;0.610521;0
0;0.426022;0.604923;0
0;0.555974;0.635521;0
0;0.266187;0.566157;0
0;0.488973;0.619864;0
0;0.664983;0.660379;0
0;0.491064;0.620357;0
0;0.558244;0.636046;0
0;0.402142;0.599202;0
0;0.648199;0.656604;0
0;0.689668;0.665893;0
0;0.509424;0.624671;0
0;0.570026;0.638769;0
0;0.33775;0.583644;0
0;0.728676;0.674515;0
0;0.67173;0.66189;0
0;0.3935;0.597125;0
0;0.473604;0.616237;0
0;0.282349;0.570122;0
0;0.19366;0.548264;0
0;0.597567;0.6451;0
0;0.129464;0.532321;0
0;0.329081;0.581536;0
0;0.616835;0.649498;0
0;0.447785;0.610112;0
0;0.544193;0.632787;0
0;0.618607;0.649902;0
0;0.469751;0.615325;0
0;0.57161;0.639135;0
0;0.615274;0.649143;0
0;0.595027;0.644518;0
0;0.571881;0.639197;0
0;0.710368;0.670482;0
0;0.594793;0.644464;0
0;0.512186;0.625319;0
0;0.547031;0.633446;0
0;0.464238;0.614019;0
0;0.466174;0.614478;0
0;0.460548;0.613144;0
0;0.446233;0.609743;0
0;0.529999;0.629483;0
0;0.445621;0.609598;0
0;0.495711;0.621451;0
0;0.536987;0.631111;0
0;0.537152;0.63115;0
0;0.341479;0.58455;0
0;0.510975;0.625035;0
0;0.2769;0.568786;0
0;0.51;0.624806;0
0;0.425818;0.604875;0
0;0.735214;0.675949;0
0;0.565423;0.637706;0
0;0.685703;0.66501;0
0;0.361902;0.589501;0
0;0.70702;0.669742;0
0;0.596956;0.64496;0
0;0.572949;0.639443;0
0;0.604369;0.646655;0
0;0.562568;0.637046;0
0;0.604589;0.646706;0
0;0.499607;0.622367;0
0;0.527308;0.628855;0
0;0.747614;0.678659;0
0;0.59405;0.644294;0
0;0.554206;0.635111;0
0;0.554457;0.635169;0
0;0.584762;0.642162;0
0;0.540658;0.631966;0
0;0.540504;0.63193;0
0;0.547882;0.633644;0
0;0.584258;0.642047;0
0;0.620305;0.650288;0
0;0.641966;0.655198;0
0;0.591719;0.643759;0
0;0.506186;0.623912;0
0;0.523714;0.628016;0
0;0.57317;0.639494;0
0;0.67112;0.661754;0
0;0.64033;0.654828;0
0;0.722849;0.673234;0
0;0.634775;0.653571;0
0;0.391684;0.596688;0
0;0.504078;0.623417;0
0;0.467242;0.614731;0
0;0.270639;0.56725;0
0;0.465718;0.61437;0
0;0.494963;0.621275;0
0;0.635462;0.653727;0
0;0.624402;0.651219;0
0;0.626546;0.651706;0
0;0.611809;0.648353;0
0;0.577132;0.640407;0
0;0.682042;0.664194;0
0;0.415545;0.602417;0
0;0.542668;0.632433;0
0;0.450089;0.61066;0
0;0.44201;0.608738;0
0;1.28668;0.783585;0
0;1.41983;0.805312;0
0;1.29047;0.784227;0
0;1.21234;0.770712;0
0;1.08332;0.747121;0
0;1.4181;0.805041;0
0;1.28321;0.782995;0
0;1.26864;0.780509;0
0;1.11264;0.752621;0
0;1.1191;0.753822;0
0;1.21643;0.771434;0
0;1.16951;0.763057;0
0;1.09539;0.749395;0
0;1.20275;0.769014;0
0;1.21008;0.770314;0
0;1.31551;0.788433;0
0;1.10909;0.751959;0
0;1.3757;0.7983;0
0;1.22529;0.772992;0
0;0.879949;0.706812;0
0;1.46497;0.812292;0
0;1.48826;0.815817;0
0;1.3907;0.800704;0
0;1.71365;0.847309;0
0;1.28387;0.783108;0
0;1.35548;0.795023;0
0;1.3538;0.79475;0
0;1.19667;0.767932;0
0;1.4916;0.816318;0
0;1.71671;0.847704;0
0;1.57139;0.827982;0
0;1.4109;0.803908;0
0;1.60025;0.832053;0
0;1.67744;0.842565;0
0;1.78239;0.855992;0
0;1.58233;0.829534;0
0;1.31089;0.787662;0
0;1.37046;0.797454;0
0;1.33758;0.792092;0
0;1.24214;0.775937;0
0;1.17789;0.764569;0
0;1.05201;0.741161;0
0;1.42603;0.806282;0
0;1.37901;0.798832;0
0;1.30556;0.786769;0
0;1.44308;0.808932;0
0;1.59469;0.831275;0
0;1.59254;0.830972;0
0;1.49138;0.816285;0
0;1.63902;0.837402;0
0;1.36444;0.796481;0
0;1.4471;0.809552;0
0;1.71653;0.847682;0
0;1.35357;0.794713;0
0;1.66568;0.840998;0
0;1.61403;0.83397;0
0;1.73822;0.85046;0
0;1.61356;0.833905;0
0;1.61646;0.834306;0
0;1.52102;0.820689;0
0;1.34904;0.793973;0
0;1.41446;0.804469;0
0;1.55894;0.826202;0
0;1.48667;0.815578;0
0;1.51673;0.820057;0
0;1.29579;0.785126;0
0;1.11221;0.75254;0
0;1.16448;0.762145;0
0;1.25413;0.778013;0
0;1.0084;0.732707;0
0;1.23911;0.77541;0
0;1.29854;0.785589;0
0;1.32704;0.790351;0
0;1.27548;0.781679;0
0;1.41141;0.803989;0
0;1.32295;0.789672;0
0;1.26408;0.779727;0
0;1.33587;0.791811;0
0;1.04607;0.74002;0
0;1.01688;0.734365;0
0;1.34774;0.793759;0
0;1.32186;0.789492;0
0;1.24094;0.775727;0
0;1.24481;0.776401;0
0;1.35836;0.795494;0
0;1.35793;0.795423;0
0;1.07;0.744596;0
0;1.20497;0.769407;0
0;1.06066;0.742817;0
0;1.28365;0.78307;0
0;1.24514;0.776457;0
0;1.32927;0.79072;0
0;1.16183;0.761665;0
0;0.94682;0.720475;0
0;1.36061;0.795859;0
0;1.1656;0.762349;0
0;1.33576;0.791791;0
0;1.3511;0.79431;0
0;1.24824;0.776995;0
0;1.09147;0.748658;0
0;1.14693;0.75895;0
0;1.23108;0.774008;0
0;1.25284;0.77779;0
0;1.0953;0.749379;0
0;1.41354;0.804324;0
0;1.39961;0.802122;0
0;1.28135;0.78268;0
0;1.31768;0.788796;0
0;1.20377;0.769196;0
0;1.37046;0.797454;0
0;1.36989;0.797363;0
0;1.28262;0.782896;0
0;1.19118;0.766952;0
0;1.17608;0.764241;0
0;1.39218;0.80094;0
0;1.20741;0.769841;0
0;1.40774;0.803409;0
0;1.27156;0.78101;0
0;1.20356;0.769158;0
0;1.29829;0.785547;0
0;1.22731;0.773348;0
0;1.41863;0.805123;0
0;1.27359;0.781357;0
0;1.30706;0.787021;0
0;1.31984;0.789155;0
0;1.39749;0.801785;0
0;1.1982;0.768204;0
0;1.36627;0.796777;0
0;1.46034;0.811584;0
0;1.26647;0.780137;0
0;0.92628;0.71632;0
0;1.36594;0.796723;0
0;1.39901;0.802026;0
0;1.33332;0.791389;0
0;1.21492;0.771168;0
0;1.30059;0.785934;0
0;1.35673;0.795228;0
0;0.952233;0.721564;0
0;1.00615;0.732265;0
0;0.985748;0.728247;0
0;0.99148;0.72938;0
0;0.889169;0.708719;0
0;0.881286;0.707089;0
0;0.936097;0.718311;0
0;0.923607;0.715776;0
0;0.902139;0.711389;0
0;0.900614;0.711076;0
0;0.926094;0.716282;0
0;0.808524;0.691795;0
0;0.94682;0.720475;0
0;0.883528;0.707553;0
0;0.994804;0.730036;0
0;0.984862;0.728072;0
0;0.956803;0.722481;0
0;0.762999;0.682004;0
0;0.968586;0.724838;0
0;0.890678;0.70903;0
0;0.997751;0.730616;0
0;0.78888;0.687591;0
0;0.905053;0.711987;0
0;0.898578;0.710657;0
0;0.867602;0.704246;0
0;0.909774;0.712954;0
0;1.04881;0.740547;0
0;0.786019;0.686976;0
0;0.787942;0.687389;0
0;1.05965;0.742624;0
0;0.973491;0.725815;0
0;0.960956;0.723313;0
0;0.995249;0.730123;0
0;0.853071;0.701211;0
0;0.797504;0.68944;0
0;0.964822;0.724086;0
0;0.838866;0.698226;0
0;0.804608;0.690959;0
0;1.08476;0.747394;0
0;0.949207;0.720956;0
0;1.03079;0.73707;0
0;0.92871;0.716813;0
0;0.868365;0.704405;0
0;0.896734;0.710278;0
0;0.835474;0.697511;0
0;0.851093;0.700796;0
0;0.876017;0.705996;0
0;0.945475;0.720204;0
0;0.67463;0.662539;0
0;0.739065;0.676791;0
0;0.930745;0.717226;0
0;1.05255;0.741265;0
0;1.00172;0.731397;0
0;0.952089;0.721535;0
0;1.04305;0.739438;0
0;0.821965;0.694653;0
0;0.933143;0.717713;0
0;0.958188;0.722759;0
1;-1.93988;0.125661;1
1;-1.79699;0.142217;1
1;-1.68676;0.156202;1
1;-1.89964;0.13015;1
1;-1.68587;0.156319;1
1;-1.843;0.136697;1
1;-1.38306;0.200518;1
1;-1.36976;0.202658;1
1;-1.78143;0.144126;1
1;-1.41298;0.195765;1
1;-1.67346;0.157963;1
1;-1.92577;0.127219;1
1;-1.77706;0.144666;1
1;-1.86271;0.134387;1
1;-1.87206;0.133303;1
1;-1.61786;0.165501;1
1;-1.83914;0.137152;1
1;-1.75744;0.147111;1
1;-1.55524;0.17433;1
1;-1.76671;0.145951;1
1;-1.76698;0.145918;1
1;-1.73917;0.149419;1
1;-1.639;0.162601;1
1;-1.63435;0.163235;1
1;-1.86119;0.134564;1
1;-1.49827;0.182683;1
1;-1.37692;0.201505;1
1;-1.25749;0.221407;1
1;-1.57749;0.171152;1
1;-1.50782;0.181262;1
1;-1.30885;0.212679;1
1;-1.63514;0.163128;1
1;-1.37627;0.201609;1
1;-1.58256;0.170434;1
1;-1.669;0.158557;1
1;-1.46554;0.187622;1
1;-1.66102;0.159625;1
1;-1.8203;0.139398;1
1;-1.72335;0.15144;1
1;-1.6618;0.15952;1
1;-1.81391;0.140166;1
1;-1.52933;0.178092;1
1;-1.6825;0.156764;1
1;-1.76901;0.145666;1
1;-1.69269;0.155423;1
1;-1.547;0.175521;1
1;-1.50328;0.181936;1
1;-1.71445;0.152587;1
1;-1.56121;0.173474;1
1;-1.70586;0.153702;1
1;-1.66753;0.158754;1
1;-1.57126;0.172037;1
1;-1.52135;0.179263;1
1;-1.68966;0.155821;1
1;-1.77972;0.144338;1
1;-1.86066;0.134626;1
1;-1.8024;0.141559;1
1;-1.66299;0.159361;1
1;-1.71818;0.152106;1
1;-1.75203;0.147791;1
1;-1.51371;0.180389;1
1;-1.80021;0.141825;1
1;-1.44277;0.191117;1
1;-1.49921;0.182544;1
1;-1.32085;0.210677;1
1;-1.7267;0.15101;1
1;-1.33818;0.20781;1
1;-1.52122;0.179282;1
1;-1.29415;0.215152;1
1;-1.65874;0.159931;1
1;-1.07103;0.255207;1
1;-1.666;0.158958;1
1;-0.986815;0.271542;1
1;-1.71231;0.152864;1
1;-1.16898;0.23704;1
1;-1.6659;0.158971;1
1;-1.57716;0.171198;1
1;-1.69137;0.155596;1
1;-1.05324;0.258604;1
1;-1.05949;0.257406;1
1;-0.460987;0.386752;1
1;-1.18989;0.233278;1
1;-1.4759;0.186047;1
1;-1.14907;0.240659;1
1;-0.881237;0.292922;1
1;-1.16185;0.238331;1
1;-1.11535;0.246875;1
1;-1.43365;0.192531;1
1;-1.54466;0.175858;1
1;-1.51152;0.180714;1
1;-1.53975;0.176571;1
1;-1.23753;0.224866;1
1;-1.20266;0.231002;1
1;-1.36264;0.203812;1
1;-1.76341;0.146363;1
1;-1.48399;0.184825;1
1;-1.35621;0.204857;1
1;-1.15228;0.240073;1
1;-1.58611;0.169932;1
1;-1.38451;0.200285;1
1;-0.629563;0.34761;1
1;-1.89277;0.130929;1
1;-1.16581;0.237613;1
1;-0.962562;0.276365;1
1;-1.6364;0.162956;1
1;-1.04413;0.260354;1
1;-1.14132;0.242077;1
1;-1.38643;0.199978;1
1;-2.01934;0.117187;1
1;-1.69604;0.154983;1
1;-1.19907;0.231641;1
1;-1.8859;0.131712;1
1;-1.62021;0.165176;1
1;-1.83;0.138238;1
1;-1.05343;0.258568;1
1;-0.482911;0.381565;1
1;-0.735865;0.323909;1
1;-1.12367;0.245331;1
1;-0.970068;0.274867;1
1;-1.6983;0.154687;1
1;-1.82568;0.138754;1
1;-1.87473;0.132996;1
1;-1.58015;0.170775;1
1;-1.29225;0.215472;1
1;-1.689;0.155908;1
1;-1.59574;0.168578;1
1;-1.84924;0.135962;1
1;-1.70277;0.154104;1
1;-1.38134;0.200794;1
1;-1.13163;0.24386;1
1;-1.08235;0.253061;1
1;-1.22044;0.227858;1
1;-0.92772;0.283388;1
1;-0.898734;0.289311;1
1;-1.02581;0.263897;1
1;-0.818181;0.30615;1
1;-0.831434;0.303342;1
1;-1.0326;0.262579;1
1;-0.728999;0.325415;1
1;-0.815463;0.306728;1
1;-0.859429;0.297459;1
1;-0.554525;0.364815;1
1;-1.0244;0.264171;1
1;-0.908412;0.287325;1
1;-1.17807;0.2354;1
1;-0.937077;0.281491;1
1;-0.955649;0.27775;1
1;-0.998575;0.269222;1
1;-0.804119;0.309145;1
1;-0.941335;0.280631;1
1;-0.767421;0.317037;1
1;-0.389686;0.403793;1
1;-0.472544;0.384014;1
1;-0.72155;0.327052;1
1;-1.02982;0.26312;1
1;-1.05829;0.257636;1
1;-1.05465;0.258334;1
1;-1.00331;0.268291;1
1;-0.729951;0.325205;1
1;-0.99168;0.27058;1
1;-0.904176;0.288193;1
1;-1.46046;0.188397;1
1;-1.39891;0.197989;1
1;-1.6864;0.156249;1
1;-1.54283;0.176125;1
1;-1.52558;0.178641;1
1;-1.16583;0.23761;1
1;-0.72013;0.327364;1
1;-1.08385;0.252779;1
1;-1.12259;0.245531;1
1;-1.1027;0.249234;1
1;-1.0753;0.254396;1
1;-1.20258;0.231017;1
1;-1.63003;0.163826;1
1;-1.57396;0.171652;1
1;-1.54338;0.176045;1
1;-1.12643;0.24482;1
1;-0.682244;0.335761;1
1;-1.39943;0.197907;1
1;-0.82997;0.303652;1
1;-1.45621;0.189047;1
1;-1.24511;0.223548;1
1;-1.11059;0.247761;1
1;-1.19764;0.231895;1
1;-1.03783;0.26157;1
1;-1.74651;0.148488;1
1;-1.72565;0.151145;1
1;-1.68464;0.156482;1
1;-1.18931;0.233383;1
1;-1.52218;0.179141;1
1;-1.62752;0.16417;1
1;-0.748355;0.32118;1
1;-0.497161;0.378208;1
1;-0.63291;0.346851;1
1;-1.03043;0.263001;1
1;-0.773063;0.315817;1
1;-0.979708;0.27295;1
1;-0.730431;0.3251;1
1;-1.04598;0.259997;1
1;-1.14728;0.240987;1
1;-0.681359;0.335958;1
1;-1.67531;0.157718;1
1;-1.34505;0.206682;1
1;-1.04158;0.260846;1
1;-0.954572;0.277966;1
1;-0.882798;0.292598;1
1;-1.39717;0.198266;1
1;-1.51708;0.179891;1
1;-1.66052;0.159692;1
1;-1.57556;0.171425;1
1;-1.23393;0.225495;1
1;-1.70704;0.153548;1
1;-1.37931;0.20112;1
1;-0.979924;0.272907;1
1;-1.04497;0.260191;1
1;-1.83575;0.137555;1
1;-1.6769;0.157507;1
1;-1.50173;0.182168;1
1;-1.53531;0.177219;1
1;-1.53255;0.177621;1
1;-0.818952;0.305986;1
1;-1.16321;0.238085;1
1;-1.0096;0.267058;1
1;-1.10274;0.249227;1
1;-0.87723;0.293752;1
1;-1.29671;0.214719;1
1;-1.01278;0.266437;1
1;-0.719091;0.327593;1
1;-1.13015;0.244133;1
1;-1.03715;0.261701;1
1;-1.09084;0.251461;1
1;-1.12533;0.245024;1
1;-1.00903;0.26717;1
1;-0.825915;0.30451;1
1;-0.544423;0.367159;1
1;-0.949902;0.278905;1
1;-0.897049;0.289657;1
1;-1.06905;0.255584;1
1;-0.997046;0.269523;1
1;-1.28762;0.216256;1
1;-1.40262;0.197401;1
1;-1.4871;0.184357;1
1;-1.07249;0.25493;1
1;-1.47496;0.18619;1
1;-1.54974;0.175124;1
1;-1.33295;0.208672;1
1;-0.993181;0.270284;1
1;-1.34729;0.206313;1
1;-1.37611;0.201635;1
1;-1.61169;0.166354;1
1;-1.41649;0.195212;1
1;-0.811771;0.307513;1
1;-0.79076;0.312006;1
1;-0.944331;0.280026;1
1;-1.12618;0.244866;1
1;-0.720895;0.327196;1
1;-1.41066;0.19613;1
1;-1.10266;0.249241;1
1;-1.73239;0.150283;1
1;-1.12673;0.244765;1
1;-1.43601;0.192163;1
1;-1.36027;0.204197;1
1;-1.26784;0.219628;1
1;-1.16213;0.23828;1
1;-1.43369;0.192524;1
1;-1.28653;0.216442;1
1;-1.38012;0.200989;1
1;-1.78285;0.143952;1
1;-1.8192;0.13953;1
1;-1.77477;0.14495;1
1;-1.06503;0.25635;1
1;-1.1693;0.236982;1
1;-2.03416;0.115662;1
1;-1.715;0.152517;1
1;-1.00535;0.267891;1
1;-1.45494;0.189242;1
1;-1.62823;0.164073;1
1;-1.40521;0.19699;1
1;-1.39918;0.197947;1
1;-1.46977;0.186977;1
1;-1.19225;0.232856;1
1;-1.44537;0.190715;1
1;-1.27978;0.217588;1
1;-0.293103;0.427244;1
1;-1.23853;0.224691;1
1;-1.20116;0.23127;1
1;-1.09455;0.250762;1
1;-1.91505;0.128414;1
1;-0.540762;0.36801;1
1;-1.14634;0.241159;1
1;-1.21254;0.229252;1
1;-1.56334;0.173168;1
1;-1.32612;0.209801;1
1;-1.33854;0.207751;1
1;-1.02175;0.264686;1
1;-0.843474;0.300804;1
1;-0.602641;0.35374;1
1;-1.30888;0.212674;1
1;-1.44871;0.190201;1
1;-1.4563;0.189034;1
1;-1.4954;0.183113;1
1;-1.61837;0.16543;1
1;-1.58698;0.169809;1
1;-1.44157;0.191303;1
1;-0.924635;0.284014;1
1;-1.32721;0.209621;1
1;-1.80091;0.141741;1
1;-1.41544;0.195377;1
1;-1.95178;0.124359;1
1;-0.658217;0.34114;1
1;-1.34927;0.20599;1
1;-1.73408;0.150067;1
1;-1.77847;0.144493;1
1;-1.18347;0.234429;1
1;-1.39993;0.197827;1
1;-1.60461;0.167338;1
1;-0.806392;0.30866;1
1;-1.16222;0.238263;1
1;-2.05696;0.113351;1
1;-1.95143;0.124397;1
1;-1.31778;0.211188;1
1;-2.05345;0.113704;1
1;-0.678643;0.336564;1
1;-1.50465;0.181733;1
1;-1.52664;0.178486;1
1;-1.72399;0.151358;1
1;-1.75754;0.147099;1
1;-1.83755;0.137341;1
1;-1.4658;0.187582;1
1;-0.473921;0.383689;1
1;-1.66981;0.15845;1
1;-1.84909;0.13598;1
1;-1.32573;0.209867;1
1;-1.69774;0.15476;1
1;-1.46278;0.188043;1
1;-0.88283;0.292592;1
1;-2.16809;0.102653;1
1;-1.87654;0.132786;1
1;-1.43397;0.19248;1
1;-1.09358;0.250945;1
1;-1.41173;0.195962;1
1;-1.35997;0.204245;1
1;-1.6281;0.164091;1
1;-0.602291;0.35382;1
1;-0.939849;0.280931;1
1;-0.834495;0.302696;1
1;-0.518775;0.373139;1
1;-0.597971;0.354808;1
1;-2.17618;0.10191;1
1;-0.592108;0.356151;1
1;-1.18465;0.234218;1
1;-1.91896;0.127978;1
1;-1.65159;0.160894;1
1;-2.04849;0.114205;1
1;-2.00121;0.119076;1
1;-1.42353;0.194109;1
1;-1.92251;0.127582;1
1;-2.40305;0.0829403;1
1;-1.40234;0.197445;1
1;-1.33441;0.208431;1
1;-1.5549;0.17438;1
1;-1.45899;0.188621;1
1;-2.10092;0.109008;1
1;-1.25796;0.221325;1
1;-1.24898;0.222877;1
1;-1.93082;0.12666;1
1;-1.76537;0.14612;1
1;-1.57816;0.171057;1
1;-2.12679;0.10652;1
1;-1.55863;0.173843;1
1;-1.44645;0.190549;1
1;-1.63758;0.162795;1
1;-1.76362;0.146338;1
1;-1.73666;0.149737;1
1;-1.7025;0.154139;1
1;-1.65705;0.160158;1
1;-1.55858;0.173851;1
1;-1.43298;0.192635;1
1;-1.5453;0.175766;1
1;-1.37214;0.202275;1
1;-1.52224;0.179132;1
1;-1.34887;0.206055;1
1;-2.02462;0.116642;1
1;-2.38228;0.0845342;1
1;-2.04061;0.115005;1
1;-1.75834;0.146999;1
1;-1.85408;0.135395;1
1;-2.03148;0.115937;1
1;-2.08262;0.110798;1
1;-2.12897;0.106312;1
1;-2.37236;0.0853047;1
1;-1.53966;0.176585;1
1;-1.51814;0.179735;1
1;-1.83022;0.138213;1
1;-1.45515;0.18921;1
1;-2.14759;0.104557;1
1;-2.12818;0.106388;1
1;-1.94921;0.12464;1
1;-2.03717;0.115355;1
1;-2.10003;0.109094;1
1;-1.90836;0.129166;1
1;-2.15039;0.104294;1
1;-1.94952;0.124606;1
1;-1.76151;0.146602;1
1;-1.66564;0.159006;1
1;-1.95917;0.123557;1
1;-1.66645;0.158897;1
1;-1.93536;0.126158;1
1;-1.80449;0.141306;1
1;-2.02;0.117119;1
1;-2.04549;0.114509;1
1;-2.09548;0.109536;1
1;-2.0879;0.110279;1
1;-2.18311;0.101277;1
1;-1.53113;0.177829;1
1;-1.74811;0.148286;1
1;-1.65102;0.160972;1
1;-2.10148;0.108953;1
1;-1.96583;0.122838;1
1;-2.14054;0.105218;1
1;-2.31033;0.0902711;1
1;-1.71558;0.152442;1
1;-1.87654;0.132787;1
1;-1.96522;0.122903;1
1;-1.25906;0.221136;1
1;-1.48491;0.184687;1
1;-1.28263;0.217104;1
1;-1.35726;0.204685;1
1;-1.18448;0.234248;1
1;-1.27153;0.218996;1
1;-1.13889;0.242524;1
1;-1.52983;0.178019;1
1;-1.1062;0.24858;1
1;-1.60959;0.166645;1
1;-1.60121;0.167813;1
1;-1.34719;0.20633;1
1;-1.32082;0.210682;1
1;-1.3918;0.19912;1
1;-1.24232;0.224032;1
1;-1.33567;0.208223;1
1;-1.53772;0.176867;1
1;-1.54338;0.176044;1
1;-1.55338;0.174598;1
1;-1.42146;0.194432;1
1;-1.47026;0.186903;1
1;-1.14468;0.241462;1
1;-1.20729;0.230181;1
1;-1.22439;0.227164;1
1;-1.78262;0.14398;1
1;-1.40829;0.196504;1
1;-1.11078;0.247725;1
1;-1.30844;0.212748;1
1;-1.29231;0.215462;1
1;-1.99724;0.119493;1
1;-1.43296;0.192637;1
1;-1.90955;0.129032;1
1;-1.61043;0.166529;1
1;-1.85825;0.134907;1
1;-1.33913;0.207653;1
1;-1.46284;0.188033;1
1;-1.71115;0.153015;1
1;-1.3545;0.205135;1
1;-1.09512;0.250655;1
1;-1.23338;0.225591;1
1;-0.708331;0.329968;1
1;-1.17793;0.235425;1
1;-1.30282;0.21369;1
1;-1.07309;0.254816;1
1;-1.7536;0.147594;1
1;-1.97258;0.122112;1
1;-0.948729;0.279141;1
1;-0.898934;0.28927;1
1;-1.46476;0.187741;1
1;-0.929589;0.283008;1
1;-0.80034;0.309953;1
1;-1.21598;0.228645;1
1;-1.42138;0.194446;1
1;-1.27723;0.218023;1
1;-1.02572;0.263914;1
1;-1.27249;0.218832;1
1;-1.063;0.256737;1
1;-0.79792;0.310471;1
1;-1.32026;0.210775;1
1;-0.991621;0.270592;1
1;-0.842504;0.301008;1
1;-1.07465;0.254519;1
1;-0.936177;0.281673;1
1;-1.70095;0.154342;1
1;-1.66909;0.158545;1
1;-1.44624;0.190581;1
1;-1.18778;0.233655;1
1;-1.73317;0.150183;1
1;-0.695183;0.332881;1
1;-1.11795;0.246392;1
1;-1.25761;0.221385;1
1;-1.48115;0.185254;1
1;-1.13949;0.242415;1
1;-1.38551;0.200126;1
1;-1.06707;0.25596;1
1;-1.09986;0.249767;1
1;-0.921862;0.284579;1
1;-0.621178;0.349514;1
1;-1.2325;0.225744;1
1;-0.43305;0.393398;1
1;-1.05185;0.258871;1
1;-0.831277;0.303375;1
1;-0.571514;0.360887;1
1;-0.849227;0.299595;1
1;-0.59929;0.354506;1
1;-0.944404;0.280012;1
1;-1.23301;0.225656;1
1;-0.45782;0.387503;1
1;-0.276819;0.431234;1
1;-0.682819;0.335632;1
1;-0.566116;0.362134;1
1;-0.790256;0.312114;1
1;-1.2671;0.219754;1
1;-0.974902;0.273904;1
1;-1.00568;0.267826;1
1;-0.776348;0.315107;1
1;-0.943419;0.28021;1
1;-0.634725;0.34644;1
1;-1.19769;0.231887;1
1;-1.01799;0.265418;1
1;-0.923415;0.284263;1
1;-1.22144;0.227682;1
1;-1.08013;0.253482;1
1;-1.00233;0.268484;1
1;-1.35774;0.204607;1
1;-0.840628;0.301403;1
1;-1.14597;0.241225;1
1;-1.67249;0.158092;1
1;-1.94092;0.125547;1
1;-1.83658;0.137456;1
1;-1.5261;0.178566;1
1;-1.87119;0.133404;1
1;-1.73709;0.149683;1
1;-1.93307;0.126411;1
1;-1.64676;0.161547;1
1;-1.96089;0.123371;1
1;-1.9822;0.121085;1
1;-1.84377;0.136606;1
1;-1.59125;0.169208;1
1;-1.47931;0.185531;1
1;-1.50311;0.181962;1
1;-1.50723;0.18135;1
1;-1.48698;0.184375;1
1;-1.38805;0.19972;1
1;-1.30179;0.213863;1
1;-1.37182;0.202327;1
1;-1.50542;0.181619;1
1;-1.19297;0.232728;1
1;-1.95806;0.123677;1
1;-1.55674;0.174115;1
1;-1.75725;0.147135;1
1;-1.68897;0.155911;1
1;-1.94389;0.125221;1
1;-2.01191;0.117958;1
1;-1.88264;0.132086;1
1;-1.85817;0.134917;1
1;-1.73236;0.150286;1
1;-0.734577;0.324191;1
1;-1.22924;0.226315;1
1;-1.80605;0.141116;1
1;-1.89307;0.130895;1
1;-1.43612;0.192147;1
1;-1.64115;0.162309;1
1;-1.61743;0.165559;1
1;-1.73646;0.149763;1
1;-1.45624;0.189042;1
1;-0.666304;0.339325;1
1;-1.10448;0.248902;1
1;-0.880805;0.293011;1
1;-0.982876;0.272322;1
1;-0.991639;0.270589;1
1;-1.01836;0.265348;1
1;-1.20288;0.230963;1
1;-0.974009;0.274082;1
1;-1.48231;0.185079;1
1;-1.43645;0.192095;1
1;-0.615269;0.350858;1
1;-0.431714;0.393717;1
1;-1.54488;0.175827;1
1;-0.359582;0.411061;1
1;-0.616577;0.35056;1
1;-1.15489;0.239597;1
1;-1.53726;0.176934;1
1;-1.10998;0.247874;1
1;-0.918609;0.285241;1
1;-0.802081;0.309581;1
1;-0.85034;0.299362;1
1;-0.93839;0.281226;1
1;-0.915309;0.285915;1
1;-1.24023;0.224396;1
1;-1.72487;0.151245;1
1;-1.23362;0.225548;1
1;-1.42608;0.193711;1
1;-1.12576;0.244945;1
1;-1.28411;0.216851;1
1;-1.39415;0.198746;1
1;-1.38278;0.200564;1
1;-1.81889;0.139567;1
1;-1.61728;0.16558;1
1;-1.77132;0.145379;1
1;-1.39921;0.197942;1
1;-1.79204;0.142823;1
1;-1.8566;0.1351;1
1;-1.49511;0.183156;1
1;-0.953646;0.278152;1
1;-1.8212;0.13929;1
1;-0.773411;0.315742;1
1;-1.39582;0.198481;1
1;-1.74442;0.148752;1
1;-1.48261;0.185033;1
1;-2.01106;0.118047;1
1;-1.80459;0.141293;1
1;-2.00968;0.11819;1
1;-1.91231;0.128721;1
1;-1.79743;0.142165;1
1;-1.09261;0.251127;1
1;-1.04989;0.259246;1
1;-0.902203;0.288598;1
1;-1.04594;0.260006;1
1;-1.95284;0.124244;1
1;-0.951076;0.278668;1
1;-2.0448;0.114579;1
1;-1.92993;0.126758;1
1;-2.07369;0.111681;1
1;-1.7578;0.147066;1
1;-1.78887;0.143211;1
1;-1.78452;0.143746;1
1;-1.61308;0.166162;1
1;-1.86055;0.134639;1
1;-1.76845;0.145735;1
1;-1.64473;0.161822;1
1;-1.32495;0.209996;1
1;-1.16096;0.238492;1
1;-1.12612;0.244879;1
1;-1.00284;0.268384;1
1;-0.945608;0.279769;1
1;-0.893265;0.290437;1
1;-0.734602;0.324186;1
1;-0.818769;0.306025;1
1;-0.670154;0.338462;1
1;-0.647141;0.343634;1
1;-0.941744;0.280548;1
1;-0.834659;0.302661;1
1;-1.28021;0.217515;1
1;-1.6002;0.167953;1
1;-1.07202;0.255018;1
1;-1.08348;0.252847;1
1;-1.08348;0.252849;1
1;-1.13471;0.243293;1
1;-1.19902;0.231649;1
1;-1.04537;0.260114;1
1;-1.28424;0.216829;1
1;-1.28603;0.216526;1
1;-1.13384;0.243452;1
1;-1.12386;0.245296;1
1;-1.33859;0.207742;1
1;-1.149;0.240672;1
1;-1.50638;0.181476;1
1;-1.23344;0.22558;1
1;-1.19955;0.231556;1
1;-1.63665;0.162921;1
1;-1.59909;0.168109;1
1;-1.56905;0.172352;1
1;-1.65061;0.161027;1
1;-1.2501;0.222683;1
1;-0.990974;0.27072;1
1;-1.03937;0.261273;1
1;-1.04071;0.261013;1
1;-1.57124;0.172039;1
1;-1.43276;0.192669;1
1;-1.21354;0.229075;1
1;-1.60377;0.167455;1
1;-1.52872;0.178181;1
1;-1.41603;0.195285;1
1;-1.5519;0.174811;1
1;-1.19702;0.232006;1
1;-1.2722;0.21888;1
1;-1.17206;0.236483;1
1;-1.29819;0.21447;1
1;-1.41279;0.195794;1
1;-1.52072;0.179356;1
1;-1.47037;0.186886;1
1;-1.24724;0.223178;1
1;-1.38496;0.200213;1
1;-1.24026;0.224391;1
1;-1.19241;0.232828;1
1;-1.44416;0.190902;1
1;-1.56322;0.173184;1
1;-1.50613;0.181512;1
1;-1.39665;0.198348;1
1;-1.50375;0.181868;1
1;-1.6966;0.154909;1
1;-1.48768;0.18427;1
1;-1.45866;0.188673;1
1;-1.39297;0.198934;1
1;-1.43158;0.192853;1
1;-1.48007;0.185417;1
1;-1.42177;0.194385;1
1;-1.66462;0.159142;1
1;-1.40972;0.196278;1
1;-1.58547;0.170023;1
1;-1.57064;0.172126;1
1;-1.51309;0.180482;1
1;-1.34152;0.20726;1
1;-0.963737;0.27613;1
1;-1.1136;0.247201;1
1;-1.43557;0.192232;1
1;-1.02204;0.264631;1
1;-1.54491;0.175823;1
1;-1.11428;0.247073;1
1;-1.1077;0.248299;1
1;-1.51137;0.180736;1
1;-1.12106;0.245814;1
1;-1.26924;0.219388;1
1;-1.60478;0.167315;1
1;-1.45291;0.189555;1
1;-1.50762;0.181292;1
1;-1.35688;0.204748;1
1;-1.21683;0.228495;1
1;-0.994759;0.269973;1
1;-1.40764;0.196607;1
1;-1.53225;0.177665;1
1;-1.30874;0.212698;1
1;-1.51513;0.18018;1
1;-1.16023;0.238626;1
1;-1.48611;0.184506;1
1;-1.40922;0.196357;1
1;-1.5465;0.175592;1
1;-1.33643;0.208098;1
1;-1.1245;0.245178;1
1;-1.42435;0.193981;1
1;-1.2725;0.218829;1
1;-1.32956;0.209233;1
1;-1.15735;0.239148;1
1;-1.18589;0.233995;1
1;-1.12136;0.245759;1
1;-1.35682;0.204758;1
1;-1.48744;0.184307;1
1;-0.876933;0.293814;1
1;-0.965445;0.275789;1
1;-0.74513;0.321883;1
1;-0.783695;0.313524;1
1;-1.06319;0.256701;1
1;-0.510741;0.37502;1
1;-0.727064;0.325839;1
1;-0.863874;0.296531;1
1;-0.552164;0.365362;1
1;-0.596521;0.35514;1
1;-0.684529;0.335251;1
1;-0.583756;0.358069;1
1;-0.705656;0.330559;1
1;-0.631589;0.34715;1
1;-1.17941;0.235159;1
1;-0.286068;0.428967;1
1;-0.848978;0.299647;1
1;-0.678817;0.336525;1
1;-0.672567;0.337922;1
1;-0.983033;0.27229;1
1;-0.810512;0.307781;1
1;-0.868872;0.295489;1
1;-1.05724;0.257837;1
1;-0.897211;0.289624;1
1;-0.755983;0.319519;1
1;-0.886916;0.291747;1
1;-0.817997;0.306189;1
1;-0.803155;0.309351;1
1;-0.591831;0.356215;1
1;-0.758371;0.319;1
1;-1.04503;0.260181;1
1;-1.06343;0.256654;1
1;-1.0765;0.25417;1
1;-0.675442;0.337279;1
1;-0.96201;0.276476;1
1;-1.2738;0.218608;1
1;-1.02767;0.263536;1
1;-1.02099;0.264835;1
1;-0.820556;0.305646;1
1;-1.1432;0.241732;1
1;-0.988088;0.27129;1
1;-1.03297;0.26251;1
1;-0.999836;0.268974;1
1;-1.05697;0.257889;1
1;-1.23983;0.224465;1
1;-1.19308;0.232708;1
1;-1.3146;0.211718;1
1;-0.951947;0.278493;1
1;-1.28346;0.216962;1
1;-1.35805;0.204558;1
1;-0.864083;0.296487;1
1;-1.19138;0.233013;1
1;-1.18513;0.234131;1
1;-1.30725;0.212947;1
1;-0.987005;0.271504;1
1;-1.06161;0.257002;1
1;-1.12668;0.244774;1
1;-1.28462;0.216764;1
1;-1.39291;0.198944;1
1;-1.13598;0.243059;1
1;-1.16533;0.2377;1
1;-1.03035;0.263016;1
1;-0.678807;0.336528;1
1;-0.755438;0.319638;1
1;-1.04999;0.259227;1
1;-1.23369;0.225536;1
1;-0.866607;0.295961;1
1;-1.10946;0.247972;1
1;-0.867612;0.295751;1
1;-1.07548;0.254362;1
1;-1.14933;0.240612;1
1;-0.837321;0.302099;1
1;-0.929939;0.282937;1
1;-1.10685;0.248459;1
1;-0.551167;0.365594;1
1;-1.04961;0.259301;1
1;-0.852612;0.298885;1
1;-0.942783;0.280338;1
1;-0.816799;0.306444;1
1;-0.494567;0.378818;1
1;-1.04758;0.259691;1
1;-1.03003;0.263079;1
1;-1.06126;0.257069;1
1;-0.948094;0.279268;1
1;-0.22413;0.444201;1
1;-1.01732;0.26555;1
1;-0.510439;0.375091;1
1;-0.702058;0.331356;1
1;-0.633299;0.346763;1
1;-0.905515;0.287919;1
1;-1.09395;0.250875;1
1;-0.998381;0.26926;1
1;-1.02543;0.26397;1
1;-0.792693;0.311591;1
1;-1.55692;0.174089;1
1;-1.00433;0.26809;1
1;-0.854868;0.298413;1
1;-1.88524;0.131788;1
1;-1.14861;0.240744;1
1;-1.21822;0.22825;1
1;-1.41275;0.1958;1
1;-1.56698;0.172647;1
1;-1.68279;0.156727;1
1;-1.28251;0.217123;1
1;-1.42049;0.194586;1
1;-1.27907;0.217709;1
1;-0.659596;0.34083;1
1;-0.689535;0.334137;1
1;-1.45008;0.189989;1
1;-1.56157;0.173422;1
1;-0.723513;0.32662;1
1;-0.781773;0.313938;1
1;-0.764622;0.317644;1
1;-1.2298;0.226216;1
1;-1.22168;0.227642;1
1;-1.21899;0.228115;1
1;-0.970775;0.274726;1
1;-0.988026;0.271302;1
1;-1.40846;0.196477;1
1;-0.683435;0.335495;1
1;-1.1088;0.248095;1
1;-0.68824;0.334425;1
1;-1.19811;0.231811;1
1;-1.34026;0.207466;1
1;-1.19726;0.231964;1
1;-1.21988;0.227957;1
1;-1.44227;0.191194;1
1;-0.820654;0.305625;1
1;-0.991127;0.27069;1
1;-1.20908;0.229863;1
1;-1.80585;0.141141;1
1;-0.681864;0.335846;1
1;-1.30771;0.212871;1
1;-0.776421;0.315092;1
1;-1.07835;0.253819;1
1;-1.32127;0.210607;1
1;-0.788396;0.312513;1
1;-0.804807;0.308998;1
1;-0.366562;0.409372;1
1;-0.520238;0.372797;1
1;-0.895497;0.289977;1
1;-1.19761;0.231901;1
1;-0.910798;0.286837;1
1;-0.73875;0.323278;1
1;-1.3514;0.205642;1
1;-1.45133;0.189797;1
1;-1.21429;0.228943;1
1;-1.1723;0.236439;1
1;-1.18492;0.234168;1
1;-1.3394;0.207608;1
1;-1.20889;0.229897;1
1;-1.54971;0.175128;1
1;-1.25319;0.222148;1
1;-1.22607;0.226869;1
1;-1.41038;0.196174;1
1;-1.22898;0.226361;1
1;-1.21994;0.227947;1
1;-1.28197;0.217215;1
1;-1.2209;0.227779;1
1;-1.27804;0.217885;1
1;-1.19478;0.232406;1
1;-0.934125;0.282089;1
1;-1.31689;0.211336;1
1;-1.06506;0.256343;1
1;-1.45907;0.18861;1
1;-1.06757;0.255865;1
1;-0.988768;0.271156;1
1;-1.39585;0.198476;1
1;-0.279815;0.430499;1
1;-1.23439;0.225413;1
1;-0.760829;0.318466;1
1;-1.17786;0.235437;1
1;-1.22776;0.226574;1
1;-1.18125;0.234827;1
1;-1.03899;0.261344;1
1;-0.855191;0.298345;1
1;-1.00599;0.267765;1
1;-1.47646;0.185963;1
1;-1.52155;0.179233;1
1;-0.953565;0.278168;1
1;-0.816159;0.30658;1
1;-1.0641;0.256528;1
1;-1.24352;0.223824;1
1;-1.20189;0.231138;1
1;-1.34177;0.207219;1
1;-1.45668;0.188975;1
1;-1.51727;0.179864;1
1;-1.325;0.209988;1
1;-1.45942;0.188556;1
1;-1.36389;0.203609;1
1;-1.34344;0.206945;1
1;-1.60371;0.167463;1
1;-1.23946;0.22453;1
1;-1.45362;0.189445;1
1;-1.1716;0.236566;1
1;-1.44274;0.191121;1
1;-1.41293;0.195772;1
1;-1.47649;0.185958;1
1;-1.31804;0.211145;1
1;-1.41198;0.195922;1
1;-1.4198;0.194693;1
1;-1.48025;0.18539;1
1;-1.51953;0.17953;1
1;-1.34004;0.207504;1
1;-0.84032;0.301467;1
1;-1.25802;0.221315;1
1;-1.26009;0.220959;1
1;-1.1532;0.239906;1
1;-1.67564;0.157673;1
1;-0.61158;0.351699;1
1;-0.676804;0.336975;1
1;-1.25406;0.221999;1
1;-1.07907;0.253681;1
1;-0.505361;0.376282;1
1;-0.86991;0.295273;1
1;-1.32406;0.210143;1
1;-1.23925;0.224567;1
1;-1.31349;0.211903;1
1;-1.22384;0.227261;1
1;-1.23751;0.22487;1
1;-2.08911;0.11016;1
1;-1.74977;0.148076;1
1;-2.03135;0.11595;1
1;-1.13029;0.244108;1
1;-1.99942;0.119264;1
1;-2.00696;0.118474;1
1;-1.49367;0.183371;1
1;-2.00303;0.118885;1
1;-2.20736;0.0990911;1
1;-1.97543;0.121807;1
1;-1.99561;0.119665;1
1;-1.83986;0.137068;1
1;-2.01707;0.117422;1
1;-1.99796;0.119417;1
1;-1.8442;0.136555;1
1;-2.02918;0.116173;1
1;-1.49108;0.18376;1
1;-2.11113;0.10802;1
1;-1.88924;0.131331;1
1;-1.95022;0.12453;1
1;-2.02262;0.116848;1
1;-2.08564;0.1105;1
1;-1.73385;0.150096;1
1;-1.41989;0.194678;1
1;-1.39942;0.197908;1
1;-1.50247;0.182058;1
1;-1.78094;0.144187;1
1;-1.74806;0.148291;1
1;-1.82458;0.138885;1
1;-1.50635;0.18148;1
1;-1.50548;0.18161;1
1;-1.38638;0.199987;1
1;-1.2331;0.225639;1
1;-1.642;0.162194;1
1;-1.40096;0.197664;1
1;-1.35898;0.204406;1
1;-1.20204;0.231113;1
1;-1.35636;0.204832;1
1;-0.317368;0.421317;1
1;-1.25708;0.221477;1
1;-0.560605;0.363408;1
1;-1.23569;0.225187;1
1;-1.00478;0.268002;1
1;-1.43769;0.191903;1
1;-1.03288;0.262526;1
1;-0.601898;0.35391;1
1;-1.07519;0.254418;1
1;-1.30302;0.213657;1
1;-1.10713;0.248406;1
1;-1.1047;0.248861;1
1;-1.07197;0.255028;1
1;-0.927131;0.283507;1
1;-1.24947;0.222793;1
1;-1.08683;0.252215;1
1;-1.44769;0.190358;1
1;-1.36402;0.203587;1
1;-1.04114;0.26093;1
1;-1.31364;0.211878;1
1;-1.17608;0.235759;1
1;-1.4094;0.196329;1
1;-1.65017;0.161086;1
1;-1.72235;0.151569;1
1;-1.31884;0.211011;1
1;-1.24348;0.223831;1
1;-1.38542;0.200139;1
1;-1.59924;0.168088;1
1;-1.09101;0.251427;1
1;-1.60452;0.167351;1
1;-1.32967;0.209214;1
1;-1.60797;0.166871;1
1;-1.05839;0.257617;1
1;-0.995563;0.269815;1
1;-0.959824;0.276913;1
1;-1.01149;0.266687;1
1;-1.30231;0.213776;1
1;-1.21487;0.228841;1
1;-1.6041;0.167409;1
1;-1.48636;0.184468;1
1;-1.47833;0.18568;1
1;-1.31744;0.211245;1
1;-1.34665;0.206418;1
1;-1.25767;0.221375;1
1;-1.24361;0.223808;1
1;-1.20019;0.231442;1
1;-1.11618;0.24672;1
1;-1.03992;0.261166;1
1;-1.2245;0.227145;1
1;-1.06981;0.255439;1
1;-1.2383;0.224732;1
1;-1.23005;0.226172;1
1;-1.7967;0.142253;1
1;-1.79016;0.143054;1
1;-1.23671;0.225009;1
1;-1.70965;0.153209;1
1;-1.79302;0.142703;1
1;-0.972403;0.274402;1
1;-1.80869;0.140797;1
1;-1.11476;0.246985;1
1;-1.20399;0.230767;1
1;-1.44223;0.191201;1
1;-1.81114;0.1405;1
1;-1.82575;0.138746;1
1;-1.8699;0.133553;1
1;-1.61797;0.165485;1
1;-1.95069;0.124478;1
1;-1.84988;0.135887;1
1;-1.83683;0.137427;1
1;-1.72634;0.151056;1
1;-1.7632;0.14639;1
1;-1.86039;0.134658;1
1;-1.72349;0.151422;1
1;-1.91337;0.128603;1
1;-1.84494;0.136468;1
1;-1.75803;0.147037;1
1;-1.3753;0.201766;1
1;-1.14225;0.241908;1
1;-1.21045;0.229621;1
1;-1.27209;0.2189;1
1;-1.13655;0.242954;1
1;-1.50362;0.181886;1
1;-1.18926;0.233392;1
1;-1.55131;0.174897;1
1;-1.62144;0.165006;1
1;-1.60314;0.167543;1
1;-1.36236;0.203856;1
1;-1.37342;0.202068;1
1;-0.991926;0.270532;1
1;-1.30269;0.213712;1
1;-0.884521;0.292242;1
1;-0.872786;0.294675;1
1;-0.788138;0.312569;1
1;-0.716092;0.328254;1
1;-1.03835;0.261469;1
1;-0.933194;0.282277;1
1;-0.919142;0.285133;1
1;-0.956123;0.277655;1
1;-0.98244;0.272408;1
1;-1.12464;0.245151;1
1;-1.45331;0.189493;1
1;-0.95447;0.277987;1
1;-1.02384;0.26428;1
1;-1.06608;0.256149;1
1;-0.734442;0.324221;1
1;-0.227042;0.443482;1
1;-0.613132;0.351345;1
1;-0.0197955;0.495051;1
1;-0.576343;0.359775;1
1;-0.838697;0.301809;1
1;-1.1123;0.247442;1
1;-0.950801;0.278724;1
1;-0.615367;0.350836;1
1;-0.46031;0.386912;1
1;-0.290626;0.427851;1
1;-0.115933;0.471049;1
1;-0.458953;0.387234;1
1;-0.502318;0.376996;1
1;-0.492172;0.379382;1
1;-0.448763;0.389655;1
1;-0.571831;0.360814;1
1;-0.510801;0.375006;1
1;-0.673832;0.337639;1
1;-0.614459;0.351043;1
1;-0.431486;0.393771;1
1;-0.393218;0.402943;1
1;-0.537814;0.368696;1
1;-0.49109;0.379637;1
1;-0.395712;0.402343;1
1;-0.507087;0.375877;1
1;-0.41425;0.397894;1
1;-0.347993;0.413869;1
1;-0.747532;0.321359;1
1;-0.603361;0.353575;1
1;-0.686494;0.334813;1
1;-0.808562;0.308197;1
1;-0.931849;0.28255;1
1;-0.584752;0.35784;1
1;-0.562653;0.362934;1
1;-0.749659;0.320896;1
1;-0.613001;0.351375;1
1;-0.745528;0.321797;1
1;-0.57897;0.35917;1
1;-0.521449;0.372514;1
1;-0.806417;0.308655;1
1;-0.686693;0.334769;1
1;-0.617767;0.350289;1
1;-0.748557;0.321136;1
1;-0.804537;0.309056;1
1;-0.426427;0.39498;1
1;-0.803529;0.309271;1
1;-0.739491;0.323115;1
1;-0.838964;0.301753;1
1;-0.869316;0.295397;1
1;-0.563664;0.3627;1
1;-0.94091;0.280717;1
1;-0.791416;0.311865;1
1;-0.948348;0.279217;1
1;-1.06134;0.257053;1
1;-0.907233;0.287566;1
1;-1.62163;0.164981;1
1;-1.53939;0.176624;1
1;-0.894051;0.290275;1
1;-0.511292;0.374891;1
1;-0.758025;0.319075;1
1;-0.428439;0.394499;1
1;-0.479007;0.382487;1
1;-0.424784;0.395373;1
1;-0.19149;0.452273;1
1;-0.219694;0.445296;1
1;-0.275778;0.431489;1
1;-0.121532;0.469654;1
1;-0.440126;0.391711;1
1;-0.250394;0.437726;1
1;-0.185622;0.453727;1
1;-0.367421;0.409164;1
1;-0.472127;0.384113;1
1;-0.199556;0.450276;1
1;-0.354428;0.412309;1
1;-0.423667;0.39564;1
1;-0.221873;0.444758;1
1;-0.440493;0.391623;1
1;-0.236761;0.441085;1
1;-0.238297;0.440706;1
1;-0.251904;0.437355;1
1;-0.305767;0.424148;1
1;-0.254887;0.436621;1
1;-0.319381;0.420827;1
1;-0.240967;0.440048;1
1;-0.134446;0.466439;1
1;-0.1576;0.460681;1
1;-0.243051;0.439535;1
1;-0.105596;0.473625;1
1;-0.222282;0.444657;1
1;-0.447385;0.389983;1
1;0.178787;0.544578;0
1;0.0280498;0.507012;0
1;0.193469;0.548217;0
1;-0.108528;0.472895;1
1;-0.366445;0.4094;1
1;-0.635599;0.346242;1
1;-0.667592;0.339036;1
1;-0.274521;0.431797;1
1;-0.153349;0.461738;1
1;0.201527;0.550212;0
1;0.105786;0.526422;0
1;-0.494235;0.378896;1
1;0.116992;0.529215;0
1;-0.384482;0.405046;1
1;-0.144363;0.463972;1
1;0.237797;0.559171;0
1;-0.354004;0.412412;1
1;-0.543606;0.367349;1
1;-0.246876;0.438593;1
1;-0.201823;0.449715;1
1;-0.130624;0.46739;1
1;-0.479052;0.382476;1
1;-0.511181;0.374917;1
1;-0.781989;0.313891;1
1;-0.574265;0.360253;1
1;-0.372466;0.407945;1
1;-0.429969;0.394134;1
1;-0.214486;0.446583;1
1;-0.0973219;0.475689;1
1;-1.50252;0.18205;1
1;-1.64907;0.161235;1
1;-1.668;0.158691;1
1;-1.65019;0.161083;1
1;-1.7518;0.14782;1
1;-1.70408;0.153934;1
1;-1.66183;0.159517;1
1;-1.93483;0.126217;1
1;-1.86563;0.134048;1
1;-1.47162;0.186697;1
1;-1.84289;0.13671;1
1;-1.44507;0.190761;1
1;-1.72407;0.151348;1
1;-1.75239;0.147746;1
1;-1.77789;0.144564;1
1;-1.46529;0.18766;1
1;-1.47585;0.186055;1
1;-1.46064;0.18837;1
1;-1.35073;0.205751;1
1;-1.54371;0.175997;1
1;-1.37286;0.202158;1
1;-1.55867;0.173837;1
1;-1.51661;0.179961;1
1;-1.6204;0.165149;1
1;-1.56802;0.172499;1
1;-1.64784;0.1614;1
1;-1.75843;0.146987;1
1;-1.69037;0.155728;1
1;-1.38607;0.200036;1
1;-1.5966;0.168457;1
1;-2.25155;0.0952155;1
1;-2.14278;0.105008;1
1;-2.15941;0.103456;1
1;-2.14421;0.104874;1
1;-2.00209;0.118984;1
1;-2.06259;0.112787;1
1;-2.12374;0.106811;1
1;-1.85596;0.135175;1
1;-1.87121;0.133402;1
1;-2.05106;0.113945;1
1;-2.17451;0.102063;1
1;-2.11141;0.107993;1
1;-2.07712;0.111341;1
1;-2.05942;0.113104;1
1;-2.14683;0.104628;1
1;-2.11374;0.107769;1
1;-1.52336;0.178967;1
1;-1.70711;0.153538;1
1;-2.10816;0.108307;1
1;-1.9899;0.120267;1
1;-2.08829;0.11024;1
1;-2.08333;0.110728;1
1;-2.13659;0.105591;1
1;-2.14874;0.104449;1
1;-2.26337;0.0942022;1
1;-2.06279;0.112766;1
1;-2.12079;0.107093;1
1;-2.16173;0.10324;1
1;-2.14177;0.105103;1
1;-2.164;0.103031;1
1;-1.33672;0.20805;1
1;-1.35615;0.204867;1
1;-1.12275;0.245501;1
1;-0.111924;0.472048;1
1;-0.857376;0.297888;1
1;-1.25576;0.221705;1
1;-1.19682;0.232041;1
1;-1.28336;0.216979;1
1;-0.579303;0.359093;1
1;-0.755473;0.31963;1
1;-0.902674;0.288501;1
1;-0.303179;0.424781;1
1;-1.13954;0.242404;1
1;-0.913214;0.286343;1
1;-1.56717;0.17262;1
1;-0.608268;0.352454;1
1;-0.821148;0.30552;1
1;-1.15519;0.239543;1
1;-1.22175;0.227628;1
1;-1.55955;0.173711;1
1;-0.978968;0.273097;1
1;-1.24827;0.222999;1
1;-1.39684;0.198319;1
1;-0.602544;0.353762;1
1;-1.3389;0.207691;1
1;-0.954919;0.277897;1
1;-1.45946;0.18855;1
1;-1.34665;0.206419;1
1;-2.08719;0.110348;1
1;-2.08896;0.110175;1
1;-2.27029;0.0936138;1
1;-1.6335;0.163352;1
1;-1.40503;0.197019;1
1;-1.19459;0.23244;1
1;-2.16601;0.102845;1
1;-2.10864;0.10826;1
1;-1.87186;0.133326;1
1;-1.84353;0.136634;1
1;-1.88836;0.131431;1
1;-1.79896;0.141978;1
1;-1.69624;0.154958;1
1;-2.14752;0.104563;1
1;-1.83967;0.137091;1
1;-1.79986;0.141868;1
1;-2.02166;0.116948;1
1;-2.13094;0.106126;1
1;-1.77811;0.144536;1
1;-1.97277;0.122091;1
1;-1.82612;0.138702;1
1;-1.53987;0.176554;1
1;-1.618;0.165481;1
1;-1.26401;0.220285;1
1;-2.16898;0.102571;1
1;-2.03677;0.115396;1
1;-2.03977;0.115091;1
1;-1.979;0.121426;1
1;-0.243123;0.439517;1
1;-0.38034;0.406045;1
1;-0.592454;0.356072;1
1;-0.497619;0.3781;1
1;0.243108;0.560479;0
1;0.120853;0.530176;0
1;-0.0884442;0.477903;1
1;-0.743986;0.322133;1
1;-0.75438;0.319868;1
1;-0.336847;0.416576;1
1;-0.249993;0.437825;1
1;-0.0703917;0.482409;1
1;-0.163875;0.459123;1
1;-0.247181;0.438518;1
1;0.00151601;0.500379;0
1;-0.256796;0.436152;1
1;-0.29504;0.42677;1
1;-0.028888;0.492779;1
1;-0.112253;0.471966;1
1;-0.220917;0.444994;1
1;-0.496542;0.378354;1
1;-0.217108;0.445935;1
1;-0.425529;0.395195;1
1;-0.366076;0.40949;1
1;-0.307151;0.42381;1
1;-0.415594;0.397572;1
1;-0.312391;0.422531;1
1;-0.502402;0.376976;1
1;-0.368785;0.408835;1
1;-0.426829;0.394884;1
1;-1.14813;0.240831;1
1;-1.29209;0.215499;1
1;-1.43765;0.19191;1
1;-1.22076;0.227802;1
1;-1.33471;0.208382;1
1;-0.890878;0.290929;1
1;-0.738219;0.323394;1
1;-0.970791;0.274723;1
1;-1.40374;0.197223;1
1;-1.22759;0.226604;1
1;-1.00503;0.267954;1
1;-1.28249;0.217126;1
1;-0.828915;0.303875;1
1;-0.808716;0.308164;1
1;-1.21855;0.228192;1
1;-0.841687;0.301179;1
1;-1.21306;0.22916;1
1;-0.890312;0.291045;1
1;-1.07772;0.253939;1
1;-1.19762;0.231899;1
1;-0.905874;0.287845;1
1;-0.802628;0.309464;1
1;-0.931499;0.282621;1
1;-0.805963;0.308751;1
1;-1.24929;0.222823;1
1;-0.750931;0.320618;1
1;-0.81913;0.305948;1
1;-0.906003;0.287818;1
1;-0.654148;0.342055;1
1;-0.585933;0.357568;1
1;-0.508568;0.375529;1
1;-1.82323;0.139047;1
1;-1.31278;0.212021;1
1;-1.01432;0.266136;1
1;-0.947056;0.279477;1
1;-1.64719;0.161489;1
1;-1.54632;0.175618;1
1;-1.61591;0.16577;1
1;-1.51324;0.180459;1
1;-1.23224;0.22579;1
1;-1.59651;0.16847;1
1;-1.35452;0.205132;1
1;-1.59902;0.168119;1
1;-1.44072;0.191433;1
1;-1.34254;0.207093;1
1;-1.40796;0.196555;1
1;-1.4561;0.189064;1
1;-1.40807;0.196539;1
1;-1.39729;0.198247;1
1;-1.26847;0.21952;1
1;-1.28594;0.21654;1
1;-1.20969;0.229756;1
1;-1.47722;0.185848;1
1;-1.47602;0.18603;1
1;-1.3706;0.202523;1
1;-1.39779;0.198167;1
1;-1.44982;0.19003;1
1;-1.58088;0.170671;1
1;-1.48503;0.184669;1
1;-1.4346;0.192383;1
1;-1.42627;0.193681;1
1;-1.37574;0.201694;1
1;-1.45205;0.189686;1
1;-1.34163;0.207242;1
1;-1.2062;0.230375;1
1;-1.15945;0.238768;1
1;-1.28496;0.216708;1
1;-1.2812;0.217345;1
1;-1.33556;0.208241;1
1;-1.20558;0.230484;1
1;-1.38438;0.200306;1
1;-1.40156;0.197568;1
1;-1.25161;0.222422;1
1;-1.26703;0.219765;1
1;-1.27145;0.219009;1
1;-1.0944;0.25079;1
1;-1.05699;0.257886;1
1;-1.18881;0.233472;1
1;-1.11721;0.246529;1
1;-1.27623;0.218192;1
1;-1.25986;0.220998;1
1;-1.40279;0.197374;1
1;-1.21922;0.228074;1
1;-0.669247;0.338665;1
1;-1.25539;0.221768;1
1;-0.835376;0.30251;1
1;-1.00459;0.26804;1
1;-1.00501;0.267957;1
1;-1.13658;0.242949;1
1;-0.843998;0.300693;1
1;-1.10527;0.248755;1
1;0.00342512;0.500856;0
1;0.192765;0.548043;0
1;-0.0181824;0.495455;1
1;0.0661315;0.516527;0
1;-0.0206064;0.494849;1
1;0.0982034;0.524531;0
1;0.135438;0.533808;0
1;-0.27648;0.431317;1
1;-0.506801;0.375944;1
1;-0.20905;0.447927;1
1;-0.0661183;0.483476;1
1;0.0014042;0.500351;0
1;0.0221812;0.505545;0
1;0.0539932;0.513495;0
1;-0.352232;0.412841;1
1;-0.844342;0.300621;1
1;-0.0687946;0.482808;1
1;0.00773668;0.501934;0
1;0.0279075;0.506976;0
1;0.348027;0.586139;0
1;-0.272799;0.43222;1
1;-0.269688;0.432984;1
1;-0.17461;0.456458;1
1;0.306608;0.576057;0
1;-0.0520163;0.486999;1
1;-0.523223;0.372099;1
1;-0.224282;0.444163;1
1;-0.19444;0.451543;1
1;0.0445027;0.511124;0
1;-0.287032;0.428731;1
1;-0.0788156;0.480306;1
1;0.18326;0.545687;0
1;-0.144614;0.463909;1
1;-1.54605;0.175658;1
1;-1.43086;0.192965;1
1;-1.40166;0.197553;1
1;-1.78204;0.144051;1
1;-1.28751;0.216275;1
1;-1.04718;0.259767;1
1;-1.31423;0.21178;1
1;-0.987155;0.271474;1
1;-1.39489;0.198628;1
1;-1.06288;0.25676;1
1;-1.40839;0.196488;1
1;-1.90155;0.129933;1
1;-1.38769;0.199776;1
1;-0.669053;0.338709;1
1;-0.966687;0.275541;1
1;-1.29517;0.214979;1
1;-1.24584;0.223421;1
1;-1.3338;0.208532;1
1;-1.06018;0.257275;1
1;-0.826864;0.304309;1
1;-1.31027;0.212441;1
1;-1.17723;0.23555;1
1;-1.50211;0.182111;1
1;-1.43986;0.191567;1
1;-1.29188;0.215534;1
1;-1.2691;0.219412;1
1;-1.48549;0.1846;1
1;-1.46426;0.187817;1
1;-1.20662;0.2303;1
1;-1.23757;0.224859;1
1;-0.313299;0.42231;1
1;-1.20222;0.231081;1
1;-1.06274;0.256787;1
1;-1.21009;0.229686;1
1;-1.27324;0.218703;1
1;-0.742291;0.322503;1
1;-0.795622;0.310963;1
1;-0.353884;0.412441;1
1;-0.38219;0.405599;1
1;-0.860434;0.297249;1
1;-0.582661;0.35832;1
1;-0.958696;0.277139;1
1;-1.0786;0.253771;1
1;-0.799069;0.310225;1
1;-0.846325;0.300204;1
1;-0.805425;0.308866;1
1;-0.655662;0.341715;1
1;-0.937897;0.281325;1
1;-0.583435;0.358143;1
1;-0.92436;0.28407;1
1;-1.24624;0.223352;1
1;-0.668734;0.33878;1
1;-0.922838;0.28438;1
1;-0.865098;0.296275;1
1;-1.27018;0.219226;1
1;-0.686578;0.334795;1
1;-0.922959;0.284355;1
1;-0.869059;0.29545;1
1;-1.59802;0.168259;1
1;-1.48323;0.18494;1
1;-1.64081;0.162356;1
1;-1.03207;0.262683;1
1;-1.21534;0.228758;1
1;-1.19801;0.23183;1
1;-1.07316;0.254802;1
1;-1.33266;0.20872;1
1;-0.842463;0.301016;1
1;-1.49505;0.183165;1
1;-0.965876;0.275703;1
1;-1.02881;0.263314;1
1;-1.15359;0.239835;1
1;-1.65974;0.159797;1
1;-1.65333;0.16066;1
1;-1.70612;0.153667;1
1;-1.48146;0.185206;1
1;-1.64484;0.161808;1
1;-1.12736;0.244649;1
1;-0.841644;0.301189;1
1;-1.08168;0.253189;1
1;-1.1107;0.247741;1
1;-1.00524;0.267912;1
1;-0.615273;0.350857;1
1;-0.868814;0.295501;1
1;-1.0566;0.257959;1
1;-1.42937;0.193198;1
1;-1.19756;0.23191;1
1;-1.41731;0.195083;1
1;-1.4558;0.189111;1
1;-0.749697;0.320887;1
1;-0.611181;0.35179;1
1;-1.11341;0.247235;1
1;-1.00676;0.267614;1
1;-0.790483;0.312065;1
1;-1.00722;0.267524;1
1;-0.598593;0.354666;1
1;-0.901986;0.288642;1
1;-1.09512;0.250655;1
1;-0.684406;0.335279;1
1;-0.458592;0.38732;1
1;-0.673151;0.337792;1
1;-0.469835;0.384655;1
1;-1.29133;0.215628;1
1;-1.10765;0.24831;1
1;-0.908718;0.287262;1
1;-0.628888;0.347763;1
1;-0.819673;0.305833;1
1;-1.12076;0.24587;1
1;-1.01394;0.266209;1
1;-0.654904;0.341885;1
1;-1.23638;0.225067;1
1;-0.445159;0.390512;1
1;-0.390198;0.40367;1
1;-0.576641;0.359706;1
1;-0.694932;0.332937;1
1;-1.00621;0.267722;1
1;-1.42523;0.193844;1
1;-0.928032;0.283324;1
1;-0.889551;0.291202;1
1;-0.64998;0.342994;1
1;-0.728314;0.325565;1
1;-0.711561;0.329254;1
1;-0.954115;0.278058;1
1;-1.01859;0.265302;1
1;-0.929014;0.283125;1
1;-0.957405;0.277398;1
1;-0.723511;0.32662;1
1;-1.19245;0.232821;1
1;-0.991564;0.270603;1
1;-0.760641;0.318507;1
1;-0.988361;0.271236;1
1;-0.696139;0.332669;1
1;-0.907698;0.287471;1
1;-0.864487;0.296403;1
1;-1.27102;0.219083;1
1;-0.963636;0.276151;1
1;-0.955211;0.277838;1
1;-0.926021;0.283733;1
1;-0.787989;0.312601;1
1;-0.703938;0.33094;1
1;-0.772421;0.315956;1
1;-1.19163;0.232967;1
1;-1.28173;0.217255;1
1;-0.72895;0.325425;1
1;-0.816874;0.306428;1
1;-0.874586;0.294301;1
1;-1.08645;0.252287;1
1;-0.601868;0.353916;1
1;-0.894826;0.290115;1
1;-0.557617;0.364099;1
1;-0.519689;0.372925;1
1;-0.753887;0.319975;1
1;-0.826008;0.30449;1
1;-0.733351;0.32446;1
1;-0.701251;0.331535;1
1;-0.513947;0.374269;1
1;-0.709721;0.32966;1
1;-0.528342;0.370904;1
1;-0.53722;0.368835;1
1;-1.18362;0.234402;1
1;-1.29167;0.215571;1
1;-1.20576;0.230451;1
1;-1.30101;0.213995;1
1;-1.06631;0.256105;1
1;-1.39873;0.198018;1
1;-1.44861;0.190216;1
1;-1.2856;0.216599;1
1;-1.05285;0.258678;1
1;-0.443985;0.390792;1
1;-1.29716;0.214643;1
1;-1.20931;0.229823;1
1;-0.877766;0.293641;1
1;-1.1458;0.241258;1
1;-0.975174;0.27385;1
1;-1.04306;0.26056;1
1;-0.932169;0.282485;1
1;-0.955284;0.277823;1
1;-0.858566;0.297639;1
1;-0.718755;0.327667;1
1;-0.81115;0.307645;1
1;-0.456536;0.387808;1
1;-0.882171;0.292728;1
1;-0.799916;0.310043;1
1;-0.985793;0.271744;1
1;-0.997805;0.269373;1
1;-0.877658;0.293663;1
1;-1.4191;0.194802;1
1;-1.10185;0.249393;1
1;-0.790796;0.311998;1
1;-1.60886;0.166746;1
1;-0.81837;0.30611;1
1;-1.03355;0.262396;1
1;-0.943284;0.280237;1
1;-0.867619;0.29575;1
1;-0.818913;0.305994;1
1;-0.718804;0.327656;1
1;-0.832155;0.30319;1
1;-1.00961;0.267056;1
1;-0.954146;0.278052;1
1;-1.24187;0.224111;1
1;-1.65633;0.160255;1
1;-1.54849;0.175305;1
1;-1.65332;0.160661;1
1;-0.869524;0.295353;1
1;-0.983932;0.272112;1
1;-0.954443;0.277992;1
1;-1.42547;0.193806;1
1;-1.36503;0.203423;1
1;-1.25794;0.221329;1
1;-1.28375;0.216912;1
1;-0.994899;0.269946;1
1;-1.03125;0.262842;1
1;-0.826765;0.30433;1
1;-1.2604;0.220905;1
1;-0.971533;0.274575;1
1;-1.17983;0.235083;1
1;-1.06708;0.255959;1
1;-0.950669;0.27875;1
1;-0.583539;0.358119;1
1;-1.08885;0.251835;1
1;-1.21758;0.228363;1
1;-0.850282;0.299374;1
1;-1.39125;0.199209;1
1;-1.21825;0.228244;1
1;-1.11295;0.247322;1
1;-0.81021;0.307846;1
1;-0.712241;0.329104;1
1;-1.3871;0.19987;1
1;-1.32048;0.210738;1
1;-0.873933;0.294437;1
1;-1.05962;0.257383;1
1;-0.761638;0.318291;1
1;-1.11237;0.247429;1
1;-0.97577;0.273732;1
1;-0.923081;0.284331;1
1;-1.20187;0.231143;1
1;-1.13866;0.242566;1
1;-1.15257;0.240021;1
1;-0.648538;0.343319;1
1;-0.991033;0.270708;1
1;-0.960188;0.276841;1
1;-0.867825;0.295707;1
1;-1.03513;0.262091;1
1;-1.0494;0.25934;1
1;-0.855754;0.298227;1
1;-0.5701;0.361214;1
1;-0.983708;0.272157;1
1;-0.81931;0.30591;1
1;-0.862178;0.296884;1
1;-0.90002;0.289046;1
1;-0.920025;0.284953;1
1;-1.06378;0.256587;1
1;-1.03056;0.262975;1
1;-1.0217;0.264697;1
1;-1.00448;0.268061;1
1;-0.738872;0.323251;1
1;-0.881473;0.292873;1
1;-0.886813;0.291768;1
1;-0.628936;0.347752;1
1;-0.821645;0.305415;1
1;-0.689587;0.334125;1
1;-0.624354;0.348792;1
1;-0.636804;0.345969;1
1;-0.742661;0.322423;1
1;-1.24567;0.22345;1
1;-0.6902;0.333989;1
1;-0.866769;0.295927;1
1;-0.565072;0.362375;1
1;-0.615241;0.350864;1
1;-0.77649;0.315077;1
1;-0.839999;0.301535;1
1;-1.1201;0.245994;1
1;-0.717994;0.327835;1
1;-0.829515;0.303748;1
1;-0.813781;0.307085;1
1;-0.59586;0.355292;1
1;-1.35597;0.204897;1
1;-1.23599;0.225135;1
1;-0.820725;0.30561;1
1;-0.648825;0.343254;1
1;-0.84499;0.300485;1
1;-0.764292;0.317715;1
1;-0.960379;0.276802;1
1;-1.60036;0.167932;1
1;-1.29736;0.21461;1
1;-1.06222;0.256885;1
1;-0.860218;0.297294;1
1;-1.09035;0.251552;1
1;-1.11278;0.247353;1
1;-1.106;0.248618;1
1;-1.13159;0.243867;1
1;-0.999787;0.268983;1
1;-1.46497;0.187708;1
1;-1.05931;0.257441;1
1;-1.66694;0.158833;1
1;-1.22293;0.227421;1
1;-1.76202;0.146538;1
1;-0.890093;0.291091;1
1;-1.04698;0.259806;1
1;-1.08591;0.252389;1
1;-1.22183;0.227615;1
1;-0.951413;0.278601;1
1;-1.0799;0.253524;1
1;-1.61158;0.166369;1
1;-0.875716;0.294066;1
1;-0.861337;0.29706;1
1;-0.759948;0.318658;1
1;-1.18288;0.234536;1
1;-1.05152;0.258933;1
1;-1.32775;0.209531;1
1;-1.11689;0.246588;1
1;-0.756364;0.319436;1
1;-0.404786;0.400163;1
1;-0.466533;0.385437;1
1;-0.604391;0.35334;1
1;-0.366206;0.409458;1
1;-0.596759;0.355085;1
1;-0.183679;0.454209;1
1;-1.03251;0.262598;1
1;-1.17231;0.236437;1
1;-0.258375;0.435763;1
1;-0.00960839;0.497598;1
1;-0.170732;0.45742;1
1;-0.564217;0.362572;1
1;-0.320601;0.420529;1
1;-0.754301;0.319885;1
1;-0.327974;0.418734;1
1;-0.560694;0.363387;1
1;-0.283455;0.429607;1
1;-0.491883;0.37945;1
1;-0.416493;0.397356;1
1;0.00509623;0.501274;0
1;-0.147659;0.463152;1
1;-0.89001;0.291108;1
1;-0.312059;0.422612;1
1;-0.542681;0.367564;1
1;-0.452274;0.38882;1
1;-1.04189;0.260785;1
1;-1.32792;0.209504;1
1;-1.60071;0.167883;1
1;-1.57487;0.171523;1
1;-1.09798;0.250118;1
1;-0.746017;0.32169;1
1;-0.777506;0.314858;1
1;-0.763693;0.317845;1
1;-0.326849;0.419007;1
1;-0.619737;0.349841;1
1;-0.78379;0.313504;1
1;-1.43225;0.192749;1
1;-0.583478;0.358133;1
1;-1.08778;0.252036;1
1;-0.736902;0.323682;1
1;-1.07882;0.253729;1
1;-1.37575;0.201692;1
1;-1.45372;0.189429;1
1;-1.17116;0.236644;1
1;-1.36435;0.203535;1
1;-1.02568;0.263923;1
1;-0.930102;0.282904;1
1;-0.621672;0.349401;1
1;-0.993487;0.270224;1
1;-0.853582;0.298682;1
1;-0.761513;0.318318;1
1;-0.970019;0.274877;1
1;-0.849227;0.299595;1
1;-1.12722;0.244675;1
1;-0.722884;0.326758;1
1;-0.825354;0.304628;1
1;-0.95132;0.278619;1
1;-1.19383;0.232575;1
1;-1.11458;0.247019;1
1;-1.28639;0.216464;1
1;-1.05379;0.258497;1
1;-1.22216;0.227557;1
1;-1.23095;0.226014;1
1;-1.35209;0.205529;1
1;-1.43882;0.191728;1
1;-0.956799;0.27752;1
1;-1.12042;0.245934;1
1;-1.14278;0.24181;1
1;-1.42868;0.193305;1
1;-1.24575;0.223437;1
1;-0.82548;0.304602;1
1;-1.25237;0.222291;1
1;-1.31204;0.212146;1
1;-1.49756;0.18279;1
1;-1.02583;0.263893;1
1;-1.06194;0.25694;1
1;-0.953523;0.278177;1
1;-0.684134;0.335339;1
1;-1.17743;0.235514;1
1;-1.18937;0.233372;1
1;-1.27012;0.219237;1
1;-1.32403;0.210148;1
1;-1.2653;0.220063;1
1;-1.18338;0.234446;1
1;-1.31857;0.211056;1
1;-1.34394;0.206864;1
1;-1.3409;0.207361;1
1;-1.19199;0.232902;1
1;-1.39815;0.198111;1
1;-1.34724;0.206322;1
1;-1.27967;0.217606;1
1;-1.3622;0.203883;1
1;-1.16477;0.237801;1
1;-0.970802;0.274721;1
1;-1.1594;0.238776;1
1;-1.26979;0.219292;1
1;-1.26625;0.219899;1
1;-1.03638;0.26185;1
1;-1.06745;0.255889;1
1;-1.2485;0.222959;1
1;-1.14678;0.241078;1
1;-1.13195;0.243801;1
1;-1.11751;0.246474;1
1;-1.10698;0.248434;1
1;-1.20044;0.231397;1
1;-1.22724;0.226664;1
1;-0.990649;0.270784;1
1;-1.17135;0.23661;1
1;-0.953364;0.278209;1
1;-1.09194;0.251253;1
1;-0.957316;0.277416;1
1;-1.62064;0.165116;1
1;-1.622;0.16493;1
1;-1.51283;0.18052;1
1;-1.63957;0.162524;1
1;-1.52254;0.179088;1
1;-1.43473;0.192363;1
1;-1.62963;0.163881;1
1;-1.70625;0.15365;1
1;-1.40211;0.197481;1
1;-1.54529;0.175767;1
1;-1.51474;0.180238;1
1;-1.51918;0.179583;1
1;-1.29086;0.215708;1
1;-1.59543;0.168621;1
1;-1.61914;0.165323;1
1;-1.547;0.175519;1
1;-1.50646;0.181464;1
1;-1.48762;0.18428;1
1;-1.75313;0.147653;1
1;-1.41227;0.195876;1
1;-1.38921;0.199534;1
1;-1.18614;0.23395;1
1;-1.71445;0.152588;1
1;-1.60951;0.166656;1
1;-1.82201;0.139193;1
1;-1.82869;0.138394;1
1;-1.8294;0.13831;1
1;-1.55024;0.175052;1
1;-1.29886;0.214356;1
1;-1.58656;0.169869;1
1;-1.38927;0.199525;1
1;-1.21546;0.228737;1
1;-0.888864;0.291344;1
1;-1.20772;0.230104;1
1;-0.517667;0.373398;1
1;-0.983997;0.272099;1
1;-0.607328;0.352669;1
1;-0.37872;0.406436;1
1;-0.865874;0.296114;1
1;-0.472782;0.383958;1
1;-1.33375;0.20854;1
1;-0.479123;0.382459;1
1;-0.942838;0.280327;1
1;-0.641872;0.344823;1
1;-1.21192;0.229362;1
1;-0.945985;0.279693;1
1;-1.35553;0.204968;1
1;-1.0475;0.259705;1
1;-0.963161;0.276246;1
1;-0.696675;0.33255;1
1;-1.2503;0.222648;1
1;-1.03566;0.261989;1
1;-1.03592;0.261937;1
1;-0.957825;0.277314;1
1;-1.57084;0.172097;1
1;-1.62773;0.164142;1
1;-1.54557;0.175727;1
1;-1.60451;0.167353;1
1;-1.59695;0.168408;1
1;-1.63797;0.162741;1
1;-1.66886;0.158576;1
1;-1.68338;0.156648;1
1;-1.50083;0.182303;1
1;-1.50965;0.18099;1
1;-1.55264;0.174705;1
1;-1.21904;0.228106;1
1;-1.11009;0.247853;1
1;-1.48015;0.185405;1
1;-1.44052;0.191466;1
1;-1.10627;0.248566;1
1;-1.44643;0.190552;1
1;-1.2685;0.219515;1
1;-1.33001;0.209158;1
1;-1.45321;0.189507;1
1;-1.22256;0.227485;1
1;-1.48949;0.183998;1
1;-1.85391;0.135414;1
1;-1.60277;0.167595;1
1;-1.60693;0.167015;1
1;-1.3685;0.202863;1
1;-0.993342;0.270252;1
1;-1.16219;0.238269;1
1;-1.00965;0.267049;1
1;-1.32754;0.209567;1
