0;1.16273;0.761829;0
0;1.33336;0.791396;0
0;-0.292663;0.427352;1
0;1.36057;0.795852;0
0;1.27362;0.781362;0
0;1.27676;0.781897;0
0;1.34894;0.793956;0
0;1.14226;0.758095;0
0;1.13996;0.757673;0
0;1.18271;0.765435;0
0;1.39651;0.80163;0
0;1.36031;0.795811;0
0;1.20506;0.769424;0
0;1.02034;0.735038;0
0;1.14233;0.758108;0
0;1.29914;0.785691;0
0;0.779651;0.685605;0
0;0.935273;0.718144;0
0;0.807752;0.69163;0
0;0.925009;0.716062;0
0;0.846481;0.699828;0
0;0.975373;0.726189;0
0;0.98303;0.727709;0
0;0.738421;0.67665;0
0;1.12319;0.754581;0
0;0.97557;0.726228;0
0;0.997971;0.730659;0
0;0.986825;0.72846;0
0;0.855386;0.701696;0
0;0.873341;0.70544;0
0;0.982183;0.727541;0
0;0.895197;0.709961;0
0;0.956625;0.722446;0
0;0.870971;0.704948;0
0;0.98515;0.728129;0
0;0.91211;0.713432;0
0;0.821053;0.69446;0
0;1.14012;0.757701;0
0;1.0086;0.732746;0
0;0.935329;0.718155;0
0;0.912893;0.713592;0
0;0.927108;0.716488;0
0;0.805515;0.691153;0
0;1.00861;0.732748;0
0;0.832;0.696778;0
0;0.97047;0.725213;0
0;1.00046;0.731149;0
0;0.844557;0.699424;0
0;0.918675;0.714772;0
0;1.08461;0.747365;0
0;1.16164;0.76163;0
0;0.911089;0.713223;0
0;0.890188;0.708929;0
0;0.789132;0.687645;0
0;0.931379;0.717355;0
0;2.1915;0.899484;0
0;1.05078;0.740924;0
0;1.50707;0.818626;0
0;2.33792;0.911969;0
0;1.70416;0.846078;0
0;0.910585;0.71312;0
0;0.968079;0.724736;0
0;0.858557;0.702359;0
0;0.817011;0.693601;0
0;1.01942;0.73486;0
0;0.896786;0.710288;0
0;0.934517;0.717991;0
0;0.871179;0.704991;0
0;1.11573;0.753196;0
0;1.03661;0.738196;0
0;1.13615;0.756972;0
0;1.14251;0.758141;0
0;1.06998;0.744593;0
0;0.894472;0.709812;0
0;0.915856;0.714197;0
0;1.06896;0.744399;0
0;0.999269;0.730915;0
0;0.948971;0.720908;0
0;0.934887;0.718066;0
0;0.851751;0.700934;0
0;0.705747;0.669461;0
0;1.05834;0.742373;0
0;0.879905;0.706803;0
0;0.984067;0.727914;0
0;1.02579;0.736099;0
0;0.958766;0.722875;0
0;1.11727;0.753482;0
0;1.23763;0.775152;0
0;1.32474;0.789968;0
0;1.32573;0.790133;0
0;1.19624;0.767855;0
0;1.22838;0.773536;0
0;1.4564;0.810981;0
0;1.46335;0.812044;0
0;1.49746;0.817196;0
0;1.42923;0.806781;0
0;1.41778;0.804991;0
0;1.41963;0.80528;0
0;1.47372;0.813623;0
0;1.36772;0.797012;0
0;1.4437;0.809027;0
0;1.37784;0.798643;0
0;1.32089;0.78933;0
0;1.38838;0.800334;0
0;1.39777;0.801829;0
0;1.421;0.805496;0
0;1.49471;0.816784;0
0;1.35349;0.794699;0
0;1.38039;0.799053;0
0;1.38089;0.799134;0
0;1.38708;0.800126;0
0;1.40472;0.802931;0
0;1.39221;0.800944;0
0;1.36196;0.796078;0
0;1.41449;0.804474;0
0;1.35533;0.794999;0
0;1.48522;0.81536;0
0;1.45465;0.810713;0
0;1.4986;0.817366;0
0;1.51621;0.81998;0
0;1.46059;0.811622;0
0;1.42223;0.805688;0
0;1.43401;0.807526;0
0;1.35488;0.794926;0
0;1.36048;0.795837;0
0;1.38496;0.799786;0
0;1.50887;0.818894;0
0;1.39522;0.801424;0
0;1.41249;0.804158;0
0;1.40914;0.803631;0
0;1.35568;0.795057;0
0;1.46556;0.812382;0
0;1.17352;0.763781;0
0;1.35082;0.794263;0
0;1.43897;0.808296;0
0;1.30274;0.786297;0
0;1.37322;0.7979;0
0;1.40474;0.802935;0
0;1.46239;0.811898;0
0;1.48135;0.814776;0
0;1.34957;0.794059;0
0;1.34609;0.79349;0
0;1.03535;0.737952;0
0;1.07604;0.745744;0
0;0.918004;0.714635;0
0;1.14941;0.759402;0
0;1.02748;0.736427;0
0;1.03491;0.737867;0
0;0.980777;0.727262;0
0;0.927587;0.716585;0
0;1.16927;0.763013;0
0;1.13526;0.756808;0
0;1.16908;0.762978;0
0;0.936773;0.718447;0
0;0.863264;0.703342;0
0;1.04323;0.739472;0
0;1.08786;0.747979;0
0;1.05487;0.741708;0
0;1.15337;0.760125;0
0;1.06679;0.743986;0
0;1.16694;0.762591;0
0;0.884278;0.707708;0
0;1.10758;0.751677;0
0;0.999666;0.730993;0
0;0.906619;0.712308;0
0;1.07839;0.74619;0
0;1.00779;0.732587;0
0;0.975458;0.726206;0
0;0.682465;0.664289;0
0;1.03707;0.738285;0
0;1.04437;0.739693;0
0;1.01443;0.733887;0
0;0.932287;0.717539;0
0;0.994393;0.729955;0
0;1.11393;0.75286;0
0;1.16115;0.761541;0
0;0.885061;0.70787;0
0;1.10838;0.751827;0
0;1.09465;0.749257;0
0;1.04988;0.740752;0
0;1.04413;0.739645;0
0;1.06578;0.743794;0
0;1.16444;0.762138;0
0;1.0532;0.741389;0
0;0.997009;0.73047;0
0;0.849353;0.700431;0
0;1.0197;0.734915;0
0;0.83649;0.697726;0
0;0.776163;0.684853;0
0;0.884793;0.707814;0
0;1.08011;0.746515;0
0;0.979516;0.727012;0
0;0.948826;0.720879;0
0;0.92697;0.71646;0
0;0.975114;0.726138;0
0;1.23621;0.774903;0
0;-0.656341;0.341562;1
0;-1.39804;0.198127;1
0;1.21426;0.771052;0
0;1.19636;0.767877;0
0;1.16782;0.762751;0
0;-0.621208;0.349507;1
0;-0.88309;0.292538;1
0;-1.43454;0.192392;1
0;0.498883;0.622197;0
0;-0.432334;0.393569;1
0;-0.373634;0.407663;1
0;-0.292757;0.427329;1
0;-0.578127;0.359364;1
0;-0.28843;0.428388;1
0;-0.956938;0.277492;1
0;1.19408;0.76747;0
0;-1.49395;0.183329;1
0;-0.428412;0.394506;1
0;1.16345;0.76196;0
0;0.0820941;0.520512;0
0;1.05769;0.742249;0
0;1.18039;0.765017;0
0;1.21411;0.771025;0
0;1.07422;0.7454;0
0;1.30322;0.786377;0
0;1.30115;0.786029;0
0;0.135315;0.533777;0
0;1.18029;0.764999;0
0;1.17698;0.764405;0
0;1.47698;0.814116;0
0;0.990582;0.729203;0
0;1.26371;0.779664;0
0;1.28124;0.78266;0
0;1.41765;0.80497;0
0;1.2649;0.779868;0
0;1.43548;0.807753;0
0;1.21231;0.770708;0
0;1.33693;0.791985;0
0;1.32378;0.78981;0
0;1.37145;0.797614;0
0;1.38807;0.800284;0
0;1.33398;0.791498;0
0;1.1264;0.755173;0
0;1.13799;0.75731;0
0;1.25201;0.777647;0
0;1.21104;0.770483;0
0;1.24441;0.776331;0
0;1.35809;0.795449;0
0;1.20824;0.769987;0
0;1.24097;0.775733;0
0;1.25596;0.778329;0
0;1.07847;0.746204;0
0;1.20622;0.76963;0
0;1.21126;0.770522;0
0;0.681706;0.664119;0
0;0.554241;0.635119;0
0;0.551933;0.634584;0
0;0.586674;0.642602;0
0;0.528978;0.629245;0
0;0.603766;0.646518;0
0;0.607639;0.647402;0
0;0.606321;0.647101;0
0;0.470215;0.615435;0
0;0.533049;0.630194;0
0;0.547979;0.633667;0
0;0.59128;0.643659;0
0;0.60645;0.647131;0
0;0.532007;0.629951;0
0;0.56507;0.637625;0
0;0.498181;0.622032;0
0;0.561302;0.636754;0
0;0.633614;0.653309;0
0;0.641714;0.655141;0
0;0.663007;0.659935;0
0;0.617229;0.649588;0
0;0.644788;0.655835;0
0;0.564688;0.637537;0
0;0.550018;0.63414;0
0;0.661616;0.659623;0
0;0.628752;0.652206;0
0;0.594402;0.644375;0
0;0.571095;0.639016;0
0;0.624221;0.651178;0
0;0.487769;0.619581;0
0;0.672642;0.662095;0
0;0.474458;0.616438;0
0;0.53893;0.631564;0
0;0.579847;0.641032;0
0;0.67104;0.661736;0
0;0.660685;0.659414;0
0;0.526175;0.628591;0
0;0.702921;0.668835;0
0;0.476929;0.617022;0
0;0.565871;0.63781;0
0;0.739008;0.676779;0
0;0.576318;0.64022;0
0;0.489928;0.620089;0
0;0.612678;0.648551;0
0;0.499855;0.622425;0
0;0.533447;0.630287;0
0;0.595766;0.644687;0
0;0.515277;0.626043;0
0;0.54215;0.632312;0
0;0.567787;0.638252;0
0;0.595885;0.644714;0
0;0.373214;0.592235;0
0;0.545149;0.633009;0
0;0.66538;0.660468;0
0;0.575454;0.640021;0
0;0.612417;0.648492;0
0;0.783687;0.686474;0
0;0.653568;0.657814;0
0;0.725988;0.673924;0
0;0.51695;0.626434;0
0;0.678796;0.66347;0
0;0.809049;0.691907;0
0;0.746563;0.678429;0
0;0.645229;0.655935;0
0;0.67408;0.662416;0
0;0.715223;0.671554;0
0;0.765087;0.682457;0
0;0.609229;0.647765;0
0;0.758236;0.680971;0
0;0.650117;0.657037;0
0;0.777226;0.685082;0
0;0.549472;0.634013;0
0;0.628688;0.652192;0
0;0.768883;0.683279;0
0;0.738933;0.676763;0
0;0.606728;0.647194;0
0;0.56332;0.63722;0
0;0.702078;0.668648;0
0;0.751046;0.679407;0
0;0.730777;0.674976;0
0;0.621069;0.650462;0
0;0.717337;0.67202;0
0;0.588047;0.642917;0
0;0.614272;0.648915;0
0;0.685396;0.664942;0
0;0.748678;0.67889;0
0;0.64156;0.655106;0
0;0.783972;0.686536;0
0;0.77823;0.685299;0
0;0.702198;0.668675;0
0;0.689069;0.66576;0
0;0.768013;0.683091;0
0;0.673871;0.662369;0
0;0.693489;0.666743;0
0;0.794366;0.688768;0
0;0.723636;0.673407;0
0;0.662772;0.659883;0
0;0.749114;0.678986;0
0;0.668946;0.661267;0
0;0.757341;0.680776;0
0;0.685196;0.664898;0
0;0.658826;0.658997;0
0;0.737139;0.67637;0
0;0.870877;0.704928;0
0;0.66631;0.660676;0
0;0.70123;0.66846;0
0;0.914907;0.714003;0
0;0.661835;0.659672;0
0;0.675836;0.662809;0
0;0.563835;0.63734;0
0;0.676602;0.66298;0
0;0.6834;0.664497;0
0;0.666232;0.660659;0
0;0.749334;0.679034;0
0;0.692195;0.666455;0
0;0.720744;0.672771;0
0;0.890819;0.709059;0
0;0.738097;0.67658;0
0;0.672491;0.662061;0
0;0.740115;0.677021;0
0;0.680272;0.663799;0
0;0.627403;0.6519;0
0;0.725789;0.673881;0
0;1.06036;0.742759;0
0;1.0006;0.731177;0
0;0.984198;0.72794;0
0;0.952948;0.721708;0
0;1.00309;0.731666;0
0;0.863091;0.703306;0
0;0.915532;0.714131;0
0;1.11037;0.752198;0
0;0.979686;0.727046;0
0;1.06215;0.743102;0
0;1.04273;0.739377;0
0;0.952457;0.721609;0
0;0.973967;0.725909;0
0;1.01651;0.734292;0
0;0.856331;0.701894;0
0;0.940844;0.71927;0
0;0.91207;0.713424;0
0;1.02815;0.736557;0
0;1.00129;0.731311;0
0;0.826056;0.69552;0
0;0.880564;0.706939;0
0;0.92419;0.715895;0
0;0.985753;0.728248;0
0;0.849942;0.700555;0
0;0.837218;0.697879;0
0;0.848902;0.700337;0
0;0.855601;0.701741;0
0;0.948576;0.720829;0
0;0.916159;0.714259;0
0;0.822221;0.694708;0
0;0.924945;0.716049;0
0;0.825436;0.695389;0
0;0.961914;0.723505;0
0;0.899629;0.710873;0
0;0.861886;0.703055;0
0;0.999106;0.730883;0
0;0.867228;0.704168;0
0;0.889329;0.708752;0
0;0.832213;0.696823;0
0;0.938125;0.718721;0
0;1.04703;0.740205;0
0;0.918742;0.714786;0
0;0.907824;0.712555;0
0;0.924622;0.715983;0
0;0.930852;0.717248;0
0;0.883161;0.707477;0
0;0.955446;0.722209;0
0;0.87902;0.706619;0
0;0.962557;0.723633;0
0;0.970568;0.725233;0
0;0.837801;0.698002;0
0;0.98467;0.728034;0
0;0.824407;0.695171;0
0;0.875925;0.705977;0
0;0.925407;0.716143;0
0;0.984234;0.727947;0
0;1.09436;0.749202;0
0;0.930589;0.717195;0
0;0.827353;0.695795;0
0;0.941875;0.719478;0
0;0.884191;0.70769;0
0;0.965111;0.724144;0
0;0.942613;0.719627;0
0;0.8908;0.709055;0
0;0.933193;0.717723;0
0;0.925805;0.716223;0
0;-0.858867;0.297576;1
0;0.240295;0.559786;0
0;-0.707973;0.330047;1
0;0.682844;0.664373;0
0;0.622377;0.650759;0
0;0.438698;0.607949;0
0;-0.263538;0.434494;1
0;0.464986;0.614196;0
0;1.02635;0.736207;0
0;1.15226;0.759924;0
0;1.13125;0.756069;0
0;1.1537;0.760186;0
0;1.1205;0.754082;0
0;1.0745;0.745452;0
0;1.27042;0.780814;0
0;1.11199;0.7525;0
0;1.02288;0.735533;0
0;1.18246;0.76539;0
0;1.06623;0.74388;0
0;1.0093;0.732884;0
0;1.09172;0.748705;0
0;1.13862;0.757426;0
0;1.04438;0.739694;0
0;1.18285;0.76546;0
0;0.781934;0.686097;0
0;1.11777;0.753574;0
0;1.05026;0.740826;0
0;1.01583;0.73416;0
0;1.18178;0.765269;0
0;1.104;0.751009;0
0;1.12752;0.755382;0
0;0.621163;0.650483;0
0;0.765145;0.68247;0
0;1.08311;0.747082;0
0;1.10785;0.751729;0
0;0.945862;0.720282;0
0;0.95752;0.722625;0
0;0.988744;0.72884;0
0;1.03746;0.738359;0
0;1.10923;0.751985;0
0;0.963899;0.723902;0
0;1.08327;0.747112;0
0;1.06707;0.744039;0
0;0.92546;0.716153;0
0;0.957124;0.722546;0
0;1.04385;0.739593;0
0;0.907489;0.712486;0
0;1.1253;0.754971;0
0;1.14956;0.75943;0
0;0.940322;0.719165;0
0;1.05948;0.742591;0
0;1.14261;0.758159;0
0;0.946216;0.720354;0
0;0.916764;0.714382;0
0;1.05043;0.740858;0
0;0.774715;0.68454;0
0;0.783765;0.686491;0
0;0.881351;0.707102;0
0;0.900149;0.71098;0
0;0.708566;0.670084;0
0;0.818536;0.693925;0
0;0.96137;0.723396;0
0;1.05875;0.742451;0
0;0.898205;0.710581;0
0;0.849083;0.700375;0
0;1.08881;0.748157;0
0;0.858198;0.702284;0
0;1.1029;0.750804;0
0;0.880628;0.706952;0
0;0.906715;0.712327;0
0;1.12506;0.754926;0
0;1.06284;0.743233;0
0;1.01305;0.733617;0
0;0.943268;0.719759;0
0;0.996987;0.730466;0
0;1.11013;0.752154;0
0;1.09213;0.748782;0
0;1.10281;0.750786;0
0;1.0774;0.746002;0
0;1.05239;0.741234;0
0;1.06045;0.742776;0
0;1.00011;0.73108;0
0;1.22462;0.772875;0
0;1.14162;0.757977;0
0;1.19222;0.767138;0
0;1.10083;0.750415;0
0;1.21677;0.771495;0
0;1.08837;0.748074;0
0;1.00263;0.731575;0
0;1.07145;0.744873;0
0;1.11261;0.752615;0
0;1.08392;0.747235;0
0;1.01203;0.733416;0
0;1.07513;0.745571;0
0;1.17547;0.764133;0
0;1.11346;0.752774;0
0;1.06425;0.743502;0
0;1.08916;0.748224;0
0;1.16444;0.762139;0
0;1.05508;0.74175;0
0;1.08706;0.747827;0
0;1.14958;0.759434;0
0;1.10042;0.75034;0
0;1.29828;0.785545;0
0;1.09962;0.750189;0
0;1.10012;0.750282;0
0;1.02961;0.73684;0
0;1.07312;0.745189;0
0;0.941129;0.719328;0
0;1.00315;0.731677;0
0;1.0797;0.746437;0
0;1.06361;0.74338;0
0;1.02913;0.736746;0
0;1.1557;0.760551;0
0;1.09008;0.748397;0
0;1.08385;0.747222;0
0;1.149;0.759328;0
0;1.1054;0.751271;0
0;1.16391;0.762043;0
0;1.00469;0.731979;0
0;1.12935;0.755719;0
0;0.967077;0.724536;0
0;1.06688;0.744003;0
0;1.18605;0.766034;0
0;1.09591;0.749493;0
0;1.19515;0.767662;0
0;1.13973;0.757631;0
0;1.05871;0.742444;0
0;1.18331;0.765542;0
0;1.09129;0.748625;0
0;1.01119;0.733253;0
0;1.16184;0.761666;0
0;1.22302;0.772595;0
0;1.09099;0.748567;0
0;1.01131;0.733276;0
0;1.0349;0.737864;0
0;1.12671;0.755232;0
0;1.08721;0.747855;0
0;1.0593;0.742557;0
0;1.13844;0.757393;0
0;1.13662;0.757059;0
0;1.11031;0.752186;0
0;1.16254;0.761794;0
0;1.25303;0.777824;0
0;1.17428;0.763917;0
0;1.14234;0.758108;0
0;0.593818;0.644241;0
0;0.835642;0.697547;0
0;0.524728;0.628253;0
0;0.522257;0.627675;0
0;0.808002;0.691684;0
0;0.699946;0.668176;0
0;0.531677;0.629874;0
0;0.703005;0.668854;0
0;0.922506;0.715552;0
0;0.698413;0.667836;0
0;0.875314;0.70585;0
0;0.924508;0.71596;0
0;0.949294;0.720973;0
0;0.80517;0.691079;0
0;0.672608;0.662087;0
0;0.869122;0.704563;0
0;0.6167;0.649468;0
0;0.467209;0.614723;0
0;0.810391;0.692193;0
0;0.717565;0.672071;0
0;0.739258;0.676834;0
0;0.163828;0.540866;0
0;0.846942;0.699925;0
0;0.890958;0.709088;0
0;0.597005;0.644971;0
0;0.62552;0.651473;0
0;0.509865;0.624775;0
0;0.561011;0.636687;0
0;0.654105;0.657935;0
0;0.797432;0.689425;0
0;0.701284;0.668472;0
0;0.559631;0.636367;0
0;0.660897;0.659462;0
0;0.427386;0.605249;0
0;0.353676;0.587509;0
0;0.249297;0.562003;0
0;0.644689;0.655813;0
0;0.263137;0.565407;0
0;0.531843;0.629913;0
0;0.944857;0.72008;0
0;0.86024;0.702711;0
0;0.886304;0.708127;0
0;0.85701;0.702036;0
0;0.49437;0.621135;0
0;0.605112;0.646825;0
0;0.691861;0.666381;0
0;0.529455;0.629356;0
0;0.824625;0.695217;0
0;0.803523;0.690728;0
0;0.786241;0.687024;0
0;0.893725;0.709658;0
0;0.60556;0.646927;0
0;0.761655;0.681713;0
0;0.724429;0.673582;0
0;0.816537;0.693501;0
0;0.636191;0.653892;0
0;0.431076;0.606131;0
0;0.883519;0.707551;0
0;0.828841;0.69611;0
0;0.942189;0.719542;0
0;0.778822;0.685426;0
0;0.686051;0.665088;0
0;0.875207;0.705828;0
0;0.839692;0.6984;0
0;0.964935;0.724109;0
0;0.682263;0.664244;0
0;0.638233;0.654354;0
0;0.562991;0.637144;0
0;0.538997;0.631579;0
0;0.266437;0.566218;0
0;0.338864;0.583915;0
0;0.440287;0.608327;0
0;0.27165;0.567498;0
0;0.434306;0.606901;0
0;0.309048;0.576653;0
0;0.262399;0.565226;0
0;0.717013;0.671949;0
0;0.62286;0.650869;0
0;0.597222;0.64502;0
0;0.477875;0.617246;0
0;0.580734;0.641236;0
0;-0.0639318;0.484022;1
0;-0.638209;0.345652;1
0;0.561597;0.636822;0
0;0.576897;0.640353;0
0;0.607615;0.647396;0
0;0.601196;0.64593;0
0;0.539804;0.631767;0
0;0.655598;0.658271;0
0;0.609124;0.647741;0
0;0.561675;0.63684;0
0;0.612886;0.648599;0
0;0.528411;0.629112;0
0;0.456061;0.612079;0
0;0.614411;0.648946;0
0;0.650533;0.657131;0
0;0.68688;0.665273;0
0;0.504917;0.623614;0
0;0.674656;0.662545;0
0;0.634223;0.653446;0
0;0.641869;0.655176;0
0;0.496303;0.62159;0
0;0.560167;0.636491;0
0;0.520352;0.62723;0
0;0.659139;0.659067;0
0;0.706055;0.669529;0
0;0.571404;0.639087;0
0;0.647484;0.656443;0
0;0.710743;0.670565;0
0;0.443321;0.60905;0
0;0.416988;0.602762;0
0;0.513049;0.625521;0
0;0.615731;0.649247;0
0;0.603364;0.646425;0
0;0.59915;0.645462;0
0;0.336048;0.58323;0
0;0.6799;0.663716;0
0;0.617923;0.649746;0
0;0.440283;0.608326;0
0;0.131162;0.532744;0
0;0.348838;0.586336;0
0;0.533875;0.630386;0
0;0.63644;0.653948;0
0;0.384007;0.594839;0
0;0.489206;0.619919;0
0;0.498502;0.622107;0
0;1.30531;0.786727;0
0;1.40635;0.80319;0
0;1.3611;0.795938;0
0;1.47066;0.813158;0
0;1.3797;0.798943;0
0;1.32638;0.79024;0
0;1.28774;0.783764;0
0;1.44423;0.809109;0
0;1.33592;0.791819;0
0;1.31273;0.787969;0
0;1.47048;0.813131;0
0;1.46938;0.812963;0
0;1.48804;0.815783;0
0;1.45937;0.811437;0
0;1.43181;0.807184;0
0;1.50514;0.81834;0
0;1.51733;0.820146;0
0;1.4571;0.811089;0
0;1.32585;0.790154;0
0;1.56171;0.826599;0
0;1.4375;0.808067;0
0;1.41573;0.804668;0
0;1.26764;0.780338;0
0;1.32598;0.790174;0
0;1.46963;0.813001;0
0;1.39885;0.802001;0
0;1.47337;0.813569;0
0;1.45662;0.811015;0
0;1.47845;0.814339;0
0;1.51759;0.820183;0
0;1.30523;0.786714;0
0;1.15154;0.759792;0
0;1.29388;0.784804;0
0;1.41887;0.805162;0
0;1.40415;0.802842;0
0;1.5121;0.819372;0
0;1.5422;0.823784;0
0;1.43727;0.808031;0
0;1.57201;0.82807;0
0;1.59991;0.832006;0
0;1.66612;0.841058;0
0;1.6617;0.840466;0
0;1.4581;0.811242;0
0;1.57886;0.829044;0
0;1.61324;0.833861;0
0;1.57336;0.828263;0
0;1.48658;0.815565;0
0;1.59139;0.830811;0
0;1.61712;0.834398;0
0;1.53287;0.822426;0
0;1.54929;0.824811;0
0;1.54578;0.824303;0
0;1.46102;0.811688;0
0;1.56681;0.827328;0
0;1.54395;0.824038;0
0;1.49886;0.817404;0
0;1.58582;0.830027;0
0;1.5863;0.830095;0
0;1.49261;0.816469;0
0;1.28407;0.783142;0
0;0.852102;0.701008;0
0;1.49973;0.817534;0
0;1.54661;0.824424;0
0;1.35593;0.795098;0
0;1.4162;0.804741;0
0;1.45513;0.810787;0
0;1.44942;0.80991;0
0;1.363;0.796246;0
0;1.48553;0.815407;0
0;1.34686;0.793616;0
0;1.0392;0.738695;0
0;1.20658;0.769693;0
0;1.30228;0.786219;0
0;1.17906;0.764779;0
0;1.19655;0.767911;0
0;1.10394;0.750998;0
0;1.21672;0.771486;0
0;1.25141;0.777545;0
0;1.20086;0.768677;0
0;1.08455;0.747355;0
0;1.3961;0.801564;0
0;1.30791;0.787164;0
0;1.36243;0.796154;0
0;1.1807;0.765074;0
0;1.31671;0.788634;0
0;1.20301;0.769059;0
0;1.16294;0.761866;0
0;1.26163;0.779306;0
0;1.13903;0.757501;0
0;0.941136;0.719329;0
0;1.24733;0.776837;0
0;1.09472;0.74927;0
0;0.992154;0.729513;0
0;1.31513;0.788371;0
0;1.20331;0.769112;0
0;1.03301;0.737499;0
0;1.24017;0.775594;0
0;1.20262;0.768991;0
0;1.01317;0.733641;0
0;1.17277;0.763645;0
0;1.14251;0.75814;0
0;1.02433;0.735815;0
0;1.07869;0.746246;0
0;0.79459;0.688816;0
0;1.07715;0.745954;0
0;0.918062;0.714647;0
0;1.14148;0.757951;0
0;1.07244;0.745061;0
0;1.06833;0.744279;0
0;1.05282;0.741317;0
0;1.11955;0.753906;0
0;1.10145;0.750532;0
0;1.07367;0.745294;0
0;0.939516;0.719002;0
0;0.944879;0.720084;0
0;1.13749;0.757218;0
0;1.06073;0.74283;0
0;1.00143;0.731339;0
0;1.0998;0.750222;0
0;1.06785;0.744188;0
0;0.963655;0.723853;0
0;1.0742;0.745396;0
0;1.03345;0.737585;0
0;1.09167;0.748695;0
0;1.08092;0.746667;0
0;0.996182;0.730307;0
0;1.05357;0.741461;0
0;0.93612;0.718315;0
0;1.02829;0.736585;0
0;1.07568;0.745676;0
0;1.07578;0.745694;0
0;0.885069;0.707872;0
0;0.991488;0.729382;0
0;1.09894;0.750061;0
0;1.05685;0.742089;0
0;0.980223;0.727153;0
0;1.1436;0.75834;0
0;1.06249;0.743166;0
0;1.0746;0.74547;0
0;0.967884;0.724698;0
0;1.13288;0.756371;0
0;1.17794;0.764578;0
0;1.06252;0.743172;0
0;1.03844;0.738549;0
0;1.14806;0.759157;0
0;0.988236;0.728739;0
0;0.790732;0.687988;0
0;1.02054;0.735078;0
0;0.934277;0.717942;0
0;0.989887;0.729066;0
0;1.03956;0.738765;0
0;0.836248;0.697674;0
0;1.0821;0.74689;0
0;0.979011;0.726912;0
0;0.935816;0.718254;0
0;0.929685;0.717011;0
0;1.04399;0.739618;0
0;0.990148;0.729117;0
0;1.09832;0.749945;0
0;0.917309;0.714493;0
0;0.963148;0.723752;0
0;1.05363;0.741471;0
0;0.941832;0.719469;0
0;0.970383;0.725196;0
0;1.0617;0.743015;0
0;1.10296;0.750814;0
0;1.11042;0.752207;0
0;1.05472;0.74168;0
0;1.1864;0.766096;0
0;1.10888;0.751919;0
0;1.00091;0.731237;0
0;0.7751;0.684623;0
0;-0.309616;0.423208;1
0;1.1008;0.750411;0
0;-0.110402;0.472428;1
0;1.07422;0.745399;0
0;1.03751;0.73837;0
0;0.981977;0.7275;0
0;1.07929;0.74636;0
0;0.920194;0.715082;0
0;0.95413;0.721945;0
0;1.01363;0.733729;0
0;0.994389;0.729954;0
0;1.12637;0.755168;0
0;1.05399;0.741541;0
0;-0.324782;0.419511;1
0;1.0584;0.742385;0
0;0.987538;0.728601;0
0;1.1221;0.754379;0
0;1.16662;0.762534;0
0;0.98794;0.728681;0
0;1.17175;0.763461;0
0;0.901802;0.71132;0
0;1.0467;0.74014;0
0;0.976114;0.726336;0
0;0.949818;0.721079;0
0;0.908054;0.712602;0
0;0.754991;0.680265;0
0;0.933325;0.717749;0
0;0.928512;0.716773;0
0;0.862518;0.703186;0
0;0.891139;0.709125;0
0;1.40419;0.802848;0
0;1.44889;0.809828;0
0;1.39543;0.801457;0
0;1.47027;0.813098;0
0;1.40091;0.802328;0
0;1.43471;0.807634;0
0;1.33092;0.790993;0
0;1.39537;0.801448;0
0;1.45788;0.811209;0
0;1.40344;0.80273;0
0;1.43986;0.808433;0
0;1.27146;0.780993;0
0;1.42967;0.80685;0
0;1.29646;0.785239;0
0;1.24857;0.777052;0
0;1.38566;0.799898;0
0;1.35025;0.79417;0
0;1.34453;0.793234;0
0;1.24897;0.777122;0
0;1.37237;0.797762;0
0;1.29405;0.784833;0
0;1.28168;0.782735;0
0;1.33689;0.791977;0
0;1.15483;0.760393;0
0;1.34909;0.79398;0
0;1.27737;0.782002;0
0;1.29698;0.785326;0
0;1.28446;0.783207;0
0;1.41147;0.803997;0
0;1.24509;0.776449;0
0;1.39532;0.801441;0
0;1.2624;0.779439;0
0;1.35767;0.79538;0
0;1.32044;0.789255;0
0;1.31814;0.788872;0
0;1.38396;0.799625;0
0;1.47155;0.813293;0
0;1.46113;0.811705;0
0;1.43005;0.806909;0
0;1.41429;0.804442;0
0;1.42032;0.805389;0
0;1.40085;0.802319;0
0;1.40716;0.803318;0
0;1.44503;0.809232;0
0;1.43495;0.807672;0
0;1.35444;0.794854;0
0;1.55373;0.825452;0
0;1.52167;0.820784;0
0;1.45568;0.810871;0
0;1.3608;0.795891;0
0;1.46394;0.812135;0
0;1.45153;0.810233;0
0;1.49397;0.816673;0
0;1.60271;0.832396;0
0;1.62218;0.835096;0
0;1.46581;0.81242;0
0;1.38896;0.800427;0
0;1.45596;0.810913;0
0;1.40234;0.802556;0
0;1.38887;0.800412;0
0;1.46279;0.811959;0
0;1.4045;0.802897;0
0;1.52963;0.821952;0
0;1.53109;0.822166;0
0;1.50184;0.817849;0
0;1.36096;0.795916;0
0;1.4455;0.809304;0
0;1.5145;0.819727;0
0;1.571;0.827927;0
0;0.771948;0.683942;0
0;0.796926;0.689317;0
0;0.925336;0.716128;0
0;0.911064;0.713218;0
0;0.80346;0.690714;0
0;0.775437;0.684696;0
0;0.796785;0.689286;0
0;0.746864;0.678495;0
0;0.777992;0.685247;0
0;0.7007;0.668343;0
0;1.062;0.743072;0
0;0.981658;0.727437;0
0;0.814775;0.693126;0
0;0.688722;0.665682;0
0;0.874999;0.705785;0
0;0.882987;0.707441;0
0;0.894308;0.709778;0
0;0.75429;0.680113;0
0;0.851911;0.700968;0
0;0.947008;0.720513;0
0;0.951803;0.721478;0
0;0.889072;0.708699;0
0;0.769931;0.683506;0
0;0.860831;0.702834;0
0;0.762391;0.681873;0
0;0.631252;0.652773;0
0;0.546225;0.633259;0
0;0.559123;0.63625;0
0;0.651794;0.657415;0
0;0.587584;0.642811;0
0;0.779583;0.68559;0
0;0.90201;0.711362;0
0;0.760976;0.681566;0
0;0.874646;0.705711;0
0;0.760341;0.681428;0
0;0.944438;0.719995;0
0;0.819864;0.694208;0
0;1.13726;0.757175;0
0;0.936956;0.718484;0
0;0.98398;0.727897;0
0;0.837587;0.697957;0
0;0.893212;0.709553;0
0;0.923895;0.715835;0
0;0.966348;0.724391;0
0;0.942191;0.719542;0
0;0.861786;0.703034;0
0;0.760567;0.681477;0
0;0.860306;0.702725;0
0;0.766915;0.682853;0
0;0.814325;0.69303;0
0;0.830431;0.696446;0
0;0.896356;0.7102;0
0;0.865108;0.703727;0
0;0.754863;0.680237;0
0;0.775723;0.684758;0
0;0.851319;0.700844;0
0;0.903122;0.711591;0
0;0.743759;0.677817;0
0;0.841244;0.698727;0
0;0.927931;0.716655;0
0;0.813349;0.692823;0
0;0.81606;0.693399;0
0;0.737286;0.676402;0
0;0.808938;0.691883;0
0;0.877216;0.706245;0
0;0.924336;0.715925;0
0;0.766816;0.682832;0
0;1.54102;0.823613;0
0;1.52591;0.821407;0
0;1.54046;0.823532;0
0;1.59362;0.831125;0
0;1.33944;0.792399;0
0;1.42033;0.805391;0
0;1.65967;0.840194;0
0;1.55899;0.826208;0
0;1.48364;0.815122;0
0;1.37222;0.797739;0
0;1.43785;0.808121;0
0;1.44801;0.809692;0
0;1.49205;0.816386;0
0;1.5044;0.818229;0
0;1.51266;0.819455;0
0;1.53958;0.823404;0
0;1.58464;0.82986;0
0;1.58853;0.83041;0
0;1.58916;0.830498;0
0;1.53113;0.822172;0
0;1.50724;0.818651;0
0;1.61356;0.833905;0
0;1.58181;0.829461;0
0;1.4875;0.815702;0
0;1.50801;0.818766;0
0;1.51946;0.820459;0
0;1.52574;0.821382;0
0;1.58626;0.830089;0
0;1.47286;0.813492;0
0;1.52329;0.821022;0
0;1.54306;0.82391;0
0;1.49978;0.817541;0
0;1.40944;0.803677;0
0;1.52206;0.820842;0
0;1.43702;0.807992;0
0;1.472;0.813361;0
0;1.44069;0.808562;0
0;1.38149;0.799229;0
0;1.51599;0.819947;0
0;1.60238;0.832351;0
0;1.40691;0.803277;0
0;1.49986;0.817553;0
0;1.5444;0.824104;0
0;1.49392;0.816666;0
0;1.45903;0.811384;0
0;1.34688;0.793619;0
0;1.54851;0.824698;0
0;1.36185;0.79606;0
0;1.544;0.824046;0
0;1.60425;0.832611;0
0;1.50485;0.818297;0
0;1.57875;0.829028;0
0;1.35299;0.794619;0
0;1.5311;0.822167;0
0;1.48597;0.815472;0
0;1.33781;0.79213;0
0;1.51497;0.819796;0
0;1.49813;0.817295;0
0;1.41185;0.804058;0
0;1.51668;0.820049;0
0;1.45517;0.810793;0
0;1.39857;0.801956;0
0;1.56128;0.826537;0
0;1.58107;0.829356;0
0;1.24242;0.775984;0
0;1.50366;0.818119;0
0;1.06413;0.743479;0
0;1.08645;0.747712;0
0;1.20493;0.769401;0
0;1.23631;0.774921;0
0;1.18262;0.765419;0
0;1.11311;0.752709;0
0;1.23711;0.77506;0
0;1.10428;0.751061;0
0;1.12244;0.75444;0
0;1.1976;0.768098;0
0;1.21785;0.771685;0
0;1.19115;0.766947;0
0;1.05955;0.742605;0
0;1.1438;0.758377;0
0;1.18258;0.765412;0
0;1.15937;0.761219;0
0;1.15981;0.761299;0
0;1.19317;0.767308;0
0;1.17026;0.763192;0
0;0.987772;0.728648;0
0;1.14178;0.758005;0
0;1.2649;0.779868;0
0;1.13084;0.755994;0
0;0.559135;0.636252;0
0;1.13749;0.757219;0
0;1.21556;0.771281;0
0;1.18939;0.766631;0
0;1.23541;0.774764;0
0;1.07001;0.744599;0
0;1.10737;0.751639;0
0;1.19088;0.766899;0
0;1.14776;0.759101;0
0;1.08152;0.746781;0
0;1.15871;0.761099;0
0;1.0586;0.742422;0
0;1.13011;0.755859;0
0;1.17459;0.763973;0
0;1.18142;0.765203;0
0;1.15224;0.75992;0
0;1.04934;0.740647;0
0;1.13741;0.757204;0
0;1.01534;0.734064;0
0;1.16468;0.762183;0
0;1.16486;0.762215;0
0;1.14019;0.757715;0
0;1.13537;0.756828;0
0;1.21883;0.771858;0
0;1.18614;0.766049;0
0;1.14217;0.758078;0
0;1.14642;0.758857;0
0;1.09376;0.749088;0
0;1.1266;0.75521;0
0;1.07527;0.745597;0
0;1.07173;0.744926;0
0;1.11986;0.753963;0
0;1.15825;0.761014;0
0;1.14695;0.758954;0
0;1.20318;0.769091;0
0;1.11113;0.75234;0
0;1.0944;0.74921;0
0;1.16369;0.762003;0
0;1.18717;0.766235;0
0;1.1719;0.763488;0
0;1.04637;0.740078;0
0;1.05808;0.742324;0
0;1.05726;0.742166;0
0;1.04918;0.740617;0
0;1.02618;0.736174;0
0;0.892267;0.709358;0
0;1.01749;0.734483;0
0;1.0258;0.7361;0
0;1.01815;0.734613;0
0;0.916883;0.714407;0
0;1.03798;0.738461;0
0;1.00021;0.731099;0
0;1.01905;0.734788;0
0;1.1359;0.756926;0
0;1.05129;0.741023;0
0;0.98674;0.728444;0
0;1.01924;0.734824;0
0;0.990778;0.729241;0
0;0.950451;0.721206;0
0;1.04239;0.739311;0
0;0.985976;0.728292;0
0;1.03356;0.737605;0
0;1.20749;0.769854;0
0;1.15678;0.760747;0
0;1.32814;0.790532;0
0;1.15318;0.760091;0
0;1.29608;0.785175;0
0;1.21998;0.77206;0
0;1.19415;0.767482;0
0;1.23702;0.775044;0
0;1.30907;0.787357;0
0;0.950567;0.721229;0
0;1.29749;0.785413;0
0;1.2902;0.784181;0
0;1.26606;0.780067;0
0;1.17846;0.764671;0
0;1.3269;0.790327;0
0;1.27124;0.780955;0
0;0.848491;0.70025;0
0;1.23681;0.775008;0
0;1.0333;0.737554;0
0;1.28348;0.783042;0
0;1.31247;0.787926;0
0;1.46578;0.812415;0
0;1.33271;0.791288;0
0;1.33017;0.790869;0
0;1.27129;0.780963;0
0;1.23507;0.774705;0
0;1.36097;0.795917;0
0;1.21384;0.770977;0
0;1.28779;0.783773;0
0;1.34174;0.792776;0
0;1.26239;0.779437;0
0;1.26107;0.779211;0
0;1.26854;0.780493;0
0;1.30163;0.78611;0
0;1.42924;0.806783;0
0;1.23805;0.775224;0
0;1.25853;0.778773;0
0;1.32152;0.789434;0
0;1.19464;0.76757;0
0;1.20478;0.769374;0
0;1.18082;0.765095;0
0;1.09055;0.748486;0
0;1.25312;0.777839;0
0;1.23887;0.775367;0
0;1.22064;0.772177;0
0;1.3426;0.792917;0
0;1.25278;0.777781;0
0;1.26478;0.779848;0
0;1.35628;0.795155;0
0;1.24757;0.77688;0
0;1.16285;0.76185;0
0;0.85319;0.701236;0
0;0.917156;0.714462;0
0;0.772345;0.684028;0
0;0.859931;0.702646;0
0;0.911225;0.713251;0
0;0.814333;0.693032;0
0;0.904164;0.711805;0
0;0.664779;0.660333;0
0;0.828505;0.696039;0
0;0.734486;0.675789;0
0;0.851936;0.700973;0
0;0.837135;0.697861;0
0;0.879067;0.706629;0
0;0.78317;0.686363;0
0;0.823414;0.694961;0
0;0.846402;0.699812;0
0;0.9079;0.71257;0
0;0.886519;0.708171;0
0;0.991965;0.729476;0
0;0.906435;0.71227;0
0;0.848362;0.700224;0
0;0.840268;0.698522;0
0;0.975579;0.72623;0
0;0.858703;0.70239;0
0;0.939057;0.718909;0
0;0.781693;0.686045;0
0;0.842426;0.698976;0
0;0.891297;0.709158;0
0;0.849788;0.700523;0
0;0.867175;0.704157;0
0;0.863749;0.703443;0
0;0.882633;0.707367;0
0;0.776158;0.684852;0
0;0.892497;0.709405;0
0;1.04879;0.740543;0
0;0.928669;0.716805;0
0;0.955254;0.722171;0
0;1.01616;0.734224;0
0;0.763097;0.682026;0
0;0.946128;0.720336;0
0;1.00747;0.732525;0
0;0.972911;0.725699;0
0;0.995339;0.730141;0
0;0.814068;0.692976;0
0;0.651501;0.657349;0
0;0.71047;0.670505;0
0;0.685008;0.664855;0
0;0.674465;0.662502;0
0;0.9796;0.727029;0
0;0.706185;0.669558;0
0;1.02196;0.735354;0
0;0.966171;0.724356;0
0;0.973575;0.725832;0
0;0.988956;0.728882;0
0;0.901985;0.711357;0
0;0.877119;0.706225;0
0;0.956355;0.722391;0
0;0.896753;0.710282;0
0;0.920652;0.715175;0
0;0.893909;0.709696;0
0;0.727392;0.674233;0
0;0.929091;0.716891;0
0;0.884082;0.707667;0
0;0.918095;0.714654;0
0;0.78982;0.687793;0
0;0.804231;0.690879;0
0;0.981234;0.727353;0
0;1.11953;0.753901;0
0;1.17203;0.763512;0
0;1.17127;0.763374;0
0;0.910498;0.713102;0
0;1.06006;0.742701;0
0;1.14183;0.758015;0
0;1.10814;0.751783;0
0;1.07865;0.746238;0
0;1.1845;0.765756;0
0;1.07241;0.745055;0
0;0.961737;0.723469;0
0;1.19363;0.76739;0
0;1.09607;0.749523;0
0;1.20403;0.769241;0
0;1.04167;0.739173;0
0;1.06191;0.743056;0
0;1.07924;0.74635;0
0;1.00948;0.732918;0
0;1.07014;0.744624;0
0;1.23399;0.774517;0
0;1.0328;0.737458;0
0;1.06157;0.74299;0
0;1.10126;0.750496;0
0;1.1933;0.767331;0
0;0.954488;0.722017;0
0;1.13959;0.757605;0
0;1.05551;0.741832;0
0;1.07672;0.745872;0
0;1.0312;0.737148;0
0;0.976391;0.726392;0
0;1.05237;0.74123;0
0;0.991622;0.729408;0
0;0.991434;0.729371;0
0;1.12669;0.755228;0
0;1.05588;0.741903;0
0;1.02858;0.736641;0
0;1.04442;0.739702;0
0;0.956646;0.72245;0
0;1.03372;0.737636;0
0;1.09586;0.749484;0
0;1.09652;0.749608;0
0;1.00461;0.731963;0
0;0.962778;0.723678;0
0;1.03251;0.737403;0
0;1.09052;0.748479;0
0;1.14183;0.758016;0
0;1.01134;0.733283;0
0;0.977267;0.726566;0
0;1.06343;0.743345;0
0;0.947332;0.720578;0
0;1.03772;0.738409;0
0;0.999616;0.730983;0
0;0.853196;0.701237;0
0;0.966092;0.72434;0
0;1.11019;0.752164;0
0;1.02135;0.735236;0
0;1.02442;0.735832;0
0;0.843589;0.69922;0
0;0.950927;0.721302;0
0;0.895312;0.709985;0
0;0.927159;0.716499;0
0;0.956914;0.722504;0
0;1.0132;0.733645;0
0;1.13196;0.7562;0
0;1.02514;0.735972;0
0;0.871206;0.704997;0
0;0.94267;0.719639;0
0;0.981211;0.727348;0
0;0.911719;0.713352;0
0;0.95198;0.721513;0
0;0.850466;0.700665;0
0;0.920009;0.715044;0
0;1.04241;0.739315;0
0;1.01651;0.734292;0
0;1.04423;0.739665;0
0;0.989555;0.729;0
0;0.958561;0.722834;0
0;1.07635;0.745802;0
0;1.01248;0.733504;0
0;1.11743;0.753511;0
0;1.01098;0.733212;0
0;1.08199;0.746871;0
0;1.0726;0.745092;0
0;0.904058;0.711783;0
0;0.966515;0.724424;0
0;0.894059;0.709727;0
0;0.933943;0.717875;0
0;1.1532;0.760095;0
0;1.01813;0.734608;0
0;1.13734;0.757192;0
0;1.02107;0.735181;0
0;1.07016;0.744627;0
0;1.15902;0.761154;0
0;1.03071;0.737054;0
0;1.0148;0.733958;0
0;0.930757;0.717229;0
0;0.906716;0.712328;0
0;0.972786;0.725675;0
0;0.950805;0.721277;0
0;1.03994;0.738839;0
0;1.04852;0.740491;0
0;0.896124;0.710152;0
0;0.984885;0.728076;0
0;0.888653;0.708612;0
0;0.988718;0.728835;0
0;0.961271;0.723376;0
0;1.0322;0.737343;0
0;0.868526;0.704439;0
0;0.90789;0.712568;0
0;0.933846;0.717855;0
0;0.863965;0.703488;0
0;0.838591;0.698168;0
0;0.757832;0.680883;0
0;0.880043;0.706831;0
0;0.834982;0.697407;0
0;0.987246;0.728544;0
0;1.14473;0.758547;0
0;1.00558;0.732155;0
0;0.884163;0.707684;0
0;0.924662;0.715991;0
0;0.822552;0.694778;0
0;0.757784;0.680872;0
0;0.880187;0.706861;0
0;0.846164;0.699762;0
0;0.864264;0.703551;0
0;0.884775;0.707811;0
0;0.928801;0.716832;0
0;0.858688;0.702386;0
0;0.861907;0.703059;0
0;1.09505;0.749331;0
0;0.961538;0.72343;0
0;0.939907;0.719081;0
0;0.914843;0.71399;0
0;0.801983;0.690398;0
0;1.02706;0.736345;0
0;0.856307;0.701889;0
0;0.872241;0.705212;0
0;0.862262;0.703133;0
0;0.852363;0.701063;0
0;0.903575;0.711684;0
0;1.20112;0.768725;0
0;1.18434;0.765728;0
0;1.09782;0.749851;0
0;1.25186;0.777622;0
0;1.23453;0.774611;0
0;1.23912;0.775411;0
0;1.25938;0.778919;0
0;1.13838;0.757382;0
0;1.33203;0.791176;0
0;1.35553;0.795032;0
0;1.33391;0.791487;0
0;1.29786;0.785474;0
0;1.3319;0.791154;0
0;1.42966;0.806848;0
0;1.21628;0.771408;0
0;1.33173;0.791127;0
0;1.354;0.794782;0
0;1.3052;0.786709;0
0;1.38172;0.799268;0
0;1.34723;0.793676;0
0;1.25978;0.778988;0
0;1.31802;0.788852;0
0;1.39154;0.800837;0
0;1.47439;0.813723;0
0;1.47479;0.813785;0
0;1.40497;0.802972;0
0;1.41896;0.805175;0
0;1.42427;0.806006;0
0;1.35807;0.795446;0
0;1.32541;0.790081;0
0;1.42068;0.805445;0
0;1.1455;0.758688;0
0;1.30697;0.787006;0
0;1.32854;0.790599;0
0;1.22054;0.772159;0
0;1.34722;0.793674;0
0;1.36107;0.795933;0
0;1.40238;0.802562;0
0;1.31894;0.789005;0
0;1.30974;0.787469;0
0;1.32233;0.789569;0
0;1.15874;0.761104;0
0;1.31856;0.788942;0
0;1.38974;0.800551;0
0;1.29552;0.78508;0
0;1.28295;0.782951;0
0;1.24102;0.775742;0
0;1.36381;0.796379;0
0;1.27498;0.781594;0
0;1.3666;0.79683;0
0;1.29343;0.784727;0
0;1.36416;0.796435;0
0;1.3719;0.797687;0
0;1.35948;0.795675;0
0;1.32102;0.789351;0
0;1.3385;0.792243;0
0;1.28172;0.782743;0
0;1.32477;0.789974;0
0;1.30343;0.786412;0
0;1.36589;0.796716;0
0;1.2816;0.782723;0
0;1.25008;0.777315;0
0;1.40194;0.802492;0
0;1.38278;0.799437;0
0;1.40382;0.80279;0
0;1.32416;0.789874;0
0;1.24757;0.77688;0
0;1.33811;0.79218;0
0;1.28493;0.783287;0
0;1.31612;0.788535;0
0;1.22855;0.773565;0
0;1.40074;0.802301;0
0;1.33092;0.790993;0
0;0.503985;0.623395;0
0;0.437807;0.607736;0
0;0.53565;0.6308;0
0;0.490421;0.620206;0
0;0.580745;0.641239;0
0;0.664774;0.660332;0
0;0.191917;0.547833;0
0;0.589559;0.643264;0
0;0.414881;0.602258;0
0;0.51229;0.625343;0
0;0.619507;0.650106;0
0;0.597417;0.645065;0
0;0.527161;0.628821;0
0;0.963485;0.723819;0
0;0.484023;0.618697;0
0;0.517045;0.626457;0
0;0.363744;0.589946;0
0;0.532141;0.629982;0
0;0.59963;0.645572;0
0;0.232192;0.557789;0
0;0.515948;0.6262;0
0;0.724665;0.673634;0
0;0.375367;0.592755;0
0;0.23791;0.559199;0
0;0.47163;0.61577;0
0;0.468103;0.614935;0
0;0.334135;0.582765;0
0;0.262979;0.565368;0
0;0.470659;0.61554;0
0;0.342882;0.58489;0
0;0.492649;0.62073;0
0;0.291521;0.572368;0
0;0.446916;0.609906;0
0;0.698477;0.66785;0
0;0.2609;0.564857;0
0;0.381394;0.594209;0
0;0.736338;0.676195;0
0;0.343814;0.585117;0
0;0.755443;0.680363;0
0;0.29343;0.572836;0
0;0.310987;0.577126;0
0;0.330812;0.581957;0
0;0.296875;0.573678;0
0;0.318505;0.57896;0
0;0.424105;0.604465;0
0;0.548353;0.633753;0
0;0.260879;0.564852;0
0;0.188159;0.546901;0
0;0.470301;0.615455;0
0;0.116818;0.529171;0
0;0.328008;0.581275;0
0;0.514515;0.625864;0
0;0.630677;0.652643;0
0;0.434315;0.606904;0
0;0.362446;0.589633;0
0;0.559112;0.636247;0
0;0.341677;0.584598;0
0;0.521762;0.62756;0
0;0.425718;0.604851;0
0;0.340822;0.58439;0
0;0.394377;0.597336;0
0;0.626343;0.65166;0
0;0.591127;0.643624;0
0;0.428042;0.605406;0
0;0.417292;0.602835;0
0;0.422015;0.603965;0
0;0.2702;0.567142;0
0;0.485529;0.619053;0
0;0.234717;0.558411;0
0;0.327133;0.581062;0
0;1.00178;0.731407;0
0;0.921582;0.715364;0
0;1.08266;0.746997;0
0;1.13132;0.756082;0
0;0.963812;0.723884;0
0;1.14031;0.757736;0
0;1.0137;0.733744;0
0;1.1403;0.757736;0
0;0.957695;0.72266;0
0;1.00248;0.731546;0
0;1.12697;0.75528;0
0;1.16484;0.762211;0
0;1.02871;0.736667;0
0;1.01073;0.733164;0
0;1.18421;0.765704;0
0;1.00043;0.731142;0
0;0.969314;0.724983;0
0;1.0461;0.740025;0
0;1.12496;0.754908;0
0;0.932811;0.717645;0
0;0.911018;0.713208;0
0;1.13451;0.756671;0
0;1.03258;0.737415;0
0;1.02693;0.736321;0
0;0.827102;0.695742;0
0;1.01686;0.734361;0
0;1.01145;0.733303;0
0;0.989381;0.728966;0
0;1.01306;0.733618;0
0;1.02524;0.735992;0
0;1.0227;0.735498;0
0;0.902404;0.711443;0
0;0.883511;0.707549;0
0;0.961162;0.723354;0
0;0.827409;0.695807;0
0;0.81042;0.692199;0
0;1.17491;0.764032;0
0;0.965224;0.724166;0
0;0.930372;0.717151;0
0;0.89948;0.710843;0
0;0.920706;0.715186;0
0;0.949167;0.720948;0
0;1.02232;0.735425;0
0;0.991993;0.729481;0
0;0.81674;0.693544;0
0;0.872633;0.705293;0
0;0.836319;0.697689;0
0;0.840119;0.69849;0
0;0.813575;0.692871;0
0;0.507885;0.624311;0
0;-0.0607079;0.484828;1
0;1.21487;0.771159;0
0;1.06726;0.744076;0
0;0.893075;0.709524;0
0;0.700242;0.668241;0
0;0.920062;0.715055;0
0;1.01251;0.733512;0
0;0.964599;0.724042;0
0;1.14584;0.75875;0
0;0.942664;0.719637;0
0;0.893224;0.709555;0
0;0.788591;0.687529;0
0;0.913502;0.713716;0
0;1.05822;0.74235;0
0;1.05331;0.74141;0
0;0.94314;0.719733;0
0;0.845002;0.699518;0
0;0.868223;0.704376;0
0;0.976341;0.726382;0
0;1.04291;0.73941;0
0;0.954128;0.721945;0
0;0.450625;0.610788;0
0;1.00221;0.731493;0
0;0.53093;0.6297;0
0;0.813942;0.692949;0
0;0.456677;0.612226;0
0;0.739986;0.676993;0
0;0.592125;0.643853;0
0;0.570327;0.638839;0
0;0.783789;0.686496;0
0;0.665353;0.660462;0
0;0.427064;0.605172;0
0;0.553659;0.634984;0
0;0.865073;0.703719;0
0;0.514578;0.625879;0
0;0.870156;0.704778;0
0;0.673366;0.662257;0
0;0.927713;0.716611;0
0;0.911439;0.713295;0
0;0.982691;0.727642;0
0;0.988449;0.728782;0
0;0.658896;0.659012;0
0;0.924984;0.716056;0
0;0.721959;0.673038;0
0;0.787745;0.687347;0
0;0.699174;0.668005;0
0;0.779523;0.685577;0
0;0.874086;0.705595;0
0;0.698098;0.667766;0
0;0.70406;0.669087;0
0;0.371707;0.591871;0
0;0.691972;0.666405;0
0;0.458856;0.612743;0
0;0.670657;0.66165;0
0;1.00307;0.731661;0
0;0.751448;0.679494;0
0;0.558407;0.636084;0
0;0.616819;0.649495;0
0;0.677926;0.663276;0
0;0.716896;0.671923;0
0;0.566356;0.637922;0
0;0.753033;0.679839;0
0;0.799323;0.68983;0
0;0.673615;0.662312;0
0;0.69507;0.667094;0
0;0.636418;0.653943;0
0;0.782576;0.686235;0
0;0.811142;0.692353;0
0;0.680223;0.663788;0
0;0.725421;0.6738;0
0;0.565773;0.637787;0
0;0.835869;0.697594;0
0;0.7885;0.687509;0
0;0.538467;0.631456;0
0;0.611286;0.648234;0
0;0.530239;0.629539;0
0;0.440614;0.608405;0
0;0.766102;0.682677;0
0;0.421393;0.603816;0
0;0.5482;0.633718;0
0;0.798435;0.68964;0
0;0.703806;0.669031;0
0;0.754027;0.680056;0
0;0.910329;0.713068;0
0;0.678241;0.663346;0
0;0.779429;0.685557;0
0;0.752821;0.679793;0
0;0.753232;0.679882;0
0;0.750971;0.67939;0
0;0.804433;0.690922;0
0;0.718171;0.672204;0
0;0.611306;0.648239;0
0;0.755406;0.680355;0
0;0.658591;0.658944;0
0;0.674707;0.662556;0
0;0.640623;0.654894;0
0;0.642288;0.655271;0
0;0.727977;0.674361;0
0;0.581574;0.641429;0
0;0.630073;0.652506;0
0;0.727139;0.674177;0
0;0.715785;0.671678;0
0;0.569348;0.638613;0
0;0.712008;0.670845;0
0;0.46803;0.614917;0
0;0.63795;0.65429;0
0;0.576821;0.640336;0
0;0.825609;0.695426;0
0;0.738277;0.676619;0
0;0.853287;0.701256;0
0;0.574198;0.639731;0
0;0.848652;0.700284;0
0;0.730865;0.674995;0
0;0.733203;0.675508;0
0;0.718603;0.672299;0
0;0.699832;0.668151;0
0;0.760675;0.6815;0
0;0.677126;0.663097;0
0;0.656387;0.658448;0
0;0.912536;0.713519;0
0;0.729594;0.674716;0
0;0.650377;0.657095;0
0;0.693948;0.666845;0
0;0.759177;0.681175;0
0;0.80505;0.691054;0
0;0.755471;0.68037;0
0;0.732014;0.675247;0
0;0.809359;0.691973;0
0;0.802548;0.690519;0
0;0.819004;0.694025;0
0;0.773079;0.684187;0
0;0.72652;0.674041;0
0;0.726102;0.673949;0
0;0.697204;0.667568;0
0;0.829507;0.696251;0
0;0.793353;0.688551;0
0;0.909152;0.712827;0
0;0.781302;0.685961;0
0;0.597198;0.645015;0
0;0.698476;0.66785;0
0;0.709874;0.670373;0
0;0.554091;0.635084;0
0;0.597875;0.64517;0
0;0.670602;0.661638;0
0;0.776925;0.685017;0
0;0.782039;0.686119;0
0;0.805631;0.691178;0
0;0.737998;0.676558;0
0;0.785208;0.686802;0
0;0.873322;0.705436;0
0;0.591336;0.643672;0
0;0.667629;0.660972;0
0;0.598089;0.645219;0
0;0.617794;0.649717;0
0;1.30435;0.786566;0
0;1.35035;0.794188;0
0;1.34559;0.793408;0
0;1.28298;0.782956;0
0;1.0389;0.738638;0
0;1.48092;0.814711;0
0;1.37028;0.797425;0
0;1.32957;0.790769;0
0;1.16942;0.76304;0
0;1.2117;0.770599;0
0;1.32212;0.789534;0
0;1.24598;0.776603;0
0;1.21308;0.770844;0
0;1.2686;0.780503;0
0;1.30636;0.786904;0
0;1.31095;0.787672;0
0;1.16257;0.761799;0
0;1.37169;0.797654;0
0;1.24659;0.776709;0
0;0.974644;0.726044;0
0;1.30455;0.7866;0
0;1.33591;0.791816;0
0;1.3141;0.788199;0
0;1.59406;0.831187;0
0;1.26953;0.780663;0
0;1.31806;0.788859;0
0;1.40898;0.803605;0
0;1.31919;0.789047;0
0;1.45664;0.811018;0
0;1.68345;0.843361;0
0;1.6247;0.835442;0
0;1.48713;0.815647;0
0;1.52497;0.821269;0
0;1.57803;0.828925;0
0;1.55802;0.826069;0
0;1.50395;0.818163;0
0;1.28849;0.783891;0
0;1.19729;0.768042;0
0;1.0834;0.747137;0
0;1.20023;0.768566;0
0;1.03062;0.737037;0
0;1.03604;0.738085;0
0;1.35516;0.794972;0
0;1.32435;0.789904;0
0;1.32941;0.790744;0
0;1.45751;0.811152;0
0;1.44199;0.808762;0
0;1.46255;0.811923;0
0;1.398;0.801867;0
0;1.52707;0.821577;0
0;1.27448;0.781508;0
0;1.3294;0.790742;0
0;1.50919;0.818941;0
0;1.24158;0.775839;0
0;1.47732;0.814168;0
0;1.46188;0.81182;0
0;1.42875;0.806707;0
0;1.38687;0.800093;0
0;1.44644;0.80945;0
0;1.42754;0.806518;0
0;1.21061;0.770407;0
0;1.29093;0.784305;0
0;1.40293;0.802649;0
0;1.40309;0.802673;0
0;1.44909;0.809859;0
0;1.2581;0.778699;0
0;1.15491;0.760406;0
0;0.666191;0.66065;0
0;0.863114;0.703311;0
0;0.51842;0.626778;0
0;0.52299;0.627847;0
0;0.638033;0.654309;0
0;0.689489;0.665853;0
0;0.690298;0.666033;0
0;0.737621;0.676475;0
0;0.835539;0.697525;0
0;0.650863;0.657205;0
0;0.739675;0.676925;0
0;0.515871;0.626182;0
0;0.512609;0.625418;0
0;0.820997;0.694448;0
0;0.815054;0.693185;0
0;0.670493;0.661614;0
0;0.65451;0.658026;0
0;0.77422;0.684433;0
0;0.725904;0.673906;0
0;0.533555;0.630312;0
0;0.679396;0.663604;0
0;0.530442;0.629586;0
0;0.752632;0.679752;0
0;0.750978;0.679392;0
0;0.802387;0.690485;0
0;0.646953;0.656324;0
0;0.474527;0.616455;0
0;0.860207;0.702704;0
0;0.720196;0.67265;0
0;0.85473;0.701558;0
0;0.815915;0.693369;0
0;0.738123;0.676585;0
0;0.539143;0.631613;0
0;0.625988;0.651579;0
0;0.695522;0.667194;0
0;0.630838;0.652679;0
0;0.479227;0.617565;0
0;0.777128;0.685061;0
0;0.781379;0.685977;0
0;0.646844;0.656299;0
0;0.761109;0.681594;0
0;0.628879;0.652235;0
0;0.747303;0.678591;0
0;0.778487;0.685354;0
0;0.702306;0.668699;0
0;0.582495;0.641641;0
0;0.591988;0.643821;0
0;0.715951;0.671715;0
0;0.695591;0.66721;0
0;0.695773;0.66725;0
0;0.64083;0.654941;0
0;0.559119;0.636249;0
0;0.606298;0.647096;0
0;0.608659;0.647635;0
0;0.721074;0.672843;0
0;0.616223;0.649359;0
0;0.69231;0.666481;0
0;0.591206;0.643642;0
0;0.728822;0.674547;0
0;0.614381;0.64894;0
0;0.697358;0.667602;0
0;0.837067;0.697847;0
0;0.643147;0.655465;0
0;0.393315;0.59708;0
0;0.663735;0.660099;0
0;0.811662;0.692464;0
0;0.84694;0.699925;0
0;0.609029;0.647719;0
0;0.748726;0.678901;0
0;0.66088;0.659458;0
0;0.930503;0.717177;0
0;0.991756;0.729435;0
0;0.938527;0.718802;0
0;0.9505;0.721216;0
0;0.964601;0.724042;0
0;0.927432;0.716554;0
0;0.90849;0.712691;0
0;0.919572;0.714955;0
0;0.925655;0.716193;0
0;0.897886;0.710515;0
0;0.948711;0.720856;0
0;0.830385;0.696436;0
0;0.959642;0.72305;0
0;0.883037;0.707451;0
0;0.932807;0.717644;0
0;0.96983;0.725086;0
0;0.953916;0.721902;0
0;0.923372;0.715729;0
0;0.951942;0.721506;0
0;0.894469;0.709812;0
0;1.08697;0.74781;0
0;0.838868;0.698227;0
0;0.898283;0.710597;0
0;0.92063;0.71517;0
0;0.872471;0.70526;0
0;0.943599;0.719826;0
0;0.968719;0.724864;0
0;0.810732;0.692266;0
0;0.840233;0.698514;0
0;1.01607;0.734207;0
0;0.959087;0.722939;0
0;0.92739;0.716546;0
0;0.972636;0.725645;0
0;0.838468;0.698142;0
0;0.794552;0.688808;0
0;0.929622;0.716999;0
0;0.871273;0.70501;0
0;0.877214;0.706244;0
0;1.15088;0.759671;0
0;0.903858;0.711742;0
0;1.05591;0.741908;0
0;0.932965;0.717676;0
0;0.902913;0.711548;0
0;0.98655;0.728406;0
0;0.82907;0.696158;0
0;0.795029;0.68891;0
0;0.859938;0.702648;0
0;0.932059;0.717493;0
0;0.770242;0.683573;0
0;0.769513;0.683416;0
0;0.934475;0.717982;0
0;1.01825;0.734632;0
0;0.958837;0.722889;0
0;1.0736;0.745281;0
0;0.96577;0.724276;0
0;0.864133;0.703524;0
0;0.967073;0.724536;0
0;0.968549;0.72483;0
1;-1.38723;0.19985;1
1;-1.45959;0.18853;1
1;-1.10545;0.248719;1
1;0.505052;0.623646;0
1;-1.56961;0.172272;1
1;-1.16719;0.237364;1
1;-1.11486;0.246966;1
1;-0.943602;0.280173;1
1;-1.10834;0.248181;1
1;-1.136;0.243056;1
1;-1.24675;0.223264;1
1;-1.26553;0.220024;1
1;-1.54159;0.176304;1
1;-1.46706;0.187389;1
1;-1.44448;0.190853;1
1;-1.32809;0.209475;1
1;-1.22087;0.227784;1
1;-0.953009;0.27828;1
1;-1.27596;0.218239;1
1;-1.15255;0.240023;1
1;-1.17364;0.236197;1
1;-1.39308;0.198917;1
1;-1.19861;0.231723;1
1;-1.50865;0.181139;1
1;-1.22687;0.226729;1
1;-1.29651;0.214753;1
1;-1.20939;0.229809;1
1;-1.43213;0.192767;1
1;-1.37742;0.201423;1
1;-1.31056;0.212394;1
1;-1.50089;0.182292;1
1;-1.4552;0.189202;1
1;-1.32988;0.20918;1
1;-1.06945;0.255508;1
1;-1.62287;0.164809;1
1;-1.38888;0.199587;1
1;-1.14877;0.240714;1
1;-1.13976;0.242365;1
1;-1.12264;0.245522;1
1;-1.51972;0.179503;1
1;-1.41671;0.195178;1
1;-1.42602;0.193719;1
1;-2.00915;0.118245;1
1;-1.86441;0.134189;1
1;-1.71972;0.151907;1
1;-1.81263;0.140321;1
1;-1.70341;0.154021;1
1;-1.87798;0.132621;1
1;-1.68729;0.156133;1
1;-1.74838;0.148252;1
1;-1.66466;0.159137;1
1;-1.76788;0.145806;1
1;-1.81746;0.13974;1
1;-1.71845;0.152071;1
1;-1.51778;0.179789;1
1;-1.59626;0.168505;1
1;-1.74813;0.148284;1
1;-1.83015;0.13822;1
1;-1.65626;0.160265;1
1;-1.82814;0.13846;1
1;-1.8841;0.131919;1
1;-1.90862;0.129136;1
1;-1.74431;0.148766;1
1;-1.39382;0.198799;1
1;-1.89902;0.13022;1
1;-1.34437;0.206793;1
1;-1.76338;0.146368;1
1;-1.75625;0.147261;1
1;-1.58018;0.17077;1
1;-1.69834;0.154682;1
1;-1.9997;0.119235;1
1;-1.90698;0.12932;1
1;-2.1621;0.103206;1
1;-1.82648;0.138658;1
1;-1.73351;0.150139;1
1;-1.56418;0.173048;1
1;-1.37579;0.201687;1
1;-1.36972;0.202664;1
1;-1.78241;0.144006;1
1;-2.07197;0.111851;1
1;-1.66077;0.159658;1
1;-1.68951;0.15584;1
1;-1.83851;0.137227;1
1;-1.2965;0.214755;1
1;-1.61647;0.165692;1
1;-2.03557;0.115519;1
1;-1.46976;0.186979;1
1;-2.24704;0.0956052;1
1;-1.82565;0.138757;1
1;-2.04602;0.114455;1
1;-2.08185;0.110873;1
1;-1.49888;0.182593;1
1;-2.12231;0.106948;1
1;-2.33208;0.0885009;1
1;-1.71441;0.152592;1
1;-1.58527;0.170051;1
1;-2.27606;0.0931249;1
1;-1.91951;0.127917;1
1;-1.68495;0.156441;1
1;-1.99851;0.119359;1
1;-1.22288;0.22743;1
1;-1.85109;0.135745;1
1;-1.97982;0.121338;1
1;-1.85836;0.134894;1
1;-1.92259;0.127573;1
1;-2.04057;0.115008;1
1;-1.80475;0.141273;1
1;-2.10474;0.108637;1
1;-2.19678;0.10004;1
1;-2.2826;0.092574;1
1;-2.09438;0.109644;1
1;-2.09857;0.109236;1
1;-2.05355;0.113694;1
1;-0.794243;0.311258;1
1;-1.25092;0.222541;1
1;-1.10471;0.248859;1
1;-0.904026;0.288224;1
1;-1.74469;0.148719;1
1;-1.13582;0.243089;1
1;-0.992428;0.270433;1
1;-0.704631;0.330786;1
1;-1.94708;0.124872;1
1;-1.33378;0.208535;1
1;-0.692238;0.333535;1
1;-2.79642;0.0575182;1
1;-2.52803;0.0739163;1
1;-1.95895;0.12358;1
1;-1.79873;0.142006;1
1;-2.2206;0.097916;1
1;-2.2124;0.0986422;1
1;-2.50772;0.0753189;1
1;-1.45405;0.189378;1
1;-1.99775;0.119439;1
1;-1.54813;0.175356;1
1;-2.09954;0.109142;1
1;-1.97068;0.122315;1
1;-1.45235;0.189641;1
1;-1.68793;0.156048;1
1;-1.34961;0.205935;1
1;-1.91924;0.127947;1
1;-1.69431;0.15521;1
1;-2.56514;0.0714157;1
1;-2.07762;0.111291;1
1;-1.97472;0.121883;1
1;-1.75662;0.147214;1
1;-2.35183;0.0869207;1
1;-2.39457;0.0835877;1
1;-2.2379;0.0963982;1
1;-2.60189;0.0690171;1
1;-2.27902;0.0928758;1
1;-1.75739;0.147118;1
1;-2.14998;0.104333;1
1;-2.43355;0.08065;1
1;-2.12833;0.106373;1
1;-2.09717;0.109372;1
1;-1.72051;0.151806;1
1;-1.44861;0.190215;1
1;-1.32335;0.210261;1
1;-2.17487;0.10203;1
1;-2.26395;0.0941533;1
1;-2.23403;0.0967359;1
1;-2.5205;0.0744336;1
1;-2.01972;0.117148;1
1;-2.5001;0.0758514;1
1;-2.27904;0.0928738;1
1;-2.02528;0.116574;1
1;-2.15928;0.103467;1
1;-1.9212;0.127728;1
1;-2.23648;0.0965221;1
1;-1.90917;0.129074;1
1;-1.7797;0.14434;1
1;-2.21431;0.098473;1
1;-2.03213;0.115871;1
1;-2.09603;0.109483;1
1;-2.04499;0.11456;1
1;-2.19867;0.0998697;1
1;-2.21734;0.0982042;1
1;-2.10381;0.108727;1
1;-2.1589;0.103502;1
1;-2.15821;0.103567;1
1;-2.15797;0.103589;1
1;-1.21172;0.229396;1
1;-1.22537;0.226993;1
1;-1.07123;0.25517;1
1;-1.22294;0.227419;1
1;-1.07698;0.254078;1
1;-1.26378;0.220323;1
1;-1.05437;0.258387;1
1;-1.07754;0.253972;1
1;-1.22947;0.226274;1
1;-1.14744;0.240957;1
1;-1.00977;0.267025;1
1;-1.09042;0.25154;1
1;-1.01657;0.265696;1
1;-1.25745;0.221414;1
1;-1.16635;0.237516;1
1;-1.20039;0.231405;1
1;-1.14417;0.241555;1
1;-1.16625;0.237534;1
1;-1.07439;0.25457;1
1;-1.23218;0.2258;1
1;-1.07126;0.255163;1
1;-1.04747;0.259711;1
1;-0.999474;0.269045;1
1;-1.02711;0.263645;1
1;-1.05259;0.258728;1
1;-1.12037;0.245943;1
1;-1.1471;0.241019;1
1;-1.09391;0.250882;1
1;-1.10393;0.249004;1
1;-1.12739;0.244643;1
1;-0.84051;0.301427;1
1;-1.03063;0.262963;1
1;-0.986062;0.271691;1
1;-1.01317;0.266359;1
1;-1.1397;0.242375;1
1;-0.914335;0.286114;1
1;-0.951394;0.278605;1
1;-1.15034;0.240428;1
1;-1.03543;0.262033;1
1;-1.07027;0.255352;1
1;-1.35493;0.205065;1
1;-1.01523;0.265957;1
1;-1.27123;0.219048;1
1;-1.08736;0.252116;1
1;-0.521919;0.372404;1
1;-0.951191;0.278645;1
1;-1.15509;0.23956;1
1;-0.96219;0.27644;1
1;-0.832754;0.303063;1
1;-0.849871;0.29946;1
1;-0.542585;0.367586;1
1;-0.720848;0.327206;1
1;-0.598699;0.354641;1
1;-0.676912;0.336951;1
1;-0.301923;0.425088;1
1;-0.674321;0.33753;1
1;-0.517428;0.373454;1
1;-1.10044;0.249657;1
1;-0.466916;0.385346;1
1;-1.10368;0.249051;1
1;-0.572046;0.360765;1
1;-0.590014;0.356632;1
1;-0.970533;0.274774;1
1;-0.696662;0.332553;1
1;-0.639842;0.345282;1
1;-0.729073;0.325398;1
1;-0.65959;0.340832;1
1;-0.621123;0.349526;1
1;-0.382175;0.405602;1
1;-0.687258;0.334643;1
1;-0.649556;0.34309;1
1;-0.786623;0.312894;1
1;-0.634516;0.346487;1
1;-0.750553;0.320701;1
1;-0.804835;0.308992;1
1;-0.771648;0.316123;1
1;-0.669262;0.338662;1
1;-0.595329;0.355413;1
1;-0.8214;0.305466;1
1;-0.779667;0.314392;1
1;-0.723899;0.326535;1
1;-0.623835;0.34891;1
1;-0.718111;0.327809;1
1;-0.469059;0.384839;1
1;-0.520612;0.372709;1
1;-0.46629;0.385495;1
1;-0.807795;0.308361;1
1;-0.492714;0.379254;1
1;-0.460446;0.38688;1
1;-1.04815;0.259581;1
1;-0.645697;0.34396;1
1;-0.523876;0.371946;1
1;-0.472891;0.383932;1
1;-1.01682;0.265647;1
1;-0.998852;0.269167;1
1;-0.464632;0.385887;1
1;-0.387935;0.404215;1
1;-0.871775;0.294885;1
1;-0.675591;0.337246;1
1;-0.50711;0.375871;1
1;-0.781735;0.313946;1
1;-0.559755;0.363604;1
1;-0.585824;0.357594;1
1;-0.464217;0.385986;1
1;-0.64312;0.344542;1
1;-0.382054;0.405632;1
1;-0.758933;0.318878;1
1;-0.709832;0.329636;1
1;-0.399815;0.401357;1
1;-0.518513;0.3732;1
1;-0.487682;0.38044;1
1;-0.364075;0.409974;1
1;-1.64909;0.161232;1
1;-1.49081;0.183801;1
1;-0.789416;0.312294;1
1;-1.59509;0.168669;1
1;-1.3979;0.19815;1
1;-1.19052;0.233166;1
1;-1.26131;0.220748;1
1;-1.13113;0.243952;1
1;-1.12383;0.245301;1
1;-1.23539;0.225239;1
1;-1.16723;0.237355;1
1;-1.32284;0.210346;1
1;-1.29509;0.214993;1
1;-0.778417;0.314661;1
1;-1.35153;0.205621;1
1;-1.05117;0.259;1
1;-1.08886;0.251832;1
1;-1.00767;0.267436;1
1;-1.07893;0.253708;1
1;-1.06202;0.256923;1
1;-1.16527;0.23771;1
1;-1.12775;0.244576;1
1;-1.23533;0.225249;1
1;-0.979194;0.273052;1
1;-1.15247;0.240037;1
1;-0.986609;0.271582;1
1;-1.1337;0.243478;1
1;-1.13429;0.243369;1
1;-1.10572;0.248669;1
1;-1.4012;0.197625;1
1;-1.19037;0.233193;1
1;-1.35135;0.20565;1
1;-1.29884;0.21436;1
1;-1.22661;0.226775;1
1;-1.33875;0.207716;1
1;-1.02533;0.263991;1
1;-1.17153;0.236578;1
1;-1.82106;0.139307;1
1;-1.57342;0.171729;1
1;-1.28437;0.216807;1
1;-1.37347;0.20206;1
1;-1.14033;0.24226;1
1;-1.59298;0.168964;1
1;-1.70087;0.154351;1
1;-1.54478;0.175841;1
1;-1.17154;0.236576;1
1;-1.45905;0.188613;1
1;-1.43572;0.192209;1
1;-1.53857;0.176744;1
1;-1.42248;0.194273;1
1;-1.11138;0.247614;1
1;-1.48208;0.185113;1
1;-1.65352;0.160633;1
1;-1.59224;0.169069;1
1;-1.33672;0.208051;1
1;-1.17561;0.235842;1
1;-1.33308;0.208651;1
1;-1.11345;0.247229;1
1;-1.58888;0.169542;1
1;-1.06752;0.255874;1
1;-1.29804;0.214495;1
1;-1.58714;0.169787;1
1;-1.44719;0.190434;1
1;-1.24448;0.223657;1
1;-1.40474;0.197065;1
1;-1.19764;0.231896;1
1;-1.07136;0.255145;1
1;-1.25531;0.221782;1
1;-1.12439;0.245198;1
1;-1.11115;0.247656;1
1;-1.10429;0.248937;1
1;-1.6122;0.166283;1
1;-1.56976;0.172251;1
1;-1.60131;0.167799;1
1;-1.27774;0.217935;1
1;-1.29058;0.215754;1
1;-1.12977;0.244204;1
1;-1.78945;0.143141;1
1;-1.3099;0.212504;1
1;-1.7227;0.151523;1
1;-1.49908;0.182563;1
1;-1.53228;0.177661;1
1;-1.36199;0.203917;1
1;-1.43879;0.191733;1
1;-1.29517;0.214979;1
1;-1.55948;0.173721;1
1;-1.57109;0.172061;1
1;-1.28031;0.217498;1
1;-1.31721;0.211284;1
1;-1.56516;0.172907;1
1;-1.50638;0.181476;1
1;-1.51555;0.180118;1
1;-1.35727;0.204684;1
1;-1.37858;0.201236;1
1;-1.25154;0.222434;1
1;-1.08765;0.252061;1
1;-1.20035;0.231413;1
1;-1.46963;0.186998;1
1;-1.12408;0.245256;1
1;-1.16251;0.238212;1
1;-1.2987;0.214383;1
1;-1.50367;0.181879;1
1;-1.32055;0.210727;1
1;-1.55163;0.174852;1
1;-1.16957;0.236932;1
1;-1.55165;0.174849;1
1;-1.78047;0.144245;1
1;-0.951357;0.278612;1
1;-1.21378;0.229033;1
1;-1.82494;0.138842;1
1;-2.11083;0.108049;1
1;-1.48041;0.185366;1
1;-1.14709;0.24102;1
1;-1.61505;0.165889;1
1;-2.13385;0.10585;1
1;-2.07126;0.111922;1
1;-1.81139;0.14047;1
1;-1.97672;0.121669;1
1;-2.08829;0.11024;1
1;-1.83843;0.137237;1
1;-1.76723;0.145887;1
1;-1.71953;0.151931;1
1;-2.14164;0.105115;1
1;-1.67602;0.157623;1
1;-1.73666;0.149738;1
1;-2.02161;0.116953;1
1;-1.80202;0.141605;1
1;-1.87323;0.133169;1
1;-1.90838;0.129163;1
1;-2.02128;0.116987;1
1;-1.77713;0.144657;1
1;-2.11471;0.107676;1
1;-2.08339;0.110722;1
1;-1.84038;0.137006;1
1;-1.8038;0.141389;1
1;-1.52301;0.179019;1
1;-1.98406;0.120887;1
1;-2.05407;0.113642;1
1;-1.94858;0.124708;1
1;-1.75396;0.147549;1
1;-1.88205;0.132154;1
1;-1.72054;0.151801;1
1;-1.95358;0.124164;1
1;-1.91154;0.128808;1
1;-1.89094;0.131137;1
1;-1.97956;0.121366;1
1;-0.873611;0.294503;1
1;-1.21906;0.228102;1
1;-1.1374;0.242798;1
1;-1.26706;0.219761;1
1;-1.10061;0.249625;1
1;-1.13641;0.242981;1
1;-0.572697;0.360615;1
1;-1.20415;0.230738;1
1;-0.897145;0.289638;1
1;-1.11347;0.247225;1
1;-1.0165;0.26571;1
1;-1.06115;0.257089;1
1;-1.13078;0.244017;1
1;-1.04619;0.259958;1
1;-0.987006;0.271504;1
1;-1.16954;0.236937;1
1;-1.06082;0.257153;1
1;-0.539768;0.368242;1
1;-0.650659;0.342841;1
1;-1.16465;0.237823;1
1;-0.790186;0.312129;1
1;-1.0163;0.265749;1
1;-0.711952;0.329168;1
1;-0.961207;0.276637;1
1;-0.895923;0.289889;1
1;-1.01607;0.265793;1
1;-1.19716;0.231982;1
1;-1.26401;0.220285;1
1;-1.23674;0.225004;1
1;-1.11286;0.247339;1
1;-1.14976;0.240534;1
1;-0.389689;0.403792;1
1;-0.670638;0.338354;1
1;-0.135108;0.466274;1
1;-0.107214;0.473222;1
1;-0.628385;0.347877;1
1;-0.483438;0.381441;1
1;-0.436218;0.392643;1
1;-0.637044;0.345915;1
1;-0.634145;0.346571;1
1;-0.455662;0.388016;1
1;-0.494728;0.37878;1
1;-0.701398;0.331502;1
1;-0.663649;0.33992;1
1;-0.434296;0.393101;1
1;-0.528634;0.370836;1
1;-0.407904;0.399415;1
1;-0.321705;0.42026;1
1;-0.0195721;0.495107;1
1;-0.371238;0.408242;1
1;-0.549104;0.366072;1
1;-0.649675;0.343063;1
1;-0.716718;0.328116;1
1;-0.491707;0.379492;1
1;-0.35821;0.411393;1
1;-0.308718;0.423428;1
1;-0.239116;0.440504;1
1;-0.549953;0.365875;1
1;-0.680395;0.336173;1
1;-0.845877;0.300299;1
1;-0.28126;0.430145;1
1;-0.444096;0.390765;1
1;-0.259063;0.435594;1
1;-0.39333;0.402916;1
1;-0.440017;0.391737;1
1;-0.715881;0.328301;1
1;-0.928972;0.283133;1
1;0.0603366;0.51508;0
1;-0.632674;0.346904;1
1;-0.667544;0.339047;1
1;-0.48273;0.381608;1
1;-0.82272;0.305187;1
1;-1.0362;0.261884;1
1;-0.477453;0.382854;1
1;-1.03235;0.262629;1
1;-1.15217;0.240093;1
1;-1.29857;0.214405;1
1;-1.08318;0.252905;1
1;-1.25679;0.221527;1
1;-1.18417;0.234303;1
1;-1.1319;0.243811;1
1;-0.972497;0.274383;1
1;-1.00345;0.268263;1
1;-1.17393;0.236146;1
1;-1.03481;0.262153;1
1;-1.11834;0.24632;1
1;-1.11581;0.24679;1
1;-0.914592;0.286061;1
1;-1.31254;0.212062;1
1;-1.06959;0.255481;1
1;-0.951199;0.278644;1
1;-0.563355;0.362771;1
1;-0.969478;0.274985;1
1;-1.02861;0.263354;1
1;-1.11582;0.246788;1
1;-1.58879;0.169555;1
1;-1.47784;0.185755;1
1;-1.28384;0.216897;1
1;-0.819257;0.305921;1
1;-1.56837;0.172449;1
1;-1.12381;0.245305;1
1;-1.52285;0.179042;1
1;-1.33288;0.208684;1
1;-1.36104;0.204071;1
1;-1.33321;0.208629;1
1;-1.36942;0.202714;1
1;-0.89672;0.289725;1
1;-1.82486;0.138851;1
1;-1.78487;0.143703;1
1;-1.92328;0.127496;1
1;-1.74368;0.148847;1
1;-1.84163;0.136859;1
1;-1.8525;0.135579;1
1;-1.85026;0.135842;1
1;-1.82254;0.139129;1
1;-1.83834;0.137247;1
1;-1.7839;0.143822;1
1;-1.77476;0.144951;1
1;-0.592106;0.356152;1
1;-0.66359;0.339934;1
1;-1.84508;0.136451;1
1;-1.687;0.15617;1
1;-1.94629;0.124959;1
1;-1.72543;0.151173;1
1;-1.72211;0.151599;1
1;-1.84129;0.136899;1
1;-1.48112;0.185258;1
1;-1.56889;0.172374;1
1;-1.54916;0.175207;1
1;-0.666487;0.339284;1
1;-0.944486;0.279995;1
1;-1.73634;0.149779;1
1;-1.7574;0.147116;1
1;-1.71945;0.151942;1
1;-1.71002;0.153161;1
1;-1.77218;0.145272;1
1;-1.45103;0.189843;1
1;-1.55245;0.174733;1
1;-1.56474;0.172968;1
1;-1.16412;0.23792;1
1;-1.16968;0.236913;1
1;-1.4207;0.194551;1
1;-0.907056;0.287603;1
1;-0.80396;0.309179;1
1;-0.796893;0.31069;1
1;-1.19244;0.232824;1
1;-0.902204;0.288598;1
1;-1.44551;0.190693;1
1;-1.98353;0.120943;1
1;-1.60216;0.167679;1
1;-1.54402;0.175952;1
1;-1.53855;0.176747;1
1;-1.90164;0.129923;1
1;-2.00216;0.118976;1
1;-1.64942;0.161187;1
1;-1.52614;0.17856;1
1;-1.19704;0.232003;1
1;-1.89486;0.130691;1
1;-1.08706;0.252172;1
1;-1.49855;0.182642;1
1;-0.541112;0.367929;1
1;-0.906026;0.287814;1
1;-1.40499;0.197025;1
1;-1.59976;0.168015;1
1;-2.02622;0.116478;1
1;-1.51533;0.18015;1
1;-1.54488;0.175827;1
1;-1.69524;0.155088;1
1;-1.61194;0.16632;1
1;-1.09732;0.250242;1
1;-1.88436;0.131889;1
1;-1.38637;0.199988;1
1;-1.43045;0.193029;1
1;-1.79266;0.142747;1
1;-1.88729;0.131553;1
1;-1.6877;0.156078;1
1;-1.19946;0.231572;1
1;-1.0192;0.265184;1
1;-1.19546;0.232284;1
1;-1.13516;0.24321;1
1;-1.2602;0.22094;1
1;-1.23358;0.225555;1
1;-1.48212;0.185107;1
1;-1.32771;0.209538;1
1;-1.67334;0.157979;1
1;-1.85675;0.135082;1
1;-1.08534;0.252496;1
1;-1.34041;0.207443;1
1;-1.22864;0.22642;1
1;-1.28151;0.217293;1
1;-1.28423;0.216831;1
1;-1.28158;0.217281;1
1;-1.3827;0.200576;1
1;-1.43286;0.192654;1
1;-1.09924;0.249882;1
1;-2.0296;0.11613;1
1;-2.22457;0.0975653;1
1;-2.31091;0.0902234;1
1;-1.56117;0.173479;1
1;-1.62731;0.164199;1
1;-1.62361;0.164707;1
1;-1.40016;0.197792;1
1;-1.78557;0.143616;1
1;-1.89094;0.131138;1
1;-1.65928;0.159858;1
1;-1.82078;0.139341;1
1;-1.7104;0.153112;1
1;-1.75992;0.1468;1
1;-1.75931;0.146877;1
1;-1.89671;0.130481;1
1;-1.35248;0.205466;1
1;-1.64723;0.161484;1
1;-1.52806;0.178278;1
1;-1.39611;0.198434;1
1;-1.0335;0.262406;1
1;-1.8787;0.132538;1
1;-1.86066;0.134626;1
1;-1.45548;0.18916;1
1;-1.60106;0.167833;1
1;-1.94935;0.124625;1
1;-1.57805;0.171072;1
1;-1.22618;0.226851;1
1;-1.30101;0.213994;1
1;-1.50444;0.181764;1
1;-1.5818;0.17054;1
1;-1.60645;0.167081;1
1;-1.97206;0.122168;1
1;-1.75724;0.147136;1
1;-1.66728;0.158787;1
1;-1.66618;0.158934;1
1;-1.75259;0.147721;1
1;-2.03758;0.115313;1
1;-2.15958;0.10344;1
1;-1.9333;0.126386;1
1;-1.9709;0.122292;1
1;-1.92511;0.127293;1
1;-1.78186;0.144074;1
1;-1.31956;0.210891;1
1;-1.38639;0.199984;1
1;-1.19009;0.233242;1
1;-1.66142;0.159572;1
1;-1.85671;0.135087;1
1;-1.61653;0.165684;1
1;-1.27037;0.219194;1
1;-1.17002;0.236851;1
1;-1.70385;0.153962;1
1;-2.11123;0.10801;1
1;-1.72955;0.150645;1
1;-1.66086;0.159647;1
1;-1.82553;0.138772;1
1;-1.88679;0.131611;1
1;-1.01964;0.265097;1
1;-1.25768;0.221373;1
1;-1.45242;0.189629;1
1;-1.26573;0.219989;1
1;-1.2756;0.218301;1
1;-1.09512;0.250655;1
1;-1.16073;0.238535;1
1;-1.58259;0.170428;1
1;-1.3996;0.19788;1
1;-1.5592;0.173761;1
1;-1.53562;0.177172;1
1;-1.35549;0.204974;1
1;-1.34578;0.206561;1
1;-1.36237;0.203856;1
1;-1.50736;0.18133;1
1;-1.48521;0.184642;1
1;-1.58139;0.170598;1
1;-1.50327;0.181938;1
1;-1.66938;0.158507;1
1;-1.66969;0.158466;1
1;-1.67464;0.157807;1
1;-1.66826;0.158657;1
1;-1.67801;0.15736;1
1;-1.57997;0.1708;1
1;-0.918474;0.285269;1
1;-1.00379;0.268197;1
1;-1.55246;0.174731;1
1;-1.52811;0.178271;1
1;-1.40886;0.196414;1
1;-1.60049;0.167913;1
1;-1.33245;0.208754;1
1;-1.63849;0.162671;1
1;-1.61765;0.165529;1
1;-1.52317;0.178996;1
1;-1.42804;0.193405;1
1;-1.36418;0.203562;1
1;-1.36818;0.202914;1
1;-1.77663;0.14472;1
1;-0.939984;0.280904;1
1;-1.62438;0.164602;1
1;-1.4083;0.196502;1
1;-1.29656;0.214745;1
1;-0.985595;0.271783;1
1;-1.47785;0.185752;1
1;-1.3748;0.201845;1
1;-1.57228;0.171891;1
1;-1.69704;0.154853;1
1;-1.21803;0.228284;1
1;-2.16592;0.102853;1
1;-1.86513;0.134106;1
1;-1.81716;0.139774;1
1;-1.4317;0.192834;1
1;-1.22542;0.226985;1
1;-1.25257;0.222256;1
1;-1.35284;0.205407;1
1;-1.44173;0.191277;1
1;-1.28776;0.216232;1
1;-1.66479;0.159119;1
1;-1.55528;0.174325;1
1;-2.00716;0.118453;1
1;-1.58607;0.169937;1
1;-1.80259;0.141536;1
1;-1.61541;0.165838;1
1;-1.68762;0.156089;1
1;-1.56657;0.172706;1
1;-1.50488;0.181699;1
1;-1.54067;0.176438;1
1;-1.60226;0.167666;1
1;-1.47682;0.185908;1
1;-1.52611;0.178563;1
1;-1.01669;0.265673;1
1;-1.7168;0.152284;1
1;-1.86905;0.133652;1
1;-1.6349;0.16316;1
1;-1.81155;0.140451;1
1;-2.02191;0.116922;1
1;-2.23279;0.0968444;1
1;-2.03232;0.115852;1
1;-1.90149;0.12994;1
1;-1.78419;0.143787;1
1;-1.65736;0.160116;1
1;-1.53731;0.176927;1
1;-1.80617;0.141101;1
1;-1.81315;0.140258;1
1;-1.97133;0.122246;1
1;-2.09621;0.109466;1
1;-1.89722;0.130423;1
1;-2.18794;0.100839;1
1;-1.70329;0.154036;1
1;-1.36442;0.203524;1
1;-1.538;0.176826;1
1;-1.36154;0.20399;1
1;-1.40557;0.196934;1
1;-1.26331;0.220405;1
1;-1.0979;0.250133;1
1;-1.22155;0.227663;1
1;-1.13798;0.242692;1
1;-0.819838;0.305798;1
1;-1.21634;0.228581;1
1;-1.50745;0.181317;1
1;-1.1799;0.23507;1
1;-1.98116;0.121196;1
1;-1.58559;0.170005;1
1;-1.61658;0.165676;1
1;-2.04947;0.114106;1
1;-1.64257;0.162115;1
1;-1.93984;0.125665;1
1;-1.87003;0.133538;1
1;-1.81135;0.140475;1
1;-2.12043;0.107127;1
1;-1.93611;0.126076;1
1;-1.7431;0.14892;1
1;-1.84681;0.136248;1
1;-1.80464;0.141288;1
1;-1.80571;0.141157;1
1;-1.97432;0.121925;1
1;-1.96822;0.12258;1
1;-2.06277;0.112768;1
1;-1.5169;0.179919;1
1;-0.939996;0.280901;1
1;-0.941701;0.280557;1
1;-1.03055;0.262977;1
1;-1.15429;0.239706;1
1;-0.80377;0.30922;1
1;-1.70485;0.153833;1
1;-0.144394;0.463964;1
1;-1.65996;0.159767;1
1;-1.8703;0.133508;1
1;-1.38194;0.200698;1
1;-1.82528;0.138801;1
1;-0.650214;0.342941;1
1;-0.532576;0.369916;1
1;-0.66129;0.34045;1
1;-0.986088;0.271686;1
1;-1.56952;0.172284;1
1;-1.14047;0.242234;1
1;-1.39423;0.198733;1
1;-1.20846;0.229974;1
1;-1.4199;0.194677;1
1;-0.865233;0.296247;1
1;-1.16262;0.238191;1
1;-0.547495;0.366446;1
1;-1.12104;0.245819;1
1;-1.76547;0.146107;1
1;-1.49315;0.183449;1
1;-1.71162;0.152954;1
1;-1.60663;0.167057;1
1;-1.71285;0.152794;1
1;-1.76747;0.145857;1
1;-1.61379;0.166064;1
1;-1.46775;0.187284;1
1;-1.65029;0.161069;1
1;-1.23744;0.224881;1
1;-1.38254;0.200602;1
1;-1.93689;0.125989;1
1;-0.67503;0.337371;1
1;-1.57154;0.171997;1
1;-1.50454;0.18175;1
1;-1.69096;0.155649;1
1;-1.70578;0.153712;1
1;-1.49032;0.183874;1
1;-0.961244;0.276629;1
1;-0.960252;0.276828;1
1;-1.41515;0.195424;1
1;-1.77279;0.145196;1
1;-1.46458;0.187769;1
1;-0.151794;0.462124;1
1;-1.72156;0.15167;1
1;-1.76167;0.146581;1
1;-1.72715;0.150953;1
1;-1.85331;0.135484;1
1;-1.92489;0.127317;1
1;-0.827173;0.304243;1
1;-0.609619;0.352146;1
1;-1.35637;0.20483;1
1;-1.064;0.256547;1
1;-0.88046;0.293083;1
1;-0.586769;0.357377;1
1;-0.313934;0.422155;1
1;-1.58295;0.170378;1
1;-0.145631;0.463657;1
1;-0.757875;0.319108;1
1;-0.190275;0.452574;1
1;-0.895503;0.289975;1
1;-1.53479;0.177294;1
1;-1.37311;0.202117;1
1;-0.573832;0.360353;1
1;-0.471231;0.384325;1
1;-0.375777;0.407146;1
1;-1.08569;0.25243;1
1;-0.99252;0.270415;1
1;-1.80892;0.140769;1
1;-0.701247;0.331536;1
1;-0.446459;0.390203;1
1;-0.679407;0.336394;1
1;-1.1422;0.241916;1
1;-1.24444;0.223664;1
1;-1.02074;0.264883;1
1;-1.71407;0.152637;1
1;-1.10922;0.248017;1
1;-1.24646;0.223313;1
1;-1.10075;0.249599;1
1;-1.27259;0.218815;1
1;-1.30489;0.213343;1
1;-1.26066;0.220859;1
1;-1.25041;0.222629;1
1;-1.46952;0.187016;1
1;-0.763966;0.317786;1
1;-0.834732;0.302645;1
1;-1.01072;0.266839;1
1;-0.489466;0.380019;1
1;-0.916853;0.2856;1
1;-1.22221;0.227547;1
1;-1.09069;0.251489;1
1;-0.948965;0.279093;1
1;-0.770826;0.3163;1
1;-0.959295;0.277019;1
1;-0.821683;0.305406;1
1;-0.889955;0.291119;1
1;-0.374391;0.40748;1
1;-0.330329;0.418161;1
1;-0.213092;0.446928;1
1;-0.275772;0.431491;1
1;-0.237778;0.440834;1
1;-0.328381;0.418635;1
1;-0.135099;0.466277;1
1;-0.390752;0.403536;1
1;-0.222191;0.44468;1
1;-0.0939139;0.476539;1
1;-0.41466;0.397795;1
1;-1.4549;0.189249;1
1;-1.09436;0.250798;1
1;-1.402;0.1975;1
1;-0.39356;0.402861;1
1;-0.670307;0.338428;1
1;-0.595651;0.355339;1
1;-0.7026;0.331236;1
1;-1.5691;0.172345;1
1;-1.61722;0.165589;1
1;-1.87754;0.132672;1
1;-1.73122;0.150431;1
1;-1.81838;0.139628;1
1;-1.52125;0.179278;1
1;-1.5628;0.173245;1
1;-1.86718;0.133868;1
1;-1.39678;0.198328;1
1;-1.67021;0.158396;1
1;-1.51362;0.180404;1
1;-1.45286;0.189562;1
1;-1.57506;0.171497;1
1;-1.704;0.153943;1
1;-1.4976;0.182784;1
1;-1.68287;0.156716;1
1;-1.71062;0.153083;1
1;-1.7292;0.150689;1
1;-1.5458;0.175694;1
1;-1.97367;0.121996;1
1;-1.49128;0.18373;1
1;-1.4362;0.192134;1
1;-1.4946;0.183232;1
1;-1.43338;0.192573;1
1;-1.80535;0.141201;1
1;-1.65706;0.160157;1
1;-1.64172;0.162232;1
1;-2.00488;0.118692;1
1;-1.47017;0.186916;1
1;-1.63483;0.16317;1
1;-1.85291;0.135532;1
1;-1.67001;0.158423;1
1;-1.63483;0.163169;1
1;-1.39722;0.198258;1
1;-1.82509;0.138824;1
1;-1.95532;0.123975;1
1;-1.48252;0.185047;1
1;-1.87847;0.132565;1
1;-1.66008;0.159751;1
1;-1.75233;0.147753;1
1;-1.76172;0.146575;1
1;-1.67143;0.158233;1
1;-1.77791;0.144561;1
1;-1.76969;0.145581;1
1;-1.91186;0.128772;1
1;-1.52804;0.17828;1
1;-1.5566;0.174136;1
1;-1.86339;0.134308;1
1;-1.84758;0.136157;1
1;-1.82638;0.138671;1
1;-1.79756;0.142149;1
1;-1.80272;0.141521;1
1;-1.93074;0.126669;1
1;-1.96982;0.122408;1
1;-1.7411;0.149173;1
1;-1.88043;0.13234;1
1;-1.70078;0.154363;1
1;-1.58536;0.170037;1
1;-1.86767;0.133812;1
1;-1.85898;0.134822;1
1;-1.9586;0.123619;1
1;-1.75797;0.147045;1
1;-1.87387;0.133095;1
1;-1.75755;0.147098;1
1;-1.90788;0.129219;1
1;-1.91395;0.128537;1
1;-1.9006;0.13004;1
1;-1.88527;0.131785;1
1;-2.12592;0.106602;1
1;-1.85467;0.135325;1
1;-1.8435;0.136638;1
1;-1.6279;0.164119;1
1;-1.5888;0.169553;1
1;-1.39045;0.199337;1
1;-0.616876;0.350492;1
1;-0.498497;0.377894;1
1;-0.571341;0.360928;1
1;-0.611711;0.351669;1
1;-0.476206;0.383148;1
1;-0.600636;0.354198;1
1;-0.726747;0.325909;1
1;-0.385155;0.404884;1
1;-0.636401;0.346061;1
1;-0.0742637;0.481443;1
1;-0.222022;0.444721;1
1;-1.15051;0.240396;1
1;-0.679407;0.336394;1
1;-0.609546;0.352163;1
1;-0.700341;0.331737;1
1;-1.12894;0.244357;1
1;-0.822518;0.305229;1
1;-0.548049;0.366317;1
1;-1.06006;0.257298;1
1;-1.4113;0.19603;1
1;-0.695365;0.332841;1
1;-0.962056;0.276467;1
1;-0.599206;0.354525;1
1;-0.814946;0.306838;1
1;-0.654147;0.342056;1
1;-0.972689;0.274345;1
1;-0.327412;0.41887;1
1;-0.384716;0.40499;1
1;-0.689695;0.334101;1
1;-0.49801;0.378008;1
1;-1.19935;0.231592;1
1;-1.31227;0.212108;1
1;-0.670458;0.338394;1
1;-0.219238;0.445409;1
1;-0.680172;0.336223;1
1;0.0219939;0.505498;0
1;-2.2822;0.0926079;1
1;-2.12621;0.106576;1
1;-2.16488;0.102949;1
1;-2.07695;0.111357;1
1;-2.08037;0.111019;1
1;-2.15162;0.10418;1
1;-2.03991;0.115076;1
1;-1.71446;0.152586;1
1;-2.07459;0.111591;1
1;-2.02275;0.116834;1
1;-2.20919;0.0989283;1
1;-1.98376;0.120918;1
1;-2.14903;0.104422;1
1;-2.15531;0.103836;1
1;-2.1331;0.105921;1
1;-2.09158;0.109918;1
1;-2.11046;0.108084;1
1;-1.57949;0.170868;1
1;-1.88218;0.132138;1
1;-1.84667;0.136265;1
1;-1.90682;0.129338;1
1;-1.92513;0.12729;1
1;-2.29763;0.0913191;1
1;-1.97158;0.122219;1
1;-1.46251;0.188084;1
1;-2.11612;0.10754;1
1;-2.37632;0.0849967;1
1;-2.14896;0.104428;1
1;-1.23937;0.224546;1
1;-1.65635;0.160252;1
1;-1.69515;0.1551;1
1;-2.02235;0.116876;1
1;-1.84155;0.136868;1
1;-1.95805;0.123678;1
1;-1.71379;0.152672;1
1;-1.69803;0.154723;1
1;-1.73964;0.149358;1
1;-0.198159;0.450622;1
1;-0.297969;0.426054;1
1;-0.205787;0.448734;1
1;-0.295269;0.426714;1
1;-0.233052;0.441999;1
1;-0.40917;0.399111;1
1;-0.355776;0.411983;1
1;-0.422474;0.395925;1
1;-0.378722;0.406435;1
1;-0.46246;0.386402;1
1;-0.628715;0.347802;1
1;-0.771254;0.316208;1
1;-0.645649;0.343971;1
1;-0.598153;0.354766;1
1;-0.562912;0.362874;1
1;-0.311717;0.422696;1
1;-0.19866;0.450498;1
1;-0.223632;0.444324;1
1;-0.425497;0.395202;1
1;-0.381158;0.405848;1
1;-0.34549;0.414477;1
1;-0.466602;0.385421;1
1;-0.724617;0.326377;1
1;-0.693009;0.333364;1
1;-0.627323;0.348118;1
1;-0.846258;0.300218;1
1;-0.667941;0.338958;1
1;-0.801935;0.309612;1
1;-0.319939;0.420691;1
1;-0.446175;0.390271;1
1;-0.566425;0.362062;1
1;-0.344116;0.41481;1
1;-0.608202;0.35247;1
1;-0.740499;0.322895;1
1;-1.0748;0.254491;1
1;-0.752541;0.320268;1
1;-1.39149;0.19917;1
1;-1.27578;0.218269;1
1;-1.21807;0.228277;1
1;-1.44037;0.191487;1
1;-1.50873;0.181127;1
1;-1.39595;0.198459;1
1;-1.46658;0.187462;1
1;-1.09913;0.249902;1
1;-1.39723;0.198256;1
1;-1.56602;0.172784;1
1;-1.46307;0.187998;1
1;-1.61316;0.16615;1
1;-1.53967;0.176584;1
1;-1.54859;0.17529;1
1;-1.14007;0.242308;1
1;-1.35881;0.204434;1
1;-1.41512;0.195427;1
1;-1.54123;0.176356;1
1;-1.35162;0.205606;1
1;-1.41172;0.195963;1
1;-1.43461;0.192382;1
1;-1.60813;0.166849;1
1;-1.5953;0.168639;1
1;-1.42822;0.193377;1
1;-1.5623;0.173316;1
1;-1.55604;0.174216;1
1;-1.54049;0.176464;1
1;-1.39971;0.197862;1
1;-1.1829;0.234531;1
1;-1.13155;0.243875;1
1;-1.47849;0.185656;1
1;-1.08105;0.253307;1
1;-1.05212;0.258818;1
1;-1.581;0.170654;1
1;-1.45127;0.189807;1
1;-1.65916;0.159875;1
1;-1.42321;0.194159;1
1;-1.5391;0.176667;1
1;-1.19333;0.232664;1
1;-1.43935;0.191646;1
1;-1.41504;0.195441;1
1;-0.815635;0.306691;1
1;-0.681224;0.335988;1
1;-1.20659;0.230305;1
1;-1.43766;0.191908;1
1;-1.59263;0.169014;1
1;-1.10578;0.248658;1
1;-1.15316;0.239912;1
1;-1.63452;0.163212;1
1;-0.889556;0.291202;1
1;-0.427489;0.394726;1
1;-0.958355;0.277208;1
1;-1.34821;0.206163;1
1;-1.42918;0.193226;1
1;-1.49036;0.183868;1
1;-1.22802;0.226529;1
1;-0.675212;0.337331;1
1;-1.06661;0.256049;1
1;-1.26214;0.220606;1
1;-1.28466;0.216759;1
1;-1.2263;0.22683;1
1;-1.0509;0.259051;1
1;-1.17481;0.235987;1
1;-1.0443;0.260322;1
1;-1.47107;0.18678;1
1;-1.44211;0.191219;1
1;-1.14206;0.241942;1
1;-1.05525;0.258218;1
1;-1.21453;0.2289;1
1;-1.42331;0.194143;1
1;-1.3545;0.205135;1
1;-1.54117;0.176366;1
1;-1.32092;0.210665;1
1;-1.41289;0.195779;1
1;-0.327679;0.418805;1
1;-0.121993;0.469539;1
1;-0.298773;0.425858;1
1;-0.226182;0.443694;1
1;-0.744817;0.321952;1
1;-0.850402;0.299349;1
1;-0.117039;0.470774;1
1;-0.331578;0.417857;1
1;-0.551698;0.365471;1
1;-0.246898;0.438587;1
1;-0.377484;0.406734;1
1;-0.372434;0.407953;1
1;-0.656114;0.341613;1
1;0.066168;0.516536;0
1;-0.0732811;0.481688;1
1;-0.419905;0.396539;1
1;-0.307656;0.423687;1
1;-0.362512;0.410352;1
1;0.0432342;0.510807;0
1;0.0849032;0.521213;0
1;-1.30318;0.21363;1
1;-1.65267;0.160749;1
1;-1.12607;0.244886;1
1;-0.256909;0.436124;1
1;-0.827579;0.304157;1
1;-0.718551;0.327712;1
1;-1.12326;0.245407;1
1;-0.793533;0.31141;1
1;-1.11073;0.247735;1
1;-1.01894;0.265235;1
1;-1.24286;0.223939;1
1;-0.800257;0.30997;1
1;-0.895919;0.28989;1
1;-1.33432;0.208445;1
1;-1.14009;0.242304;1
1;-1.26519;0.220082;1
1;-1.00972;0.267035;1
1;-1.17655;0.235673;1
1;-1.18576;0.234019;1
1;-1.60371;0.167464;1
1;-1.40202;0.197495;1
1;-1.72813;0.150827;1
1;-1.75186;0.147813;1
1;-1.62173;0.164966;1
1;-1.48407;0.184813;1
1;-1.56792;0.172514;1
1;-1.78723;0.143413;1
1;-1.3875;0.199807;1
1;-1.59313;0.168944;1
1;-1.45802;0.188771;1
1;-1.53498;0.177266;1
1;-1.25751;0.221403;1
1;-1.55742;0.174017;1
1;-1.44016;0.19152;1
1;-1.62235;0.164882;1
1;-1.56027;0.173608;1
1;-1.37071;0.202505;1
1;-1.28187;0.217232;1
1;-1.25075;0.22257;1
1;-1.59469;0.168725;1
1;-1.48244;0.185059;1
1;-1.67354;0.157953;1
1;-1.58289;0.170386;1
1;-1.65292;0.160715;1
1;-1.29935;0.214274;1
1;-1.46685;0.187422;1
1;-1.57595;0.17137;1
1;-1.31704;0.211312;1
1;-0.614463;0.351042;1
1;-1.13271;0.243661;1
1;-1.24588;0.223414;1
1;-1.26754;0.219679;1
1;-1.31747;0.211239;1
1;-1.31712;0.211298;1
1;-1.02698;0.263669;1
1;-1.55809;0.173921;1
1;-1.45939;0.188561;1
1;-1.15689;0.239232;1
1;-0.952729;0.278336;1
1;-0.954173;0.278046;1
1;-1.02291;0.264461;1
1;-1.11143;0.247604;1
1;-1.32538;0.209925;1
1;-1.05232;0.258779;1
1;-1.04316;0.260542;1
1;-0.679075;0.336468;1
1;-0.696364;0.332619;1
1;-0.829605;0.303729;1
1;-0.757763;0.319132;1
1;-0.792872;0.311552;1
1;-1.28524;0.21666;1
1;-1.16355;0.238023;1
1;-1.1183;0.246327;1
1;-1.20659;0.230306;1
1;-1.31998;0.210821;1
1;-1.04268;0.260634;1
1;-0.929957;0.282934;1
1;-1.06858;0.255674;1
1;-1.36754;0.203018;1
1;-1.09008;0.251603;1
1;-0.918565;0.28525;1
1;-0.949491;0.278987;1
1;-1.17374;0.236179;1
1;-1.03287;0.262528;1
1;-1.65536;0.160385;1
1;-0.366435;0.409403;1
1;-1.05962;0.257382;1
1;-0.89295;0.290501;1
1;-1.08731;0.252126;1
1;-0.538771;0.368474;1
1;-0.719463;0.327511;1
1;-0.875749;0.29406;1
1;-0.986459;0.271612;1
1;-0.804851;0.308989;1
1;-0.800668;0.309883;1
1;-0.696777;0.332527;1
1;-0.630699;0.347352;1
1;-0.614201;0.351102;1
1;-0.678224;0.336658;1
1;-1.25621;0.221627;1
1;-0.834517;0.302691;1
1;-0.845229;0.300435;1
1;-1.04245;0.260677;1
1;-0.665736;0.339452;1
1;-0.643127;0.34454;1
1;-0.571917;0.360795;1
1;-0.873079;0.294614;1
1;-0.593348;0.355867;1
1;-0.617419;0.350369;1
1;-0.691883;0.333614;1
1;-0.614494;0.351035;1
1;-0.671197;0.338229;1
1;-0.526781;0.371268;1
1;-1.29308;0.215331;1
1;-0.944483;0.279996;1
1;-0.901401;0.288763;1
1;-1.01617;0.265773;1
1;-0.792544;0.311623;1
1;-1.24495;0.223575;1
1;-0.946388;0.279612;1
1;-1.12147;0.245739;1
1;-1.27208;0.218902;1
1;-0.661406;0.340424;1
1;-0.866662;0.295949;1
1;-1.09918;0.249893;1
1;-0.996946;0.269542;1
1;-0.670772;0.338324;1
1;-0.999957;0.26895;1
1;-0.820138;0.305734;1
1;-0.986061;0.271691;1
1;-0.910915;0.286813;1
1;-0.856447;0.298082;1
1;-0.709599;0.329687;1
1;-0.95823;0.277233;1
1;-0.77777;0.314801;1
1;-0.870762;0.295096;1
1;-0.779917;0.314338;1
1;-0.686235;0.334871;1
1;-1.04401;0.260377;1
1;-0.785595;0.313115;1
1;-1.08756;0.252078;1
1;-0.963595;0.276159;1
1;-0.697669;0.332329;1
1;-0.405112;0.400085;1
1;-0.589746;0.356693;1
1;-0.298285;0.425977;1
1;-0.61114;0.351799;1
1;-0.802472;0.309497;1
1;-0.644882;0.344144;1
1;-0.841596;0.301199;1
1;-1.08988;0.251641;1
1;-0.640493;0.345135;1
1;-0.644339;0.344266;1
1;-0.982161;0.272463;1
1;-0.785626;0.313109;1
1;-0.62171;0.349393;1
1;-0.715871;0.328303;1
1;-0.624403;0.348781;1
1;-0.703739;0.330984;1
1;-0.462371;0.386423;1
1;-0.780567;0.314198;1
1;-0.475445;0.383328;1
1;-0.432202;0.393601;1
1;-0.387433;0.404335;1
1;-0.878177;0.293556;1
1;-0.664684;0.339688;1
1;-0.713555;0.328814;1
1;-0.643799;0.344388;1
1;-1.03067;0.262954;1
1;-0.915969;0.28578;1
1;-0.675106;0.337355;1
1;-0.465359;0.385715;1
1;-0.490746;0.379718;1
1;-0.513651;0.374338;1
1;-0.488733;0.380192;1
1;-0.480583;0.382115;1
1;-0.804245;0.309118;1
1;-1.08616;0.252342;1
1;-0.873028;0.294625;1
1;-0.656166;0.341601;1
1;-0.87664;0.293875;1
1;-0.662449;0.34019;1
1;-0.865247;0.296244;1
1;-0.812828;0.307288;1
1;-0.800999;0.309812;1
1;-0.65278;0.342363;1
1;-0.589084;0.356845;1
1;-0.686529;0.334806;1
1;-0.637423;0.345829;1
1;-0.514099;0.374233;1
1;-0.780127;0.314293;1
1;-1.23584;0.225161;1
1;-1.30928;0.212607;1
1;-0.609618;0.352146;1
1;-0.965558;0.275767;1
1;-0.746247;0.32164;1
1;-0.739848;0.323037;1
1;-0.715688;0.328343;1
1;-0.729777;0.325244;1
1;-0.620525;0.349662;1
1;-1.09777;0.250157;1
1;-1.13037;0.244093;1
1;-0.940475;0.280805;1
1;-0.912601;0.286468;1
1;-0.785179;0.313205;1
1;-0.693198;0.333322;1
1;-0.643981;0.344347;1
1;-0.610854;0.351864;1
1;-0.833796;0.302843;1
1;-0.977911;0.273306;1
1;-0.872387;0.294758;1
1;-0.813596;0.307125;1
1;-0.932029;0.282513;1
1;-0.982345;0.272427;1
1;-0.84776;0.299903;1
1;-0.586284;0.357488;1
1;-1.21103;0.229519;1
1;-0.970086;0.274863;1
1;-1.28121;0.217344;1
1;-1.10767;0.248305;1
1;-1.23388;0.225502;1
1;-1.1662;0.237543;1
1;-1.02334;0.264377;1
1;-1.02543;0.263971;1
1;-0.991292;0.270657;1
1;-1.02858;0.263359;1
1;-1.07427;0.254592;1
1;-1.17146;0.236592;1
1;-0.952767;0.278329;1
1;-1.12223;0.245597;1
1;-1.02085;0.264861;1
1;-0.961971;0.276484;1
1;-0.970445;0.274792;1
1;-0.930526;0.282818;1
1;-0.872443;0.294746;1
1;-1.00511;0.267938;1
1;-0.903207;0.288392;1
1;-0.973273;0.274229;1
1;-0.525443;0.37158;1
1;-0.520687;0.372692;1
1;-0.604156;0.353393;1
1;-0.891673;0.290765;1
1;-0.791639;0.311817;1
1;-0.555551;0.364578;1
1;-0.670361;0.338416;1
1;-0.704045;0.330916;1
1;-0.457182;0.387655;1
1;-1.12193;0.245654;1
1;-1.12766;0.244593;1
1;-0.941835;0.28053;1
1;-1.09533;0.250616;1
1;-0.790632;0.312033;1
1;-0.792344;0.311666;1
1;-0.857913;0.297776;1
1;-0.930066;0.282911;1
1;-1.01261;0.26647;1
1;-0.892648;0.290564;1
1;-0.817644;0.306264;1
1;-0.81996;0.305772;1
1;-0.729901;0.325216;1
1;-0.551676;0.365476;1
1;-0.761615;0.318296;1
1;-0.514277;0.374191;1
1;-0.396304;0.402201;1
1;-0.612401;0.351512;1
1;-0.437749;0.392278;1
1;-0.5573;0.364172;1
1;-1.16033;0.238608;1
1;-0.952997;0.278283;1
1;-0.700165;0.331776;1
1;-0.785491;0.313138;1
1;-0.687652;0.334556;1
1;-0.550325;0.365789;1
1;-1.02829;0.263416;1
1;-0.816314;0.306547;1
1;-0.876046;0.293998;1
1;-0.939638;0.280973;1
1;-0.762691;0.318062;1
1;-0.885088;0.292125;1
1;-0.604713;0.353266;1
1;-0.619003;0.350008;1
1;-0.733793;0.324363;1
1;-0.743912;0.322149;1
1;-0.9477;0.279348;1
1;-0.619371;0.349925;1
1;-0.573376;0.360458;1
1;-0.630822;0.347324;1
1;-0.764152;0.317745;1
1;-1.3132;0.211951;1
1;-0.872349;0.294766;1
1;-1.24982;0.222732;1
1;-1.3467;0.20641;1
1;0.317472;0.578708;0
1;0.109823;0.527428;0
1;0.139779;0.534888;0
1;0.0678322;0.516952;0
1;-0.207403;0.448334;1
1;-0.952986;0.278285;1
1;-0.909328;0.287137;1
1;-0.517814;0.373363;1
1;-0.531514;0.370164;1
1;-0.392038;0.403227;1
1;-0.914307;0.286119;1
1;-0.98308;0.272281;1
1;-0.691368;0.333729;1
1;-0.477177;0.382919;1
1;-0.33567;0.416862;1
1;-0.271092;0.432639;1
1;-0.068997;0.482758;1
1;-0.348226;0.413813;1
1;-0.117725;0.470603;1
1;-0.207472;0.448317;1
1;-0.601509;0.353999;1
1;-0.461396;0.386655;1
1;-0.674151;0.337568;1
1;-0.311754;0.422687;1
1;-1.08158;0.253208;1
1;-1.01822;0.265374;1
1;-1.6042;0.167395;1
1;-1.57983;0.17082;1
1;-0.911774;0.286637;1
1;-1.40128;0.197612;1
1;-1.43798;0.191858;1
1;-1.31733;0.211263;1
1;-1.22913;0.226333;1
1;-1.22204;0.227577;1
1;-1.5948;0.168709;1
1;-1.29189;0.215533;1
1;-0.913743;0.286234;1
1;-1.07646;0.254177;1
1;-1.11794;0.246393;1
1;-0.974026;0.274079;1
1;-1.08363;0.25282;1
1;-1.21939;0.228044;1
1;-1.15324;0.239898;1
1;-1.18681;0.233831;1
1;-1.05237;0.258771;1
1;-1.12428;0.245219;1
1;-1.00457;0.268044;1
1;-0.932946;0.282327;1
1;-0.681112;0.336013;1
1;-0.483031;0.381537;1
1;-0.557637;0.364094;1
1;-0.588942;0.356878;1
1;-0.61535;0.35084;1
1;-0.879521;0.293277;1
1;-0.405194;0.400065;1
1;-0.470882;0.384408;1
1;-1.18005;0.235042;1
1;-1.11778;0.246424;1
1;-1.1367;0.242926;1
1;-1.06377;0.25659;1
1;-0.864164;0.29647;1
1;-0.774913;0.315417;1
1;-0.81052;0.30778;1
1;-0.700679;0.331662;1
1;-0.911556;0.286682;1
1;-1.01172;0.266643;1
1;-0.893704;0.290346;1
1;-1.10021;0.249701;1
1;-0.993495;0.270222;1
1;-0.800334;0.309954;1
1;-0.574156;0.360278;1
1;-1.00505;0.267949;1
1;-0.980481;0.272796;1
1;-0.65317;0.342275;1
1;-0.629743;0.347569;1
1;-0.716739;0.328111;1
1;-0.657758;0.341243;1
1;-0.753081;0.32015;1
1;-0.681351;0.33596;1
1;-0.789553;0.312265;1
1;-0.654661;0.34194;1
1;-0.736718;0.323722;1
1;-0.917055;0.285558;1
1;-0.571952;0.360786;1
1;-0.520749;0.372677;1
1;-1.03741;0.26165;1
1;-0.254417;0.436737;1
1;-0.541984;0.367726;1
1;-0.843833;0.300728;1
1;-0.589511;0.356747;1
1;-0.852618;0.298884;1
1;-1.0091;0.267156;1
1;-0.805804;0.308785;1
1;-0.792159;0.311705;1
1;-0.721459;0.327072;1
1;-0.784153;0.313426;1
1;-1.18515;0.234128;1
1;-0.982379;0.27242;1
1;-1.15207;0.240111;1
1;-1.09774;0.250164;1
1;-1.07565;0.254331;1
1;-0.995774;0.269773;1
1;-0.840574;0.301414;1
1;-0.976519;0.273583;1
1;-1.16724;0.237354;1
1;-1.43954;0.191617;1
1;-1.12843;0.244451;1
1;-1.07816;0.253854;1
1;-1.11927;0.246147;1
1;-1.0137;0.266256;1
1;-1.09272;0.251106;1
1;-1.05907;0.257487;1
1;-1.36513;0.203408;1
1;-1.24123;0.224222;1
1;-1.41273;0.195804;1
1;-1.2343;0.22543;1
1;-1.22858;0.22643;1
1;-1.23787;0.224807;1
1;-1.25444;0.221933;1
1;-1.36555;0.20334;1
1;-1.23998;0.224439;1
1;-1.0723;0.254966;1
1;-0.96403;0.276072;1
1;-0.812149;0.307433;1
1;-1.1517;0.240178;1
1;-1.02183;0.264671;1
1;-0.949379;0.27901;1
1;-1.1753;0.235898;1
1;-1.14572;0.241272;1
1;-1.43935;0.191646;1
1;-1.35836;0.204507;1
1;-1.35121;0.205673;1
1;-1.36114;0.204056;1
1;-1.1888;0.233473;1
1;-1.34886;0.206056;1
1;-1.28156;0.217285;1
1;-1.24241;0.224016;1
1;-1.33425;0.208458;1
1;-1.27957;0.217623;1
1;-1.38332;0.200476;1
1;-1.40301;0.197339;1
1;-1.41686;0.195154;1
1;-1.43128;0.1929;1
1;-1.34435;0.206795;1
1;-1.36966;0.202675;1
1;-1.33934;0.207618;1
1;-1.43373;0.192519;1
1;-1.29114;0.215659;1
1;-1.60044;0.16792;1
1;-1.42096;0.194511;1
1;-1.51496;0.180206;1
1;-1.48207;0.185115;1
1;-1.52185;0.179189;1
1;-1.4836;0.184884;1
1;-1.37435;0.201917;1
1;-1.38172;0.200733;1
1;-0.966544;0.27557;1
1;-1.2789;0.217738;1
1;-1.18024;0.23501;1
1;-1.30218;0.213799;1
1;-1.201;0.231297;1
1;-1.16763;0.237284;1
1;-1.08155;0.253213;1
1;-0.255249;0.436532;1
1;-0.613097;0.351353;1
1;-0.576039;0.359845;1
1;-0.959227;0.277033;1
1;-0.690832;0.333848;1
1;-0.30277;0.42488;1
1;-0.520392;0.372761;1
1;-1.31786;0.211175;1
1;-0.797962;0.310462;1
1;-0.728807;0.325456;1
1;-1.05734;0.257819;1
1;-0.776503;0.315074;1
1;-0.834399;0.302716;1
1;-0.813558;0.307133;1
1;-0.964332;0.276012;1
1;-0.881803;0.292804;1
1;-0.677938;0.336722;1
1;-0.595032;0.355481;1
1;-0.967416;0.275396;1
1;-0.558977;0.363784;1
1;-0.300476;0.425441;1
1;-0.537782;0.368704;1
1;-0.61946;0.349904;1
1;-0.70523;0.330654;1
1;-1.1021;0.249347;1
1;-1.33375;0.20854;1
1;-0.58454;0.357889;1
1;-0.563618;0.362711;1
1;-0.603367;0.353574;1
1;-0.230531;0.442621;1
1;-1.1759;0.23579;1
1;-1.21418;0.228962;1
1;-1.02501;0.264053;1
1;-1.06303;0.25673;1
1;-1.26199;0.220632;1
1;-1.1883;0.233563;1
1;-1.47067;0.18684;1
1;-1.53766;0.176876;1
1;-1.14853;0.240758;1
1;-1.41289;0.195778;1
1;-1.24557;0.223469;1
1;-1.52019;0.179433;1
1;-1.24953;0.222781;1
1;-1.29833;0.214446;1
1;-1.42894;0.193265;1
1;-1.00215;0.268519;1
1;-0.958605;0.277158;1
1;-1.32331;0.210269;1
1;-1.13635;0.242991;1
1;-1.23001;0.22618;1
1;-1.01542;0.26592;1
1;-1.01261;0.26647;1
1;-0.977507;0.273387;1
1;-1.12158;0.245719;1
1;-1.12509;0.245069;1
1;-1.1907;0.233134;1
1;-0.995402;0.269846;1
1;-1.05309;0.258632;1
1;-1.02695;0.263676;1
1;-1.14218;0.241921;1
1;-1.24507;0.223555;1
1;-1.11612;0.246732;1
1;-1.20115;0.231272;1
1;-1.56213;0.173342;1
1;-1.10365;0.249057;1
1;-0.853828;0.298631;1
1;-1.07973;0.253557;1
1;-0.800583;0.309901;1
1;-0.675329;0.337305;1
1;-0.789968;0.312176;1
1;-1.07518;0.25442;1
1;-1.31233;0.212098;1
1;-1.62324;0.164758;1
1;-1.42768;0.193461;1
1;-1.34623;0.206488;1
1;-1.32222;0.21045;1
1;-1.64701;0.161514;1
1;-1.04811;0.259587;1
1;-1.10576;0.248663;1
1;-1.10017;0.249709;1
1;-1.00784;0.267403;1
1;-1.0161;0.265789;1
1;-1.10822;0.248203;1
1;-1.10481;0.24884;1
1;-1.08738;0.252112;1
1;-1.11885;0.246225;1
1;-1.25231;0.222301;1
1;-1.36684;0.20313;1
1;-1.16962;0.236924;1
1;-1.35205;0.205535;1
1;-1.18631;0.233919;1
1;-1.43977;0.191581;1
1;-1.42705;0.193558;1
1;-1.38155;0.20076;1
1;-1.35678;0.204764;1
1;-1.18867;0.233497;1
1;-0.932751;0.282367;1
1;-0.819697;0.305828;1
1;-0.942026;0.280491;1
1;-0.630501;0.347397;1
1;-0.691004;0.33381;1
1;-1.00317;0.268319;1
1;-0.960172;0.276844;1
1;-0.882084;0.292746;1
1;-0.527686;0.371057;1
1;-1.04929;0.259361;1
1;-0.824784;0.304749;1
1;-0.689188;0.334214;1
1;-1.54533;0.175762;1
1;-0.775777;0.315231;1
1;-0.707203;0.330217;1
1;-1.03962;0.261223;1
1;-0.585268;0.357721;1
1;-0.538357;0.36857;1
1;-1.41181;0.195948;1
1;-0.990424;0.270828;1
1;-0.97025;0.274831;1
1;-1.07558;0.254343;1
1;-0.580913;0.358722;1
1;-0.765789;0.317391;1
1;-0.538746;0.368479;1
1;-0.514961;0.374031;1
1;-1.2936;0.215244;1
1;-1.18021;0.235014;1
1;-0.707215;0.330214;1
1;-0.98091;0.272711;1
1;-0.745908;0.321714;1
1;-0.828547;0.303952;1
1;-0.659433;0.340867;1
1;-0.357339;0.411604;1
1;-0.425867;0.395114;1
1;-0.519459;0.372979;1
1;-1.23874;0.224655;1
1;-1.08511;0.25254;1
1;-0.954494;0.277982;1
1;-1.13318;0.243574;1
1;-0.728571;0.325508;1
1;-0.681388;0.335952;1
1;-0.98278;0.272341;1
1;-0.943391;0.280216;1
1;-0.805083;0.308939;1
1;-0.840325;0.301466;1
1;-0.896596;0.289751;1
1;-1.0287;0.263337;1
1;-0.924394;0.284063;1
1;-0.893622;0.290363;1
1;-0.489729;0.379957;1
1;-0.917565;0.285454;1
1;-1.06826;0.255735;1
1;-1.12635;0.244836;1
1;-0.529144;0.370716;1
1;-1.02379;0.26429;1
1;-1.62981;0.163856;1
1;-1.01734;0.265546;1
1;-0.615474;0.350812;1
1;-0.974644;0.273956;1
1;-0.998492;0.269238;1
1;-1.07259;0.254911;1
1;-0.991045;0.270706;1
1;-1.06775;0.255831;1
1;-0.991064;0.270702;1
1;-1.09833;0.250053;1
1;-0.644125;0.344315;1
1;-0.727941;0.325647;1
1;-1.05008;0.25921;1
1;-0.97623;0.27364;1
1;-0.895498;0.289976;1
1;-0.536026;0.369112;1
1;-1.12485;0.245113;1
1;-0.937142;0.281478;1
1;-0.918342;0.285296;1
1;-0.945111;0.279869;1
1;-0.945768;0.279737;1
1;-1.41544;0.195377;1
1;-1.70384;0.153964;1
1;-1.91503;0.128416;1
1;-1.54578;0.175696;1
1;-1.24073;0.224308;1
1;-1.06515;0.256327;1
1;-0.958196;0.27724;1
1;-1.81091;0.140528;1
1;-1.6343;0.163242;1
1;-2.01165;0.117985;1
1;-1.83834;0.137248;1
1;-1.86865;0.133698;1
1;-1.79747;0.14216;1
1;-2.09202;0.109875;1
1;-1.76924;0.145637;1
1;-1.79977;0.141879;1
1;-1.57959;0.170854;1
1;-1.48226;0.185087;1
1;-1.20509;0.23057;1
1;-1.37852;0.201246;1
1;-0.868006;0.295669;1
1;-1.07943;0.253614;1
1;-0.895176;0.290043;1
1;-1.2259;0.226899;1
1;-1.5836;0.170287;1
1;-0.908665;0.287273;1
1;-1.02371;0.264306;1
1;-1.2828;0.217074;1
1;-1.35307;0.205369;1
1;-1.0321;0.262677;1
1;-0.857591;0.297843;1
1;-1.34545;0.206615;1
1;-1.26072;0.220849;1
1;-1.02011;0.265006;1
1;-0.821549;0.305435;1
1;-1.44519;0.190743;1
1;-1.50945;0.18102;1
1;-1.61004;0.166583;1
1;-1.55649;0.174151;1
1;-1.6109;0.166464;1
1;-1.61145;0.166388;1
1;-1.38128;0.200803;1
1;-1.69028;0.155739;1
1;-1.33144;0.208921;1
1;-1.44418;0.190899;1
1;-1.13573;0.243105;1
1;-0.951925;0.278498;1
1;-1.0196;0.265106;1
1;-1.07061;0.255287;1
1;-1.16352;0.238028;1
1;-1.07519;0.254417;1
1;-1.48967;0.183971;1
1;-1.56094;0.173511;1
1;-0.978973;0.273096;1
1;-0.817288;0.30634;1
1;-0.823698;0.304979;1
1;-0.704205;0.330881;1
1;-0.622225;0.349276;1
1;-0.140232;0.464999;1
1;-0.838544;0.301842;1
1;-0.56196;0.363094;1
1;-0.958481;0.277182;1
1;-0.734598;0.324187;1
1;-0.868299;0.295608;1
1;-0.909382;0.287126;1
1;-1.04655;0.259889;1
1;-0.927652;0.283401;1
1;-1.14184;0.241983;1
1;-1.22921;0.226319;1
1;-0.457221;0.387645;1
1;-0.890933;0.290917;1
1;-1.0397;0.261208;1
1;-0.928001;0.28333;1
1;-0.991598;0.270596;1
1;-0.836137;0.302349;1
1;-0.943817;0.28013;1
1;-0.954975;0.277885;1
1;-0.912747;0.286438;1
1;-0.953188;0.278244;1
1;-0.984963;0.271908;1
1;-0.707674;0.330113;1
1;-0.745707;0.321757;1
1;-0.885013;0.29214;1
1;-0.823624;0.304995;1
1;-0.893161;0.290458;1
1;-0.695647;0.332778;1
1;-0.565921;0.362179;1
1;-1.3863;0.199999;1
1;-1.77845;0.144495;1
1;-1.83216;0.137982;1
1;-1.70262;0.154123;1
1;-1.72439;0.151306;1
1;-1.67981;0.15712;1
1;-1.61466;0.165943;1
1;-1.78029;0.144267;1
1;-1.53104;0.177841;1
1;-1.52111;0.179298;1
1;-1.79968;0.14189;1
1;-2.06658;0.112387;1
1;-1.88955;0.131295;1
1;-0.991958;0.270526;1
1;-0.901743;0.288692;1
1;-1.27084;0.219113;1
1;-1.33508;0.208321;1
1;-0.915604;0.285854;1
1;-1.46673;0.18744;1
1;-1.54837;0.175322;1
1;-1.561;0.173503;1
1;-1.01621;0.265766;1
1;-1.55152;0.174867;1
1;-1.09069;0.251488;1
1;-1.54203;0.176241;1
1;-1.78498;0.143689;1
1;-1.54233;0.176196;1
1;-1.73515;0.14993;1
1;-1.69943;0.154539;1
1;-1.73222;0.150304;1
1;-1.71107;0.153025;1
1;-1.74293;0.148941;1
1;-1.67391;0.157904;1
1;-1.01446;0.266108;1
1;-1.30801;0.212819;1
1;-0.981429;0.272608;1
1;-1.00342;0.268269;1
1;-1.17027;0.236806;1
1;-1.17078;0.236715;1
1;-1.1741;0.236115;1
1;-1.28115;0.217355;1
1;-1.1739;0.236151;1
1;-0.76479;0.317607;1
1;-0.828134;0.30404;1
1;-1.27853;0.217801;1
1;-1.12853;0.244433;1
1;-1.21419;0.22896;1
1;-1.44115;0.191367;1
1;-1.09232;0.251182;1
1;-1.16164;0.238369;1
1;-1.04862;0.259489;1
1;-1.29413;0.215154;1
1;-1.35218;0.205515;1
1;-1.5101;0.180925;1
1;-1.47497;0.186188;1
1;-1.46843;0.187181;1
1;-0.765011;0.317559;1
1;-0.970897;0.274702;1
1;-1.15852;0.238937;1
1;-1.12305;0.245446;1
1;-1.21267;0.229229;1
1;-0.748754;0.321093;1
1;-1.62553;0.164444;1
1;-1.24235;0.224027;1
1;-1.2796;0.217618;1
1;-0.996898;0.269552;1
1;-1.13735;0.242808;1
1;-1.09618;0.250455;1
1;-1.23565;0.225195;1
1;-1.11138;0.247613;1
1;-1.6481;0.161366;1
1;-1.32754;0.209567;1
1;-1.5685;0.172431;1
1;-1.19996;0.231483;1
1;-1.16017;0.238637;1
1;-1.04823;0.259565;1
1;-1.08524;0.252515;1
1;-1.30869;0.212706;1
1;-1.09822;0.250074;1
1;-1.03688;0.261752;1
1;-1.11401;0.247123;1
