0;1.08551;0.747535;0
0;1.10496;0.751189;0
0;0.0191192;0.50478;0
0;1.00939;0.732901;0
0;1.1287;0.755599;0
0;1.06243;0.743155;0
0;1.17834;0.764649;0
0;1.00429;0.731902;0
0;1.03189;0.737283;0
0;1.12601;0.755103;0
0;1.12033;0.75405;0
0;1.0998;0.750222;0
0;1.23289;0.774324;0
0;0.977926;0.726696;0
0;0.991821;0.729447;0
0;1.08488;0.747415;0
0;0.795109;0.688927;0
0;0.875337;0.705855;0
0;0.768081;0.683106;0
0;0.859382;0.702532;0
0;0.944192;0.719946;0
0;0.868285;0.704389;0
0;0.883584;0.707564;0
0;0.731396;0.675112;0
0;0.870579;0.704866;0
0;0.823106;0.694895;0
0;0.805435;0.691136;0
0;0.771286;0.683799;0
0;0.736297;0.676186;0
0;0.880693;0.706966;0
0;0.815006;0.693175;0
0;0.848309;0.700212;0
0;0.831993;0.696776;0
0;0.783029;0.686333;0
0;0.772918;0.684152;0
0;0.82964;0.696279;0
0;0.734693;0.675834;0
0;0.701792;0.668585;0
0;0.658177;0.658851;0
0;0.846291;0.699789;0
0;0.876501;0.706097;0
0;0.832328;0.696847;0
0;0.722598;0.673179;0
0;0.974008;0.725918;0
0;0.801176;0.690226;0
0;0.756425;0.680577;0
0;0.810514;0.692219;0
0;0.726984;0.674143;0
0;0.903295;0.711626;0
0;0.943328;0.719771;0
0;1.00142;0.731337;0
0;0.947463;0.720605;0
0;0.863738;0.703441;0
0;0.89159;0.709218;0
0;0.944354;0.719978;0
0;1.88666;0.868375;0
0;2.08255;0.889196;0
0;1.7103;0.846876;0
0;1.64618;0.838374;0
0;1.80051;0.858211;0
0;0.90749;0.712486;0
0;0.791438;0.68814;0
0;0.784265;0.686599;0
0;0.744371;0.677951;0
0;0.89804;0.710547;0
0;0.917708;0.714575;0
0;0.723988;0.673485;0
0;0.810777;0.692275;0
0;0.989669;0.729023;0
0;0.874647;0.705712;0
0;0.979221;0.726954;0
0;1.01581;0.734155;0
0;1.00321;0.731689;0
0;0.877328;0.706268;0
0;0.837712;0.697983;0
0;0.95083;0.721282;0
0;0.96786;0.724693;0
0;0.855936;0.701811;0
0;0.798604;0.689676;0
0;1.07918;0.746338;0
0;1.0106;0.733138;0
0;1.03314;0.737523;0
0;0.973663;0.725849;0
0;1.01532;0.73406;0
0;0.957805;0.722682;0
0;0.893669;0.709647;0
0;0.831479;0.696667;0
0;0.443261;0.609036;0
0;0.933157;0.717715;0
0;0.740412;0.677086;0
0;0.535522;0.63077;0
0;0.655646;0.658282;0
0;0.715029;0.671511;0
0;0.770742;0.683681;0
0;0.903832;0.711736;0
0;0.766625;0.68279;0
0;0.696644;0.667443;0
0;0.801891;0.690379;0
0;0.786729;0.687129;0
0;0.76412;0.682248;0
0;0.931133;0.717305;0
0;0.849941;0.700555;0
0;0.732604;0.675376;0
0;0.921849;0.715419;0
0;0.75013;0.679207;0
0;0.672078;0.661968;0
0;0.645038;0.655891;0
0;0.794393;0.688774;0
0;0.683264;0.664467;0
0;0.761255;0.681626;0
0;0.874226;0.705624;0
0;0.668413;0.661148;0
0;0.828784;0.696098;0
0;0.582716;0.641692;0
0;0.701119;0.668436;0
0;0.71162;0.670759;0
0;0.737233;0.67639;0
0;0.658535;0.658931;0
0;0.895097;0.709941;0
0;0.719502;0.672497;0
0;0.655234;0.658189;0
0;0.703622;0.66899;0
0;0.629481;0.652372;0
0;0.682962;0.6644;0
0;0.74755;0.678645;0
0;0.545482;0.633087;0
0;0.718064;0.67218;0
0;0.515292;0.626046;0
0;0.697837;0.667708;0
0;0.716315;0.671795;0
0;0.447285;0.609993;0
0;0.778671;0.685394;0
0;0.507176;0.624144;0
0;0.679664;0.663664;0
0;0.786044;0.686981;0
0;0.632519;0.65306;0
0;0.685831;0.665039;0
0;0.848746;0.700304;0
0;0.71019;0.670443;0
0;0.795915;0.6891;0
0;0.680149;0.663772;0
0;0.58567;0.642371;0
0;1.05454;0.741647;0
0;0.928714;0.716814;0
0;0.765349;0.682514;0
0;1.13768;0.757253;0
0;1.10322;0.750863;0
0;1.13002;0.755842;0
0;1.18491;0.765829;0
0;1.104;0.751008;0
0;1.01051;0.733121;0
0;1.10318;0.750855;0
0;1.06746;0.744114;0
0;1.01685;0.734358;0
0;1.01693;0.734374;0
0;1.04704;0.740207;0
0;0.902945;0.711554;0
0;1.05316;0.741382;0
0;1.06412;0.743477;0
0;1.04283;0.739397;0
0;1.12578;0.75506;0
0;0.778007;0.68525;0
0;1.08538;0.747511;0
0;1.10666;0.751506;0
0;0.693197;0.666678;0
0;0.966586;0.724438;0
0;1.14206;0.758057;0
0;1.09518;0.749356;0
0;0.941062;0.719314;0
0;1.20388;0.769214;0
0;1.17481;0.764014;0
0;1.11757;0.753538;0
0;0.80639;0.69134;0
0;1.14583;0.758748;0
0;1.09168;0.748699;0
0;1.12773;0.755419;0
0;1.2818;0.782756;0
0;1.09446;0.749221;0
0;1.00883;0.732792;0
0;1.06482;0.743611;0
0;1.05449;0.741636;0
0;1.13684;0.7571;0
0;1.11267;0.752627;0
0;1.00023;0.731103;0
0;1.1108;0.752278;0
0;1.00413;0.731869;0
0;0.940675;0.719236;0
0;1.01597;0.734188;0
0;1.10563;0.751314;0
0;1.12193;0.754347;0
0;1.10619;0.751418;0
0;1.09231;0.748816;0
0;1.04579;0.739967;0
0;1.16405;0.762068;0
0;1.0877;0.747948;0
0;1.04409;0.739639;0
0;2.00792;0.881626;0
0;1.04371;0.739564;0
0;1.06697;0.744021;0
0;1.03941;0.738737;0
0;1.0345;0.737787;0
0;1.91746;0.871855;0
0;2.02767;0.883671;0
0;1.03805;0.738473;0
0;0.539719;0.631747;0
0;0.35954;0.588929;0
0;1.79569;0.857623;0
0;1.85249;0.864419;0
0;2.01926;0.882804;0
0;2.17327;0.897824;0
0;1.83038;0.861807;0
0;0.947678;0.720648;0
0;1.10485;0.751167;0
0;1.90536;0.870497;0
0;0.970045;0.725129;0
0;2.83165;0.944362;0
0;0.803556;0.690735;0
0;0.942626;0.71963;0
0;0.906402;0.712263;0
0;0.754049;0.68006;0
0;1.01266;0.733541;0
0;0.974459;0.726007;0
0;0.771153;0.68377;0
0;0.933008;0.717685;0
0;-0.109108;0.47275;1
0;1.00626;0.732288;0
0;1.10153;0.750548;0
0;1.19106;0.766931;0
0;0.964109;0.723944;0
0;1.04121;0.739083;0
0;1.06546;0.743733;0
0;1.15845;0.761051;0
0;1.14347;0.758317;0
0;1.03125;0.737159;0
0;1.03061;0.737033;0
0;1.00431;0.731906;0
0;1.06545;0.743731;0
0;0.907008;0.712388;0
0;0.848178;0.700185;0
0;0.741929;0.677417;0
0;0.929207;0.716914;0
0;0.944113;0.71993;0
0;1.00665;0.732364;0
0;1.02015;0.735002;0
0;0.970138;0.725147;0
0;0.9568;0.722481;0
0;1.09468;0.749263;0
0;0.938297;0.718755;0
0;0.987837;0.72866;0
0;0.890572;0.709008;0
0;0.973142;0.725745;0
0;0.929575;0.716989;0
0;1.04663;0.740127;0
0;0.808008;0.691685;0
0;0.93535;0.718159;0
0;0.936766;0.718446;0
0;1.01882;0.734742;0
0;0.739532;0.676894;0
0;0.91948;0.714936;0
0;0.786373;0.687052;0
0;0.908238;0.712639;0
0;0.99628;0.730327;0
0;0.940008;0.719101;0
0;0.983347;0.727772;0
0;0.985211;0.728141;0
0;0.84291;0.699078;0
0;0.972896;0.725696;0
0;1.02149;0.735262;0
0;0.895082;0.709938;0
0;1.17569;0.764172;0
0;1.00516;0.732072;0
0;1.10639;0.751455;0
0;0.827825;0.695895;0
0;0.977727;0.726657;0
0;1.05961;0.742616;0
0;0.944178;0.719943;0
0;1.04251;0.739333;0
0;0.996321;0.730335;0
0;0.898872;0.710718;0
0;0.819457;0.694121;0
0;1.03256;0.737412;0
0;0.802292;0.690464;0
0;0.924854;0.71603;0
0;0.854066;0.701419;0
0;0.994595;0.729995;0
0;1.04649;0.7401;0
0;0.729591;0.674716;0
0;0.913196;0.713654;0
0;0.963189;0.72376;0
0;0.938799;0.718857;0
0;1.02097;0.735161;0
0;0.997482;0.730563;0
0;0.934511;0.71799;0
0;1.00605;0.732246;0
0;0.97874;0.726858;0
0;0.987598;0.728613;0
0;1.09973;0.75021;0
0;1.16803;0.762789;0
0;0.932805;0.717644;0
0;1.00673;0.73238;0
0;0.916385;0.714305;0
0;0.780819;0.685857;0
0;0.959868;0.723095;0
0;1.00834;0.732695;0
0;0.920678;0.71518;0
0;1.05037;0.740847;0
0;0.869699;0.704683;0
0;1.07017;0.744629;0
0;1.09813;0.749909;0
0;1.07328;0.74522;0
0;1.13072;0.755971;0
0;0.984281;0.727957;0
0;1.17687;0.764384;0
0;0.90941;0.712879;0
0;1.0225;0.73546;0
0;1.07801;0.746117;0
0;0.941631;0.719429;0
0;0.990995;0.729284;0
0;0.71318;0.671103;0
0;1.09399;0.749132;0
0;1.11269;0.75263;0
0;1.07585;0.745707;0
0;1.0064;0.732315;0
0;1.24977;0.77726;0
0;1.14231;0.758103;0
0;1.02903;0.736729;0
0;1.21489;0.771163;0
0;1.07511;0.745568;0
0;1.18797;0.766377;0
0;1.14664;0.758897;0
0;1.05168;0.741098;0
0;1.12524;0.754959;0
0;1.06784;0.744187;0
0;1.10441;0.751085;0
0;1.04361;0.739546;0
0;1.09278;0.748905;0
0;1.18609;0.766041;0
0;1.07228;0.745031;0
0;0.910733;0.71315;0
0;1.27326;0.7813;0
0;1.09108;0.748584;0
0;1.06029;0.742747;0
0;0.926466;0.716358;0
0;1.19401;0.767457;0
0;1.12278;0.754504;0
0;1.12232;0.754419;0
0;1.04513;0.739838;0
0;0.864308;0.70356;0
0;1.05339;0.741426;0
0;0.900335;0.711018;0
0;1.08277;0.747018;0
0;1.13602;0.756949;0
0;1.08466;0.747374;0
0;0.966406;0.724403;0
0;1.13002;0.755843;0
0;1.05529;0.741789;0
0;1.15327;0.760108;0
0;0.6816;0.664096;0
0;1.10176;0.75059;0
0;1.00931;0.732886;0
0;1.03211;0.737325;0
0;1.12146;0.754259;0
0;0.994969;0.730068;0
0;1.02221;0.735402;0
0;1.17593;0.764215;0
0;1.09369;0.749075;0
0;0.883734;0.707595;0
0;0.693716;0.666793;0
0;0.928627;0.716797;0
0;1.0874;0.747891;0
0;1.11425;0.752922;0
0;1.06061;0.742808;0
0;0.910743;0.713152;0
0;1.0967;0.749641;0
0;1.16579;0.762384;0
0;1.20206;0.768891;0
0;1.17467;0.763988;0
0;1.12874;0.755606;0
0;1.01914;0.734805;0
0;1.10581;0.751346;0
0;1.14342;0.758308;0
0;1.14324;0.758275;0
0;1.16404;0.762067;0
0;0.894773;0.709874;0
0;1.01067;0.733152;0
0;1.19187;0.767075;0
0;1.16919;0.762998;0
0;1.07585;0.745708;0
0;1.04558;0.739925;0
0;1.09943;0.750152;0
0;1.07458;0.745466;0
0;1.09393;0.749121;0
0;1.02528;0.735999;0
0;1.06724;0.744071;0
0;1.05717;0.74215;0
0;1.0721;0.744997;0
0;1.02619;0.736176;0
0;0.980866;0.72728;0
0;1.02157;0.735278;0
0;1.01909;0.734795;0
0;1.05447;0.741633;0
0;1.05888;0.742476;0
0;1.04393;0.739608;0
0;1.06353;0.743365;0
0;1.01377;0.733757;0
0;1.07597;0.745731;0
0;1.05057;0.740885;0
0;1.14191;0.758031;0
0;1.11084;0.752286;0
0;0.994338;0.729944;0
0;1.08125;0.746731;0
0;0.960212;0.723164;0
0;1.06399;0.743453;0
0;1.17352;0.763781;0
0;1.02087;0.735142;0
0;1.05969;0.742631;0
0;0.890491;0.708992;0
0;1.00999;0.733019;0
0;1.13046;0.755924;0
0;1.1897;0.766687;0
0;1.12909;0.755671;0
0;1.06873;0.744356;0
0;1.06245;0.743159;0
0;1.17047;0.76323;0
0;1.1416;0.757974;0
0;1.01454;0.733909;0
0;1.02195;0.735352;0
0;1.04576;0.73996;0
0;1.01167;0.733348;0
0;1.07933;0.746368;0
0;0.927492;0.716566;0
0;0.927656;0.716599;0
0;1.00582;0.732202;0
0;0.930104;0.717096;0
0;0.98719;0.728533;0
0;1.03021;0.736957;0
0;1.04283;0.739396;0
0;1.01982;0.734938;0
0;1.0499;0.740756;0
0;0.30015;0.574479;0
0;1.11542;0.753139;0
0;1.29718;0.78536;0
0;1.1067;0.751514;0
0;0.981346;0.727375;0
0;1.15979;0.761294;0
0;1.30882;0.787316;0
0;1.08152;0.746781;0
0;0.674634;0.66254;0
0;0.615474;0.649189;0
0;0.59512;0.644539;0
0;0.764913;0.682419;0
0;0.773296;0.684233;0
0;0.766651;0.682796;0
0;0.732433;0.675339;0
0;0.781605;0.686026;0
0;0.698209;0.667791;0
0;0.762258;0.681844;0
0;0.768463;0.683188;0
0;0.812584;0.69266;0
0;0.707435;0.669834;0
0;0.713538;0.671183;0
0;0.691125;0.666217;0
0;0.716543;0.671845;0
0;0.658172;0.65885;0
0;0.817111;0.693623;0
0;0.696939;0.667509;0
0;0.716019;0.67173;0
0;0.728533;0.674483;0
0;0.650251;0.657067;0
0;0.730728;0.674965;0
0;0.614899;0.649057;0
0;0.594674;0.644437;0
0;0.648137;0.656591;0
0;0.751869;0.679586;0
0;0.671314;0.661797;0
0;0.721294;0.672892;0
0;0.684288;0.664695;0
0;0.614221;0.648903;0
0;0.769307;0.683371;0
0;0.520125;0.627177;0
0;0.73751;0.676451;0
0;0.753688;0.679982;0
0;0.671468;0.661832;0
0;0.613592;0.64876;0
0;0.605636;0.646945;0
0;0.561087;0.636704;0
0;0.679167;0.663553;0
0;0.66633;0.660681;0
0;0.559021;0.636226;0
0;0.651518;0.657352;0
0;0.691697;0.666344;0
0;0.714776;0.671456;0
0;0.680796;0.663916;0
0;0.707639;0.669879;0
0;0.605241;0.646854;0
0;0.573617;0.639597;0
0;0.623032;0.650908;0
0;0.711535;0.67074;0
0;0.683702;0.664564;0
0;0.638195;0.654345;0
0;0.658365;0.658893;0
0;0.749515;0.679073;0
0;0.638778;0.654477;0
0;0.700663;0.668335;0
0;0.671574;0.661855;0
0;0.608191;0.647528;0
0;0.617183;0.649577;0
0;0.815773;0.693338;0
0;0.702168;0.668668;0
0;0.681563;0.664088;0
0;0.597008;0.644971;0
0;0.607306;0.647326;0
0;0.707277;0.669799;0
0;0.670742;0.661669;0
0;0.638728;0.654466;0
0;0.592751;0.643996;0
0;0.34496;0.585395;0
0;0.556588;0.635663;0
0;0.405036;0.599897;0
0;0.539432;0.63168;0
0;0.354188;0.587633;0
0;0.724231;0.673538;0
0;0.492291;0.620646;0
0;0.39351;0.597127;0
0;0.465031;0.614207;0
0;0.416064;0.602541;0
0;0.459893;0.612989;0
0;0.265191;0.565912;0
0;0.548271;0.633734;0
0;0.350097;0.586641;0
0;0.2324;0.55784;0
0;0.412742;0.601745;0
0;0.352207;0.587153;0
0;0.603762;0.646517;0
0;0.525148;0.628351;0
0;0.472834;0.616054;0
0;0.533444;0.630286;0
0;0.536088;0.630902;0
0;0.338235;0.583762;0
0;0.391807;0.596718;0
0;0.634966;0.653615;0
0;0.396789;0.597916;0
0;0.541748;0.632219;0
0;0.65752;0.658703;0
0;0.288763;0.571693;0
0;0.415119;0.602315;0
0;0.475844;0.616766;0
0;0.310942;0.577115;0
0;0.324912;0.580521;0
0;0.310705;0.577057;0
0;0.448191;0.610209;0
0;0.491877;0.620548;0
0;0.499922;0.622441;0
0;0.376207;0.592958;0
0;0.487045;0.61941;0
0;0.466315;0.614511;0
0;0.266025;0.566117;0
0;0.347297;0.585962;0
0;0.344039;0.585171;0
0;0.528451;0.629122;0
0;0.308632;0.576551;0
0;0.4414;0.608593;0
0;0.498926;0.622207;0
0;0.406469;0.600241;0
0;0.368391;0.59107;0
0;0.352307;0.587177;0
0;0.468433;0.615013;0
0;0.439738;0.608197;0
0;0.443651;0.609129;0
0;0.39164;0.596677;0
0;0.408812;0.600803;0
0;0.453281;0.611419;0
0;0.437998;0.607782;0
0;0.385213;0.59513;0
0;0.331444;0.582111;0
0;0.411691;0.601493;0
0;0.368293;0.591046;0
0;0.505403;0.623728;0
0;0.340032;0.584198;0
0;0.373266;0.592248;0
0;0.348288;0.586202;0
0;0.356877;0.588284;0
0;0.4438;0.609164;0
0;0.497667;0.621911;0
0;0.366104;0.590517;0
0;0.788018;0.687406;0
0;0.830721;0.696507;0
0;0.733848;0.675649;0
0;0.804307;0.690895;0
0;0.91889;0.714816;0
0;0.825077;0.695313;0
0;0.858493;0.702346;0
0;0.77652;0.68493;0
0;0.83366;0.697128;0
0;0.794072;0.688705;0
0;0.851259;0.700831;0
0;1.00003;0.731064;0
0;0.850075;0.700583;0
0;0.844123;0.699333;0
0;0.944252;0.719958;0
0;0.831055;0.696578;0
0;0.893651;0.709643;0
0;1.0242;0.73579;0
0;0.918927;0.714823;0
0;0.854273;0.701463;0
0;0.904851;0.711945;0
0;0.778958;0.685455;0
0;0.928792;0.71683;0
0;0.929928;0.717061;0
0;0.797301;0.689397;0
0;0.770662;0.683664;0
0;0.835925;0.697606;0
0;0.891336;0.709166;0
0;0.876256;0.706046;0
0;0.915457;0.714116;0
0;0.849219;0.700403;0
0;0.643238;0.655485;0
0;0.884996;0.707856;0
0;0.8373;0.697896;0
0;0.757193;0.680744;0
0;0.87044;0.704837;0
0;0.85504;0.701623;0
0;0.805093;0.691063;0
0;0.816533;0.6935;0
0;0.895635;0.710052;0
0;0.846142;0.699757;0
0;0.876231;0.706041;0
0;0.92868;0.716807;0
0;0.794914;0.688885;0
0;0.826225;0.695556;0
0;0.90187;0.711334;0
0;0.725727;0.673867;0
0;0.776627;0.684953;0
0;0.852486;0.701088;0
0;0.803563;0.690736;0
0;0.795608;0.689034;0
0;0.8707;0.704891;0
0;0.808679;0.691828;0
0;0.821074;0.694464;0
0;0.720984;0.672824;0
0;0.695494;0.667188;0
0;0.718371;0.672248;0
0;0.747244;0.678578;0
0;0.824781;0.69525;0
0;0.685645;0.664997;0
0;0.653626;0.657827;0
0;0.718358;0.672245;0
0;0.756822;0.680663;0
0;0.752822;0.679793;0
0;0.803971;0.690823;0
0;0.709764;0.670349;0
0;0.673163;0.662211;0
0;0.92176;0.715401;0
0;0.85739;0.702115;0
0;0.847149;0.699969;0
0;1.20392;0.769221;0
0;1.14309;0.758247;0
0;1.13886;0.75747;0
0;1.22834;0.773527;0
0;1.10651;0.751477;0
0;0.849102;0.700379;0
0;0.140473;0.535061;0
0;0.815104;0.693196;0
0;0.701828;0.668593;0
0;0.650967;0.657228;0
0;0.718138;0.672197;0
0;1.45089;0.810136;0
0;1.36719;0.796926;0
0;0.734739;0.675844;0
0;0.787633;0.687323;0
0;0.655441;0.658236;0
0;0.768081;0.683106;0
0;0.651947;0.657449;0
0;0.709416;0.670272;0
0;0.715723;0.671665;0
0;0.829813;0.696315;0
0;0.745076;0.678105;0
0;0.855345;0.701687;0
0;0.558172;0.636029;0
0;0.60108;0.645903;0
0;0.639635;0.654671;0
0;0.515631;0.626126;0
0;0.491864;0.620545;0
0;0.564965;0.637601;0
0;0.58646;0.642552;0
0;0.499468;0.622334;0
0;0.415029;0.602293;0
0;0.37817;0.593432;0
0;0.525939;0.628536;0
0;0.484471;0.618803;0
0;0.484683;0.618853;0
0;0.513514;0.62563;0
0;0.413035;0.601815;0
0;0.472954;0.616083;0
0;0.464755;0.614141;0
0;0.582129;0.641557;0
0;0.538351;0.631429;0
0;0.697334;0.667596;0
0;0.440049;0.608271;0
0;0.507367;0.624189;0
0;0.59081;0.643551;0
0;0.402433;0.599272;0
0;0.47908;0.617531;0
0;0.443316;0.609049;0
0;0.434115;0.606856;0
0;0.510959;0.625031;0
0;0.372644;0.592098;0
0;0.466133;0.614468;0
0;0.484955;0.618917;0
0;0.557862;0.635958;0
0;0.517675;0.626604;0
0;1.3963;0.801596;0
0;1.32943;0.790746;0
0;1.2917;0.784435;0
0;1.15939;0.761223;0
0;1.36125;0.795963;0
0;1.07436;0.745424;0
0;1.14509;0.758613;0
0;1.41794;0.805015;0
0;1.22067;0.772181;0
0;1.2144;0.771077;0
0;1.33674;0.791954;0
0;1.39887;0.802004;0
0;1.39193;0.800899;0
0;1.35733;0.795326;0
0;1.24815;0.776979;0
0;1.26668;0.780173;0
0;1.37092;0.797529;0
0;1.11347;0.752775;0
0;1.17398;0.763864;0
0;1.25084;0.777445;0
0;1.27644;0.781843;0
0;1.18996;0.766733;0
0;1.15317;0.760089;0
0;1.20626;0.769636;0
0;1.33967;0.792436;0
0;1.38238;0.799374;0
0;1.28633;0.783526;0
0;1.4081;0.803466;0
0;1.12585;0.755072;0
0;1.32497;0.790008;0
0;1.1763;0.764281;0
0;1.18815;0.76641;0
0;1.22665;0.773231;0
0;1.42148;0.805571;0
0;1.17835;0.76465;0
0;1.36471;0.796524;0
0;1.33792;0.792148;0
0;1.15728;0.760838;0
0;1.16414;0.762084;0
0;1.42376;0.805928;0
0;1.13994;0.757669;0
0;1.16687;0.762578;0
0;1.19986;0.768499;0
0;1.15037;0.759579;0
0;1.09642;0.749589;0
0;1.18302;0.765491;0
0;1.2117;0.770599;0
0;1.12023;0.754032;0
0;1.04857;0.7405;0
0;1.15451;0.760333;0
0;1.27385;0.7814;0
0;1.15948;0.761238;0
0;1.22115;0.772266;0
0;1.0383;0.738522;0
0;1.22048;0.772149;0
0;1.31765;0.788791;0
0;1.17842;0.764664;0
0;1.22654;0.773212;0
0;1.21482;0.771151;0
0;1.04264;0.739359;0
0;0.914998;0.714022;0
0;1.18634;0.766086;0
0;1.20875;0.770077;0
0;1.24174;0.775866;0
0;1.24439;0.776327;0
0;1.2204;0.772134;0
0;1.2799;0.782434;0
0;1.2328;0.774308;0
0;1.3113;0.78773;0
0;1.27584;0.78174;0
0;0.995474;0.730168;0
0;1.34162;0.792756;0
0;1.22384;0.772738;0
0;1.07183;0.744944;0
0;1.03141;0.737188;0
0;1.09539;0.749396;0
0;1.2631;0.779559;0
0;1.3126;0.787947;0
0;1.21988;0.772043;0
0;1.11277;0.752645;0
0;1.33535;0.791724;0
0;1.03998;0.738846;0
0;1.16958;0.763069;0
0;1.13306;0.756402;0
0;1.08285;0.747033;0
0;1.13508;0.756776;0
0;1.00177;0.731407;0
0;1.14247;0.758134;0
0;1.09895;0.750063;0
0;1.04795;0.740381;0
0;1.11776;0.753573;0
0;1.10408;0.751023;0
0;1.02552;0.736046;0
0;1.28608;0.783484;0
0;1.16725;0.762648;0
0;0.990014;0.729091;0
0;1.24899;0.777126;0
0;1.26833;0.780457;0
0;1.12399;0.754728;0
0;1.21984;0.772036;0
0;1.33958;0.792421;0
0;1.08769;0.747947;0
0;1.08473;0.747388;0
0;0.716723;0.671885;0
0;1.07627;0.745787;0
0;1.05374;0.741492;0
0;1.12545;0.754997;0
0;1.27452;0.781515;0
0;1.15293;0.760045;0
0;1.29491;0.784978;0
0;1.12881;0.755618;0
0;1.52063;0.820631;0
0;1.03332;0.73756;0
0;1.13581;0.756909;0
0;1.04051;0.738947;0
0;1.28467;0.783244;0
0;1.37046;0.797455;0
0;1.19449;0.767543;0
0;1.31439;0.788247;0
0;1.27794;0.782098;0
0;1.05815;0.742337;0
0;1.10679;0.75153;0
0;1.12428;0.754781;0
0;1.15732;0.760845;0
0;1.23236;0.774231;0
0;1.15492;0.760408;0
0;1.26482;0.779855;0
0;0.993335;0.729746;0
0;1.16998;0.763142;0
0;1.22355;0.772689;0
0;1.05018;0.74081;0
0;0.899266;0.710799;0
0;1.16671;0.76255;0
0;1.05309;0.741367;0
0;1.23665;0.77498;0
0;1.09841;0.749962;0
0;0.968956;0.724911;0
0;0.802935;0.690602;0
0;0.740978;0.67721;0
0;0.674609;0.662534;0
0;0.963622;0.723846;0
0;1.02527;0.735998;0
0;0.756956;0.680693;0
0;0.81592;0.69337;0
0;0.620309;0.650289;0
0;0.90571;0.712122;0
0;0.747938;0.678729;0
0;0.792205;0.688305;0
0;0.710962;0.670614;0
0;0.795408;0.688991;0
0;0.744474;0.677973;0
0;0.84412;0.699332;0
0;0.833001;0.696989;0
0;0.864421;0.703583;0
0;0.902191;0.7114;0
0;0.816604;0.693515;0
0;0.830124;0.696381;0
0;0.919569;0.714954;0
0;0.90348;0.711664;0
0;0.851319;0.700844;0
0;1.15932;0.76121;0
0;0.855591;0.701739;0
0;0.920036;0.715049;0
0;0.804335;0.690901;0
0;0.835104;0.697433;0
0;0.886984;0.708267;0
0;0.905759;0.712132;0
0;0.633452;0.653272;0
0;1.03495;0.737874;0
0;1.04144;0.739128;0
0;0.999941;0.731047;0
0;1.28447;0.78321;0
0;0.364162;0.590048;0
0;1.17762;0.76452;0
0;0.552428;0.634699;0
0;0.898796;0.710702;0
0;0.918742;0.714786;0
0;0.768654;0.68323;0
0;0.972205;0.725559;0
0;1.16932;0.763022;0
0;1.04696;0.74019;0
0;0.868651;0.704465;0
0;0.883879;0.707625;0
0;1.02926;0.736773;0
0;0.967233;0.724568;0
0;0.247201;0.561487;0
0;0.83222;0.696824;0
0;1.0086;0.732745;0
0;0.944967;0.720102;0
0;1.02154;0.735272;0
0;0.926832;0.716432;0
0;1.0962;0.749547;0
0;1.02386;0.735724;0
0;0.690172;0.666005;0
0;0.826506;0.695616;0
0;0.91762;0.714557;0
0;0.739835;0.67696;0
0;0.936929;0.718479;0
0;0.963731;0.723868;0
0;0.867205;0.704164;0
0;0.851722;0.700928;0
0;0.793322;0.688544;0
0;0.944353;0.719978;0
0;0.88493;0.707843;0
0;0.772018;0.683957;0
0;0.86166;0.703007;0
0;0.826851;0.695689;0
0;0.814404;0.693047;0
0;0.809197;0.691938;0
0;0.770491;0.683627;0
0;0.804513;0.690939;0
0;0.964557;0.724033;0
0;0.886657;0.7082;0
0;0.799501;0.689868;0
0;0.921871;0.715423;0
0;0.749808;0.679137;0
0;0.860171;0.702697;0
0;0.794311;0.688756;0
0;0.827407;0.695806;0
0;0.746064;0.67832;0
0;0.826225;0.695556;0
0;0.85003;0.700573;0
0;0.823653;0.695011;0
0;0.829303;0.696208;0
0;0.901423;0.711242;0
0;0.883207;0.707486;0
0;0.807043;0.691479;0
0;0.809516;0.692006;0
0;0.778472;0.685351;0
0;0.831313;0.696632;0
0;0.716736;0.671888;0
0;0.742181;0.677473;0
0;0.89529;0.709981;0
0;0.816633;0.693521;0
0;0.727876;0.674339;0
0;0.81033;0.69218;0
0;0.780088;0.685699;0
0;0.839816;0.698427;0
0;0.875296;0.705846;0
0;0.78358;0.686451;0
0;0.828033;0.695939;0
0;0.732704;0.675398;0
0;0.847753;0.700096;0
0;0.751274;0.679456;0
0;0.816732;0.693542;0
0;0.757485;0.680808;0
0;0.806855;0.691439;0
0;0.864474;0.703595;0
0;0.78517;0.686793;0
0;0.797886;0.689522;0
0;0.866365;0.703989;0
0;0.745471;0.678191;0
0;0.871165;0.704988;0
0;0.750743;0.679341;0
0;0.760516;0.681466;0
0;0.852829;0.70116;0
0;0.859046;0.702461;0
0;0.798415;0.689635;0
0;0.782613;0.686243;0
0;0.767121;0.682898;0
0;0.873349;0.705442;0
0;0.807816;0.691644;0
0;0.862593;0.703202;0
0;0.788695;0.687551;0
0;0.813671;0.692891;0
0;0.775443;0.684697;0
0;0.830511;0.696463;0
0;0.754193;0.680092;0
0;0.899873;0.710923;0
0;0.83777;0.697995;0
0;0.821139;0.694478;0
0;0.676144;0.662878;0
0;0.783678;0.686472;0
0;0.510386;0.624897;0
0;0.682875;0.66438;0
0;0.599092;0.645449;0
0;0.621851;0.650639;0
0;0.781789;0.686065;0
0;0.521296;0.627451;0
0;0.637302;0.654143;0
0;0.657743;0.658753;0
0;0.435999;0.607305;0
0;0.81736;0.693676;0
0;0.638912;0.654507;0
0;0.616333;0.649384;0
0;0.627675;0.651962;0
0;0.710763;0.67057;0
0;0.514476;0.625855;0
0;0.47163;0.61577;0
0;0.408899;0.600824;0
0;0.562283;0.636981;0
0;0.580543;0.641192;0
0;0.625231;0.651407;0
0;0.312485;0.577492;0
0;0.410365;0.601175;0
0;0.51285;0.625474;0
0;0.9541;0.721939;0
0;0.123137;0.530745;0
0;0.553663;0.634985;0
0;0.684773;0.664803;0
0;0.348169;0.586173;0
0;0.363132;0.589798;0
0;0.564378;0.637465;0
0;0.280703;0.569719;0
0;0.778835;0.685429;0
0;0.378955;0.593621;0
0;0.756624;0.68062;0
0;0.613666;0.648777;0
0;0.780984;0.685892;0
0;0.546093;0.633229;0
0;0.617687;0.649692;0
0;0.755987;0.680482;0
0;0.700823;0.66837;0
0;0.857984;0.702239;0
0;0.776667;0.684961;0
0;0.600108;0.645681;0
0;0.690378;0.666051;0
0;0.726909;0.674127;0
0;0.782054;0.686123;0
0;0.749724;0.679119;0
0;0.838464;0.698142;0
0;0.600829;0.645846;0
0;0.735535;0.676019;0
0;0.724229;0.673538;0
0;0.747266;0.678583;0
0;0.720739;0.67277;0
0;0.88148;0.707129;0
0;0.856103;0.701846;0
0;0.654161;0.657948;0
0;0.749428;0.679054;0
0;0.46718;0.614716;0
0;0.42938;0.605726;0
0;0.626541;0.651705;0
0;0.543622;0.632655;0
0;0.644361;0.655739;0
0;0.398936;0.598432;0
0;0.615576;0.649212;0
0;0.442611;0.608881;0
0;1.15929;0.761204;0
0;1.07297;0.745161;0
0;1.0659;0.743816;0
0;1.01333;0.733672;0
0;1.14327;0.75828;0
0;0.822773;0.694825;0
0;1.16037;0.761399;0
0;1.14814;0.759172;0
0;1.13984;0.757651;0
0;1.10149;0.750539;0
0;1.06379;0.743414;0
0;1.16012;0.761355;0
0;1.0896;0.748306;0
0;1.18855;0.766481;0
0;1.07781;0.74608;0
0;1.14011;0.7577;0
0;1.16129;0.761567;0
0;1.10376;0.750964;0
0;1.12598;0.755095;0
0;1.08391;0.747232;0
0;1.09841;0.749963;0
0;1.06402;0.743458;0
0;1.0784;0.746192;0
0;0.967348;0.724591;0
0;1.09192;0.748744;0
0;1.11102;0.752319;0
0;1.0719;0.744957;0
0;1.02492;0.735931;0
0;1.05217;0.741192;0
0;1.04527;0.739866;0
0;1.00715;0.732462;0
0;1.10979;0.752091;0
0;1.13352;0.756488;0
0;1.04459;0.739734;0
0;1.1621;0.761715;0
0;1.04515;0.739842;0
0;1.03228;0.737357;0
0;1.04256;0.739344;0
0;1.00784;0.732598;0
0;1.12189;0.754339;0
0;1.13215;0.756236;0
0;1.10211;0.750654;0
0;1.04896;0.740574;0
0;0.955572;0.722234;0
0;0.97879;0.726868;0
0;0.976386;0.726391;0
0;0.999456;0.730952;0
0;0.971251;0.725369;0
0;1.01549;0.734094;0
0;1.06652;0.743934;0
0;1.02983;0.736884;0
0;0.993498;0.729778;0
0;1.03984;0.73882;0
0;0.996482;0.730366;0
0;1.10102;0.750452;0
0;0.924209;0.715899;0
0;0.9534;0.721798;0
0;1.00385;0.731814;0
0;1.02958;0.736835;0
0;1.02064;0.735097;0
0;0.956163;0.722353;0
0;0.96894;0.724908;0
0;1.0546;0.741658;0
0;0.98893;0.728876;0
0;0.973354;0.725788;0
0;0.985717;0.728241;0
0;0.557055;0.635771;0
0;0.53499;0.630646;0
0;0.61163;0.648312;0
0;0.625985;0.651579;0
0;0.629067;0.652278;0
0;0.575974;0.64014;0
0;0.608828;0.647673;0
0;0.493016;0.620817;0
0;0.585681;0.642374;0
0;0.619443;0.650092;0
0;0.720062;0.672621;0
0;0.609633;0.647857;0
0;0.452313;0.611189;0
0;0.575548;0.640042;0
0;0.55185;0.634565;0
0;0.64181;0.655163;0
0;0.587229;0.642729;0
0;0.48345;0.618562;0
0;0.594509;0.644399;0
0;0.370921;0.591682;0
0;0.50631;0.623941;0
0;0.511998;0.625275;0
0;0.655332;0.658211;0
0;2.04306;0.885245;0
0;0.587567;0.642807;0
0;0.517943;0.626667;0
0;0.519512;0.627034;0
0;0.648084;0.656579;0
0;0.547402;0.633533;0
0;0.490691;0.620269;0
0;0.497397;0.621847;0
0;0.514167;0.625783;0
0;0.576899;0.640354;0
0;0.488391;0.619727;0
0;0.539229;0.631633;0
0;0.557412;0.635854;0
0;0.715051;0.671516;0
0;0.696991;0.66752;0
0;0.764853;0.682407;0
0;0.627164;0.651846;0
0;0.684185;0.664672;0
0;0.426932;0.605141;0
0;0.535923;0.630864;0
0;0.588452;0.64301;0
0;0.677878;0.663265;0
0;0.746151;0.67834;0
0;0.654947;0.658124;0
0;0.513551;0.625639;0
0;0.668351;0.661134;0
0;0.712572;0.670969;0
0;0.743606;0.677784;0
0;0.573614;0.639597;0
0;0.707097;0.669759;0
0;0.605884;0.647001;0
0;0.504679;0.623558;0
0;0.732337;0.675318;0
0;0.753316;0.679901;0
0;0.659644;0.65918;0
0;0.525748;0.628491;0
0;0.656758;0.658532;0
0;0.667983;0.661051;0
0;0.466924;0.614655;0
0;0.651577;0.657366;0
0;0.600004;0.645657;0
0;0.65109;0.657256;0
0;0.541174;0.632085;0
0;0.696155;0.667335;0
0;0.565966;0.637832;0
0;0.522482;0.627728;0
0;0.524303;0.628153;0
0;0.602744;0.646284;0
0;0.646556;0.656234;0
0;0.472101;0.615881;0
0;0.598602;0.645336;0
0;0.528617;0.62916;0
0;0.560313;0.636525;0
0;0.579834;0.641029;0
0;0.625534;0.651476;0
0;0.56285;0.637112;0
0;0.594352;0.644363;0
0;0.560791;0.636636;0
0;0.65632;0.658433;0
0;0.562118;0.636942;0
0;0.690995;0.666188;0
0;0.636142;0.653881;0
0;0.667554;0.660955;0
0;0.527356;0.628866;0
0;0.759398;0.681223;0
0;0.595034;0.644519;0
0;0.576798;0.64033;0
0;0.647343;0.656411;0
0;0.514807;0.625933;0
0;0.585626;0.642361;0
0;0.629308;0.652333;0
0;0.739608;0.67691;0
0;0.574966;0.639908;0
0;0.592812;0.64401;0
0;0.598067;0.645214;0
0;0.530142;0.629516;0
0;0.672932;0.662159;0
0;0.754075;0.680066;0
0;0.599684;0.645584;0
0;0.81386;0.692931;0
0;0.728131;0.674395;0
0;0.60482;0.646758;0
0;0.652487;0.657571;0
0;0.701239;0.668462;0
0;0.57545;0.64002;0
0;0.568593;0.638439;0
0;0.632159;0.652979;0
0;0.762362;0.681866;0
0;0.507977;0.624332;0
0;0.555086;0.635315;0
0;0.635891;0.653824;0
0;0.620179;0.650259;0
0;0.720987;0.672824;0
0;0.646972;0.656328;0
0;0.79832;0.689615;0
0;0.615757;0.649253;0
0;0.633003;0.65317;0
0;0.602526;0.646234;0
0;0.6361;0.653871;0
0;0.686351;0.665155;0
0;0.532458;0.630056;0
0;0.625949;0.65157;0
0;0.612801;0.648579;0
0;0.554926;0.635278;0
0;0.683524;0.664525;0
0;0.711065;0.670636;0
0;0.607455;0.64736;0
0;0.670141;0.661535;0
0;0.553098;0.634854;0
0;0.575869;0.640116;0
0;0.62555;0.65148;0
0;0.595466;0.644618;0
0;0.75511;0.680291;0
0;0.935998;0.718291;0
0;1.09639;0.749584;0
0;0.989809;0.72905;0
0;0.96731;0.724583;0
0;1.07836;0.746183;0
0;0.995017;0.730078;0
0;0.980141;0.727136;0
0;1.06983;0.744564;0
0;0.964692;0.72406;0
0;1.03445;0.737778;0
0;1.21431;0.77106;0
0;1.0307;0.737051;0
0;1.09727;0.749749;0
0;1.06299;0.743261;0
0;1.07158;0.744898;0
0;1.10737;0.751638;0
0;1.19599;0.767811;0
0;1.06739;0.7441;0
0;1.18858;0.766487;0
0;1.03162;0.737229;0
0;1.11073;0.752264;0
0;1.11876;0.753759;0
0;1.1751;0.764065;0
0;1.19602;0.767815;0
0;1.29593;0.78515;0
0;1.25308;0.777833;0
0;1.22951;0.773733;0
0;1.01744;0.734473;0
0;1.10493;0.751183;0
0;1.12278;0.754504;0
0;1.12507;0.754928;0
0;1.20013;0.768549;0
0;1.00091;0.731238;0
0;1.06966;0.744533;0
0;1.15097;0.759688;0
0;1.03318;0.737532;0
0;1.1402;0.757716;0
0;1.15244;0.759956;0
0;1.04574;0.739957;0
0;1.18382;0.765633;0
0;1.19673;0.767943;0
0;1.17958;0.764872;0
0;1.21318;0.770861;0
0;1.09458;0.749244;0
0;1.05617;0.741957;0
0;1.15992;0.761318;0
0;1.06397;0.743449;0
0;1.20819;0.769979;0
0;1.14731;0.75902;0
0;1.10189;0.750615;0
0;1.35325;0.79466;0
0;1.11643;0.753326;0
0;1.01822;0.734625;0
0;1.22884;0.773616;0
0;1.13911;0.757516;0
0;1.07503;0.745552;0
0;1.17093;0.763313;0
0;1.20806;0.769956;0
0;1.18412;0.765687;0
0;1.1095;0.752036;0
0;1.15005;0.759519;0
0;1.24126;0.775784;0
0;1.05354;0.741453;0
0;1.06609;0.743852;0
0;1.23308;0.774358;0
0;1.1057;0.751327;0
0;0.4257;0.604846;0
0;0.351542;0.586991;0
0;0.456522;0.612189;0
0;0.546328;0.633283;0
0;0.145682;0.536356;0
0;0.443548;0.609104;0
0;0.44602;0.609693;0
0;0.450889;0.610851;0
0;0.294297;0.573048;0
0;0.461982;0.613484;0
0;0.158278;0.539487;0
0;0.24635;0.561278;0
0;0.379689;0.593798;0
0;0.383035;0.594605;0
0;0.426609;0.605064;0
0;0.494051;0.62106;0
0;0.369139;0.591251;0
0;0.427286;0.605225;0
0;0.355757;0.588013;0
0;0.233931;0.558218;0
0;0.233785;0.558182;0
0;0.431382;0.606204;0
0;0.325899;0.580761;0
0;0.312577;0.577514;0
0;0.357521;0.58844;0
0;0.441404;0.608593;0
0;0.366594;0.590636;0
0;0.360904;0.589259;0
0;0.281307;0.569867;0
0;0.315916;0.578328;0
0;0.348334;0.586213;0
0;0.373363;0.592271;0
0;0.29077;0.572185;0
0;0.325302;0.580616;0
0;0.325831;0.580745;0
0;0.293844;0.572937;0
0;0.326859;0.580995;0
0;0.374155;0.592463;0
0;0.349019;0.58638;0
0;0.323914;0.580278;0
0;0.414377;0.602137;0
0;0.442288;0.608804;0
0;0.358905;0.588775;0
0;0.267369;0.566447;0
0;0.46213;0.613519;0
0;0.314499;0.577983;0
0;0.301869;0.574899;0
0;0.307369;0.576243;0
0;0.24328;0.560522;0
0;0.460437;0.613118;0
0;0.282171;0.570078;0
0;0.326683;0.580952;0
0;0.279924;0.569528;0
0;0.250811;0.562376;0
0;0.19884;0.549547;0
0;0.243558;0.56059;0
0;0.284569;0.570666;0
0;0.328628;0.581426;0
0;0.231143;0.55753;0
0;0.308524;0.576525;0
0;0.22554;0.556147;0
0;0.182897;0.545597;0
0;0.259139;0.564425;0
0;0.377216;0.593201;0
0;0.230926;0.557476;0
0;0.24251;0.560332;0
0;0.313457;0.577729;0
0;0.407026;0.600375;0
0;0.388493;0.59592;0
0;-0.0479501;0.488015;1
0;0.878811;0.706576;0
0;0.734353;0.67576;0
0;0.773229;0.684219;0
0;0.365774;0.590438;0
0;0.528429;0.629117;0
0;0.677143;0.663101;0
0;0.616917;0.649517;0
0;0.609652;0.647861;0
0;0.666224;0.660657;0
0;0.451105;0.610902;0
0;0.559687;0.63638;0
0;0.544974;0.632969;0
0;0.569456;0.638638;0
0;0.628859;0.652231;0
0;0.533003;0.630183;0
0;0.691063;0.666203;0
0;0.567389;0.63816;0
0;0.539523;0.631701;0
0;0.624562;0.651255;0
0;0.593949;0.644271;0
0;0.679771;0.663688;0
0;0.664452;0.66026;0
0;0.569715;0.638698;0
0;0.771815;0.683913;0
0;0.542591;0.632415;0
0;0.587903;0.642884;0
0;0.608532;0.647606;0
0;0.701042;0.668419;0
0;0.708748;0.670124;0
0;0.61865;0.649911;0
0;0.589314;0.643208;0
0;0.683793;0.664585;0
0;0.526562;0.628681;0
0;0.652863;0.657655;0
0;0.613372;0.64871;0
0;0.644954;0.655873;0
0;0.690942;0.666176;0
0;0.833252;0.697042;0
0;0.573913;0.639666;0
0;0.627886;0.65201;0
0;0.69046;0.666069;0
0;0.561687;0.636843;0
0;0.611622;0.648311;0
0;0.520429;0.627248;0
0;0.684305;0.664699;0
0;0.636068;0.653864;0
0;0.629069;0.652278;0
0;0.655713;0.658297;0
0;0.547646;0.633589;0
0;0.660064;0.659275;0
0;0.66902;0.661284;0
0;0.682014;0.664188;0
0;0.663364;0.660016;0
0;0.823662;0.695013;0
0;0.746613;0.67844;0
0;0.653223;0.657736;0
0;0.785514;0.686867;0
0;0.691474;0.666295;0
0;0.734477;0.675787;0
0;0.557848;0.635954;0
0;0.672183;0.661992;0
0;0.784079;0.686559;0
0;0.770735;0.68368;0
0;0.763416;0.682095;0
0;0.630057;0.652502;0
0;0.725125;0.673735;0
0;0.886126;0.70809;0
0;0.833;0.696989;0
0;0.679259;0.663573;0
0;0.653055;0.657699;0
0;0.715272;0.671565;0
0;0.98287;0.727677;0
0;0.84682;0.6999;0
0;0.97989;0.727086;0
0;0.885863;0.708036;0
0;0.858516;0.702351;0
0;0.897224;0.710379;0
0;0.928134;0.716697;0
0;0.781041;0.685905;0
0;0.906484;0.71228;0
0;0.507643;0.624254;0
0;0.947761;0.720665;0
0;0.935629;0.718216;0
0;0.907687;0.712527;0
0;0.951031;0.721322;0
0;0.742762;0.677599;0
0;0.797575;0.689456;0
0;0.877455;0.706295;0
0;0.688415;0.665614;0
0;0.917736;0.714581;0
0;0.859677;0.702593;0
0;0.933945;0.717875;0
0;0.889206;0.708726;0
0;0.860863;0.702841;0
0;0.871292;0.705014;0
0;0.732811;0.675422;0
0;0.771804;0.683911;0
0;0.741527;0.67733;0
0;0.879115;0.706639;0
0;0.865378;0.703783;0
0;0.789569;0.687739;0
0;0.760594;0.681483;0
0;0.787243;0.687239;0
0;0.741547;0.677334;0
0;0.765033;0.682445;0
0;0.954139;0.721947;0
0;0.831192;0.696607;0
0;0.833322;0.697057;0
0;0.816133;0.693415;0
0;0.786245;0.687024;0
0;0.641;0.65498;0
0;0.778804;0.685422;0
0;0.618027;0.64977;0
0;0.752804;0.679789;0
0;0.756936;0.680688;0
0;0.697532;0.66764;0
0;0.85743;0.702123;0
0;0.683785;0.664583;0
0;0.676516;0.662961;0
0;0.646258;0.656167;0
0;0.652679;0.657614;0
0;0.664436;0.660256;0
0;0.757594;0.680831;0
0;0.826178;0.695546;0
0;0.750519;0.679292;0
0;0.74503;0.678095;0
0;0.717324;0.672018;0
0;0.682655;0.664331;0
0;0.705468;0.669399;0
0;0.799668;0.689903;0
0;0.721463;0.672929;0
0;0.858509;0.702349;0
0;0.626137;0.651613;0
0;0.7565;0.680593;0
0;0.712798;0.671019;0
0;0.734042;0.675692;0
0;0.697237;0.667575;0
0;0.625006;0.651356;0
0;0.790676;0.687976;0
0;0.700951;0.668398;0
0;0.680683;0.663891;0
0;0.514397;0.625837;0
0;0.79658;0.689243;0
0;0.712735;0.671005;0
0;0.744949;0.678077;0
0;0.713575;0.671191;0
0;0.687714;0.665458;0
0;0.774785;0.684555;0
0;0.788999;0.687616;0
0;0.736091;0.67614;0
0;0.653795;0.657865;0
0;0.73444;0.675779;0
0;0.687501;0.665411;0
0;0.752597;0.679744;0
0;0.811437;0.692416;0
0;0.716377;0.671809;0
0;0.761242;0.681623;0
0;0.650509;0.657125;0
0;0.687988;0.665519;0
0;0.674969;0.662615;0
0;0.680508;0.663852;0
0;0.71253;0.67096;0
0;0.672138;0.661982;0
0;0.705227;0.669346;0
0;0.625727;0.65152;0
0;0.673121;0.662202;0
0;0.681348;0.66404;0
0;0.706636;0.669657;0
0;0.671786;0.661903;0
0;0.643637;0.655575;0
0;0.680602;0.663873;0
0;0.680984;0.663958;0
0;0.763297;0.682069;0
0;0.744652;0.678012;0
0;0.719272;0.672447;0
0;0.720236;0.672659;0
0;0.74256;0.677556;0
0;0.692038;0.66642;0
0;0.584894;0.642193;0
0;0.708366;0.67004;0
0;0.647587;0.656467;0
0;0.742784;0.677604;0
0;0.682065;0.664199;0
0;0.624907;0.651334;0
0;0.68188;0.664158;0
0;0.728787;0.674539;0
0;0.630118;0.652516;0
0;0.70458;0.669202;0
0;0.747984;0.678739;0
0;0.711221;0.670671;0
0;0.642312;0.655276;0
0;0.733975;0.675677;0
0;0.63891;0.654507;0
0;0.715207;0.671551;0
0;0.637609;0.654213;0
0;0.708525;0.670075;0
0;0.571692;0.639154;0
0;0.641848;0.655171;0
0;0.712785;0.671016;0
0;0.564731;0.637547;0
0;0.74685;0.678492;0
0;0.668033;0.661062;0
0;0.648962;0.656776;0
0;0.696476;0.667406;0
0;0.695186;0.66712;0
0;0.720499;0.672717;0
0;0.720418;0.672699;0
0;0.673741;0.66234;0
0;0.638634;0.654445;0
0;0.625224;0.651406;0
0;0.650784;0.657187;0
0;0.630105;0.652513;0
0;0.783649;0.686466;0
0;0.661015;0.659488;0
0;0.810161;0.692144;0
0;0.716001;0.671726;0
0;0.806656;0.691396;0
0;0.831783;0.696732;0
0;0.681172;0.664;0
0;0.822737;0.694817;0
0;0.793512;0.688585;0
0;0.492578;0.620714;0
0;0.606715;0.647191;0
0;0.576921;0.640359;0
0;0.660644;0.659405;0
0;0.659378;0.659121;0
0;0.737266;0.676398;0
0;0.659115;0.659061;0
0;0.68987;0.665938;0
0;0.711844;0.670809;0
0;0.667116;0.660857;0
0;0.739906;0.676975;0
0;0.767651;0.683012;0
0;0.820244;0.694288;0
0;0.737227;0.676389;0
0;0.822278;0.69472;0
0;0.746954;0.678515;0
0;0.758976;0.681131;0
0;0.844094;0.699327;0
0;0.867693;0.704265;0
0;0.8166;0.693514;0
0;0.966394;0.7244;0
0;0.846991;0.699936;0
0;0.896038;0.710135;0
0;0.848657;0.700285;0
0;0.735395;0.675988;0
0;0.886745;0.708218;0
0;0.870099;0.704766;0
0;0.876403;0.706076;0
0;0.840004;0.698466;0
0;0.900999;0.711155;0
0;0.770131;0.683549;0
0;0.87922;0.706661;0
0;0.885872;0.708038;0
0;0.851236;0.700826;0
0;0.845867;0.699699;0
0;0.877283;0.706259;0
0;0.856651;0.70196;0
0;0.926788;0.716423;0
0;0.967704;0.724662;0
0;1.13081;0.755988;0
0;0.992012;0.729485;0
0;0.975355;0.726186;0
0;1.09714;0.749724;0
0;1.14827;0.759194;0
0;0.758877;0.68111;0
0;0.428961;0.605626;0
0;0.596904;0.644948;0
0;0.747724;0.678682;0
0;0.88688;0.708246;0
0;0.613107;0.648649;0
0;0.789033;0.687624;0
0;0.764173;0.682259;0
0;0.885877;0.708039;0
0;0.994662;0.730008;0
0;0.89103;0.709103;0
0;0.873402;0.705453;0
0;0.789832;0.687795;0
0;0.824614;0.695215;0
0;0.952033;0.721524;0
0;0.867126;0.704147;0
0;0.782269;0.686169;0
0;0.789092;0.687636;0
0;0.851437;0.700868;0
0;0.825203;0.69534;0
0;0.855982;0.70182;0
0;0.951373;0.721391;0
0;0.944162;0.71994;0
0;0.884874;0.707831;0
0;0.84632;0.699795;0
0;0.96389;0.7239;0
0;0.924422;0.715942;0
0;0.662226;0.65976;0
0;0.920806;0.715206;0
0;0.939733;0.719046;0
0;0.904409;0.711855;0
0;0.897672;0.710471;0
0;1.04432;0.739683;0
0;0.916592;0.714347;0
0;0.621278;0.650509;0
0;0.720154;0.672641;0
0;0.927299;0.716527;0
0;0.934619;0.718011;0
0;0.89558;0.71004;0
0;0.922616;0.715575;0
0;0.752843;0.679798;0
0;0.849502;0.700463;0
0;0.813218;0.692795;0
0;0.892331;0.709371;0
0;0.91113;0.713231;0
0;0.948742;0.720862;0
0;0.885328;0.707925;0
0;0.871294;0.705015;0
0;0.732701;0.675398;0
0;0.788304;0.687467;0
0;0.737851;0.676526;0
0;0.791732;0.688203;0
0;0.972009;0.72552;0
0;1.02493;0.735932;0
0;0.930158;0.717107;0
0;1.02017;0.735007;0
0;1.02877;0.736678;0
0;1.01127;0.733268;0
0;1.19818;0.768201;0
0;1.12185;0.754333;0
0;0.997395;0.730546;0
0;1.04183;0.739203;0
0;0.992444;0.72957;0
0;1.02026;0.735024;0
0;0.97866;0.726842;0
0;1.05652;0.742024;0
0;1.00628;0.732291;0
0;0.906812;0.712347;0
0;0.955048;0.722129;0
0;0.879915;0.706805;0
0;0.840167;0.6985;0
0;0.881508;0.707135;0
0;0.952969;0.721712;0
0;0.906928;0.712371;0
0;0.854395;0.701488;0
0;0.90861;0.712716;0
0;0.985401;0.728179;0
0;0.899427;0.710832;0
0;0.965556;0.724233;0
0;0.993717;0.729821;0
0;0.991412;0.729367;0
0;0.961953;0.723513;0
0;0.999652;0.73099;0
0;0.923522;0.715759;0
0;1.02632;0.736203;0
0;0.965784;0.724278;0
0;0.939924;0.719084;0
0;0.945439;0.720197;0
0;0.982684;0.72764;0
0;0.979082;0.726926;0
0;1.14101;0.757865;0
0;1.18749;0.766293;0
0;1.03303;0.737503;0
0;1.00961;0.732944;0
0;0.989672;0.729023;0
0;1.06667;0.743964;0
0;1.02164;0.735292;0
0;1.08794;0.747994;0
0;1.09755;0.749801;0
0;1.18173;0.765258;0
0;1.09904;0.75008;0
0;1.06955;0.744512;0
0;1.16085;0.761487;0
0;1.14184;0.758018;0
0;1.09055;0.748485;0
0;1.16655;0.76252;0
0;1.26215;0.779396;0
0;1.22153;0.772332;0
0;1.35497;0.794941;0
0;1.05923;0.742544;0
0;1.1847;0.765791;0
0;1.26256;0.779467;0
0;1.12752;0.755381;0
0;1.16167;0.761636;0
0;1.09927;0.750123;0
0;1.15433;0.760302;0
0;1.11776;0.753574;0
0;1.16869;0.762908;0
0;1.24092;0.775724;0
0;1.1741;0.763886;0
0;1.23737;0.775106;0
0;1.20555;0.769511;0
0;1.37405;0.798034;0
0;1.28506;0.78331;0
0;1.18075;0.765082;0
0;1.25431;0.778046;0
0;1.17116;0.763355;0
0;1.19295;0.767267;0
0;1.16556;0.762342;0
0;1.20364;0.769171;0
0;1.40599;0.803132;0
0;1.18175;0.765262;0
0;1.2346;0.774623;0
0;1.28177;0.782751;0
0;1.23505;0.774701;0
0;1.21334;0.77089;0
0;1.24008;0.775577;0
0;1.0991;0.750091;0
0;1.1451;0.758615;0
0;1.08745;0.747901;0
0;1.05198;0.741155;0
0;1.16282;0.761845;0
0;1.15233;0.759936;0
0;1.17871;0.764715;0
0;1.09973;0.75021;0
0;1.12852;0.755565;0
0;1.19207;0.76711;0
0;1.38939;0.800495;0
0;1.27108;0.780928;0
0;1.18393;0.765654;0
0;1.29138;0.78438;0
0;1.11004;0.752136;0
0;1.12437;0.754799;0
0;0.828052;0.695943;0
0;0.470071;0.615401;0
0;0.421371;0.603811;0
0;0.645402;0.655974;0
0;0.638074;0.654318;0
0;0.453942;0.611576;0
0;0.525745;0.62849;0
0;0.43192;0.606332;0
0;0.476334;0.616882;0
0;0.542754;0.632453;0
0;0.501328;0.622771;0
0;0.53259;0.630087;0
0;0.501776;0.622877;0
0;0.527605;0.628924;0
0;0.467398;0.614768;0
0;0.670989;0.661724;0
0;0.385037;0.595087;0
0;0.471929;0.61584;0
0;0.518028;0.626687;0
0;0.389041;0.596052;0
0;0.439074;0.608038;0
0;0.543113;0.632536;0
0;0.559404;0.636315;0
0;0.446934;0.60991;0
0;0.596889;0.644944;0
0;0.689712;0.665903;0
0;0.656146;0.658394;0
0;0.440622;0.608407;0
0;0.543625;0.632655;0
0;0.441815;0.608691;0
0;0.445459;0.609559;0
0;0.595896;0.644717;0
0;0.456355;0.612149;0
0;0.413257;0.601869;0
0;0.618265;0.649824;0
0;0.418096;0.603027;0
0;0.535048;0.63066;0
0;0.326756;0.58097;0
0;0.243791;0.560648;0
0;0.346351;0.585733;0
0;0.338347;0.583789;0
0;0.47572;0.616737;0
0;0.320593;0.579469;0
0;0.472484;0.615971;0
0;0.613296;0.648692;0
0;0.401377;0.599018;0
0;0.451445;0.610983;0
0;0.496178;0.621561;0
0;0.524821;0.628274;0
0;0.544835;0.632937;0
0;0.385374;0.595168;0
0;0.43995;0.608247;0
0;0.474887;0.61654;0
0;0.261747;0.565066;0
0;0.535024;0.630654;0
0;0.491341;0.620422;0
0;0.590649;0.643514;0
0;0.487853;0.619601;0
0;0.376024;0.592914;0
0;0.456176;0.612107;0
0;0.543676;0.632667;0
0;0.549304;0.633974;0
0;0.611427;0.648266;0
0;0.437292;0.607613;0
0;0.622499;0.650787;0
0;0.391846;0.596727;0
0;0.168919;0.54213;0
0;0.933415;0.717768;0
0;0.813595;0.692875;0
0;1.32968;0.790787;0
0;0.561512;0.636802;0
0;0.907428;0.712474;0
0;0.977037;0.72652;0
0;0.943258;0.719757;0
0;0.961279;0.723378;0
0;0.911353;0.713277;0
0;0.95339;0.721796;0
0;1.00835;0.732697;0
0;0.707424;0.669832;0
0;0.556879;0.63573;0
0;0.806378;0.691337;0
0;0.823449;0.694968;0
0;0.813837;0.692926;0
0;0.767312;0.682939;0
0;0.817444;0.693693;0
0;0.865847;0.703881;0
0;0.711911;0.670823;0
0;0.614373;0.648938;0
0;0.672336;0.662026;0
0;0.522217;0.627666;0
0;0.934001;0.717886;0
0;0.803495;0.690722;0
0;0.690634;0.666108;0
0;0.672262;0.66201;0
0;0.714952;0.671494;0
0;0.637501;0.654188;0
0;0.8318;0.696735;0
0;0.709809;0.670359;0
0;0.676702;0.663002;0
0;0.564014;0.637381;0
0;0.66914;0.661311;0
0;0.669358;0.661359;0
0;0.533009;0.630185;0
0;0.330065;0.581775;0
0;0.691238;0.666242;0
0;0.568025;0.638307;0
0;0.727184;0.674187;0
0;0.708828;0.670142;0
0;0.464332;0.614041;0
0;0.569479;0.638643;0
0;0.559501;0.636337;0
0;0.58769;0.642835;0
0;0.46269;0.613652;0
0;0.435535;0.607195;0
0;0.500529;0.622584;0
0;0.303508;0.5753;0
0;0.607634;0.647401;0
0;0.472562;0.61599;0
0;0.487269;0.619463;0
0;0.52863;0.629164;0
0;0.541264;0.632106;0
0;0.757965;0.680912;0
0;0.55899;0.636219;0
0;0.506698;0.624032;0
0;0.590089;0.643386;0
0;0.539241;0.631636;0
0;0.467204;0.614722;0
0;0.518111;0.626706;0
0;0.60483;0.646761;0
0;0.446292;0.609757;0
0;0.527045;0.628794;0
0;0.841507;0.698782;0
0;0.729384;0.67467;0
0;0.787249;0.68724;0
0;0.771271;0.683796;0
0;0.809838;0.692075;0
0;0.868211;0.704373;0
0;0.738675;0.676706;0
0;0.821499;0.694554;0
0;0.864292;0.703557;0
0;0.861374;0.702948;0
0;0.669265;0.661339;0
0;0.66676;0.660777;0
0;0.828159;0.695965;0
0;0.815523;0.693285;0
0;0.800903;0.690168;0
0;0.79375;0.688636;0
0;0.748851;0.678928;0
0;0.79389;0.688666;0
0;0.911877;0.713384;0
0;0.73458;0.67581;0
0;0.858777;0.702405;0
0;0.962951;0.723712;0
0;0.75008;0.679196;0
0;0.651409;0.657328;0
0;0.852623;0.701117;0
0;0.79396;0.688681;0
0;0.73285;0.67543;0
0;0.694022;0.666861;0
0;0.870818;0.704916;0
0;0.780322;0.685749;0
0;0.783567;0.686448;0
0;0.771714;0.683892;0
0;0.801449;0.690284;0
0;0.881558;0.707145;0
0;0.824445;0.695179;0
0;0.690046;0.665977;0
0;0.764834;0.682402;0
0;0.857188;0.702073;0
0;0.790966;0.688039;0
0;0.926542;0.716373;0
0;0.75604;0.680493;0
0;0.770057;0.683533;0
0;0.629787;0.652441;0
0;0.66741;0.660923;0
0;0.749258;0.679017;0
0;0.918422;0.714721;0
0;0.59667;0.644894;0
0;0.794618;0.688822;0
0;0.887999;0.708477;0
0;0.644224;0.655708;0
0;0.897329;0.7104;0
0;0.766875;0.682845;0
0;0.785407;0.686844;0
0;0.871776;0.705115;0
0;0.794408;0.688777;0
0;0.745394;0.678174;0
0;0.884336;0.70772;0
0;0.885694;0.708001;0
0;0.778884;0.68544;0
0;0.81919;0.694064;0
0;0.976751;0.726463;0
0;0.756933;0.680688;0
0;0.902481;0.711459;0
0;0.981631;0.727432;0
1;-1.03348;0.26241;1
1;-1.50037;0.182371;1
1;-1.86266;0.134393;1
1;-1.62598;0.164381;1
1;-1.49736;0.182819;1
1;-1.31974;0.210862;1
1;-1.28452;0.216782;1
1;-1.52552;0.178649;1
1;-1.55523;0.174333;1
1;-1.5498;0.175115;1
1;-1.40013;0.197795;1
1;-1.29979;0.2142;1
1;-1.45146;0.189777;1
1;-1.48739;0.184314;1
1;-1.4673;0.187353;1
1;-1.39966;0.19787;1
1;-1.35304;0.205373;1
1;-1.49037;0.183867;1
1;-1.4319;0.192803;1
1;-1.47977;0.185462;1
1;-1.41186;0.195941;1
1;-1.49348;0.1834;1
1;-1.30629;0.213108;1
1;-1.57923;0.170905;1
1;-1.59564;0.168593;1
1;-1.53791;0.17684;1
1;-1.58556;0.170009;1
1;-1.73304;0.150199;1
1;-1.78103;0.144176;1
1;-1.73971;0.14935;1
1;-2.13317;0.105915;1
1;-1.92067;0.127787;1
1;-1.85438;0.13536;1
1;-1.93565;0.126127;1
1;-1.89606;0.130556;1
1;-1.6795;0.157162;1
1;-1.91904;0.127969;1
1;-1.70883;0.153316;1
1;-1.48324;0.184938;1
1;-1.36882;0.20281;1
1;-1.2083;0.230002;1
1;-1.88549;0.13176;1
1;-1.48435;0.184771;1
1;-1.82568;0.138753;1
1;-1.40632;0.196815;1
1;-1.74264;0.148978;1
1;-2.18438;0.101162;1
1;-1.8496;0.13592;1
1;-2.09537;0.109548;1
1;-2.46612;0.0782679;1
1;-2.42042;0.081629;1
1;-2.53924;0.0731527;1
1;-2.36351;0.085998;1
1;-1.89835;0.130296;1
1;-2.15218;0.104127;1
1;-2.43295;0.0806946;1
1;-2.2355;0.0966072;1
1;-2.47289;0.0777809;1
1;-2.45298;0.0792207;1
1;-2.2471;0.0956001;1
1;-2.38874;0.0840355;1
1;-2.20939;0.0989106;1
1;-2.02405;0.116701;1
1;-2.35068;0.0870115;1
1;-2.08887;0.110184;1
1;-2.2373;0.0964503;1
1;-1.5545;0.174437;1
1;-1.45648;0.189006;1
1;-1.51645;0.179984;1
1;-1.53795;0.176834;1
1;-1.66848;0.158627;1
1;-1.63332;0.163376;1
1;-1.54253;0.176167;1
1;-1.62153;0.164994;1
1;-1.54411;0.175939;1
1;-1.50798;0.181238;1
1;-1.679;0.157228;1
1;-1.58711;0.169791;1
1;-1.73732;0.149654;1
1;-1.22058;0.227835;1
1;-1.15904;0.238842;1
1;-0.974322;0.27402;1
1;-1.34487;0.20671;1
1;-1.36067;0.204131;1
1;-1.6555;0.160367;1
1;-1.71802;0.152126;1
1;-1.48022;0.185394;1
1;-1.50875;0.181124;1
1;-1.26089;0.220821;1
1;-1.09744;0.250219;1
1;-1.41344;0.195692;1
1;-1.33803;0.207834;1
1;-1.21807;0.228276;1
1;-1.34008;0.207497;1
1;-1.32613;0.209801;1
1;-1.03966;0.261215;1
1;-1.0039;0.268175;1
1;-1.48834;0.184171;1
1;-1.3452;0.206656;1
1;-1.17297;0.236318;1
1;-1.23124;0.225964;1
1;-1.24126;0.224216;1
1;-1.33771;0.207887;1
1;-0.784135;0.313429;1
1;-1.36061;0.204141;1
1;-1.33251;0.208745;1
1;-1.20971;0.229752;1
1;-1.20403;0.230759;1
1;-0.804807;0.308998;1
1;-1.30686;0.213013;1
1;-1.2107;0.229578;1
1;-1.31429;0.21177;1
1;-1.4429;0.191097;1
1;-1.35546;0.20498;1
1;-1.46685;0.187422;1
1;-1.50467;0.18173;1
1;-1.36446;0.203516;1
1;-1.25243;0.222279;1
1;-1.36845;0.202871;1
1;-1.38748;0.19981;1
1;-1.49065;0.183825;1
1;-1.42548;0.193805;1
1;-1.48668;0.184421;1
1;-1.41961;0.194722;1
1;-1.47197;0.186643;1
1;-1.43787;0.191876;1
1;-1.49725;0.182835;1
1;-1.64025;0.162431;1
1;-1.57099;0.172076;1
1;-1.3302;0.209127;1
1;-1.27477;0.218442;1
1;-1.20875;0.229922;1
1;-1.37239;0.202234;1
1;-1.31168;0.212206;1
1;-1.1072;0.248392;1
1;-1.23024;0.226139;1
1;-1.35544;0.204982;1
1;-1.3258;0.209855;1
1;-1.04134;0.260891;1
1;-1.27157;0.218988;1
1;-1.29461;0.215074;1
1;-1.23884;0.224638;1
1;-1.37281;0.202166;1
1;-1.34999;0.205871;1
1;-1.23265;0.225718;1
1;-1.23263;0.225721;1
1;-1.21674;0.22851;1
1;-0.919136;0.285134;1
1;-1.0301;0.263066;1
1;-1.31774;0.211194;1
1;-1.46747;0.187328;1
1;-0.894291;0.290225;1
1;-1.28597;0.216536;1
1;-1.23015;0.226156;1
1;-0.383051;0.405391;1
1;-0.0442152;0.488948;1
1;-0.888099;0.291502;1
1;-1.03962;0.261223;1
1;-1.20504;0.23058;1
1;-0.696981;0.332482;1
1;-0.905835;0.287853;1
1;-0.048673;0.487834;1
1;-0.40398;0.400356;1
1;-0.817858;0.306218;1
1;-0.267474;0.433527;1
1;-0.507134;0.375865;1
1;-0.574222;0.360263;1
1;-0.340522;0.415683;1
1;-0.468343;0.385009;1
1;-0.484088;0.381287;1
1;-0.742917;0.322367;1
1;-1.46739;0.18734;1
1;-0.629874;0.347539;1
1;-0.53156;0.370153;1
1;-1.23601;0.225132;1
1;-0.500387;0.37745;1
1;-1.06914;0.255566;1
1;-1.03713;0.261703;1
1;-0.998951;0.269148;1
1;-0.822738;0.305183;1
1;-0.751992;0.320387;1
1;-0.947648;0.279358;1
1;-0.944912;0.279909;1
1;-1.09976;0.249785;1
1;-0.952667;0.278349;1
1;-1.12889;0.244366;1
1;-0.935207;0.28187;1
1;-0.979497;0.272992;1
1;-0.931121;0.282697;1
1;-1.01658;0.265694;1
1;-1.02907;0.263265;1
1;-0.924703;0.284001;1
1;-1.05261;0.258725;1
1;-0.920475;0.284861;1
1;-1.03881;0.261379;1
1;-0.920037;0.28495;1
1;-0.784189;0.313418;1
1;-0.660855;0.340548;1
1;-0.650753;0.34282;1
1;-0.930587;0.282806;1
1;-0.912998;0.286387;1
1;-1.18099;0.234874;1
1;-0.892392;0.290617;1
1;-1.09029;0.251564;1
1;-0.909401;0.287123;1
1;-1.11215;0.24747;1
1;-1.24368;0.223795;1
1;-1.03321;0.262462;1
1;-1.11326;0.247264;1
1;-0.985821;0.271738;1
1;-0.782736;0.31373;1
1;-0.976138;0.273659;1
1;-0.761874;0.318239;1
1;-0.909648;0.287072;1
1;-1.04023;0.261105;1
1;-0.848611;0.299724;1
1;-0.859931;0.297354;1
1;-1.32835;0.209433;1
1;-1.51576;0.180087;1
1;-1.42518;0.193851;1
1;-1.64338;0.162005;1
1;-1.49206;0.183612;1
1;-1.53512;0.177246;1
1;-1.69166;0.155557;1
1;-1.62595;0.164386;1
1;-1.7165;0.152323;1
1;-1.42031;0.194613;1
1;-1.45932;0.188572;1
1;-1.48348;0.184902;1
1;-1.64363;0.161971;1
1;-1.56605;0.17278;1
1;-1.71557;0.152442;1
1;-1.57509;0.171492;1
1;-1.37239;0.202234;1
1;-1.43664;0.192067;1
1;-1.37416;0.201948;1
1;-1.50981;0.180967;1
1;-1.57197;0.171936;1
1;-1.62265;0.16484;1
1;-1.41744;0.195063;1
1;-0.334821;0.417068;1
1;-0.341372;0.415476;1
1;-0.357038;0.411677;1
1;-0.300885;0.425341;1
1;-0.422088;0.396017;1
1;-0.407545;0.399501;1
1;-0.405937;0.399887;1
1;-0.385753;0.40474;1
1;-0.0604508;0.484892;1
1;-0.341623;0.415415;1
1;-0.524432;0.371816;1
1;-0.27494;0.431695;1
1;-0.452583;0.388747;1
1;-0.474231;0.383615;1
1;-0.449171;0.389558;1
1;-0.247904;0.438339;1
1;-0.516739;0.373615;1
1;-0.41377;0.398008;1
1;-0.252465;0.437217;1
1;-0.389129;0.403927;1
1;-0.32118;0.420388;1
1;-0.256764;0.436159;1
1;-0.193943;0.451666;1
1;-1.5294;0.178081;1
1;-1.34035;0.207452;1
1;-1.4875;0.184297;1
1;-1.66498;0.159094;1
1;-1.85666;0.135092;1
1;-1.62155;0.164991;1
1;-1.68254;0.156759;1
1;-1.8676;0.133819;1
1;-1.4941;0.183307;1
1;-1.42188;0.194368;1
1;-1.63998;0.162468;1
1;-1.68008;0.157085;1
1;-1.62343;0.164732;1
1;-1.54415;0.175933;1
1;-1.50372;0.181871;1
1;-1.55396;0.174515;1
1;-1.51805;0.179749;1
1;-1.48719;0.184344;1
1;-1.64734;0.161469;1
1;-1.57474;0.171541;1
1;-0.0391763;0.490207;1
1;-0.144157;0.464023;1
1;0.382142;0.59439;0
1;0.0374875;0.509371;0
1;-0.335363;0.416936;1
1;0.0983066;0.524557;0
1;-0.215776;0.446264;1
1;0.219442;0.554641;0
1;-0.0933035;0.476691;1
1;0.0892236;0.522291;0
1;-0.0305863;0.492354;1
1;0.196236;0.548902;0
1;-0.191852;0.452184;1
1;-0.11705;0.470771;1
1;-0.139792;0.465109;1
1;-0.0910173;0.477261;1
1;0.215825;0.553748;0
1;-0.215433;0.446349;1
1;0.0671851;0.51679;0
1;-0.0276185;0.493096;1
1;0.0382299;0.509556;0
1;-0.0217908;0.494552;1
1;-0.423077;0.395781;1
1;0.192218;0.547907;0
1;-0.158997;0.460334;1
1;-0.561276;0.363252;1
1;-0.488079;0.380346;1
1;-0.586676;0.357398;1
1;-0.687224;0.334651;1
1;-0.610832;0.351869;1
1;-0.5053;0.376296;1
1;0.423848;0.604404;0
1;-0.599897;0.354367;1
1;-0.320773;0.420487;1
1;-0.393822;0.402797;1
1;-0.448371;0.389748;1
1;-0.609832;0.352097;1
1;0.314161;0.577901;0
1;-0.193243;0.451839;1
1;0.674021;0.662403;0
1;-0.842474;0.301014;1
1;-0.952309;0.278421;1
1;-0.79948;0.310137;1
1;-0.867402;0.295795;1
1;-0.834143;0.30277;1
1;-0.772749;0.315885;1
1;-0.950805;0.278723;1
1;-1.14632;0.241163;1
1;-0.801913;0.309616;1
1;-1.03841;0.261457;1
1;-0.80094;0.309824;1
1;-0.92171;0.28461;1
1;-0.814818;0.306865;1
1;-0.96149;0.27658;1
1;-0.906552;0.287706;1
1;-0.832379;0.303142;1
1;-1.00088;0.268769;1
1;-0.951274;0.278629;1
1;-0.887519;0.291622;1
1;-0.865859;0.296117;1
1;-0.818301;0.306124;1
1;-0.973072;0.274269;1
1;-0.801809;0.309639;1
1;-1.10554;0.248703;1
1;-1.04195;0.260774;1
1;-0.954506;0.277979;1
1;-0.918767;0.285209;1
1;-1.25628;0.221615;1
1;-1.02373;0.264302;1
1;-1.22315;0.227382;1
1;-0.961365;0.276605;1
1;-1.39637;0.198392;1
1;-1.40363;0.19724;1
1;-0.676699;0.336998;1
1;0.160642;0.540074;0
1;-0.779814;0.31436;1
1;-0.971345;0.274613;1
1;-0.979282;0.273034;1
1;-0.955346;0.277811;1
1;-0.986853;0.271534;1
1;-1.05898;0.257505;1
1;-1.04909;0.2594;1
1;-1.14392;0.241601;1
1;-1.2087;0.229931;1
1;-1.20121;0.23126;1
1;-0.718846;0.327647;1
1;-1.08669;0.252242;1
1;-1.03753;0.261628;1
1;-0.926316;0.283673;1
1;-0.763123;0.317969;1
1;-0.645417;0.344023;1
1;-0.725106;0.32627;1
1;-0.193581;0.451755;1
1;-0.665827;0.339432;1
1;-0.623874;0.348901;1
1;-0.748962;0.321048;1
1;-1.15672;0.239264;1
1;-1.3283;0.209441;1
1;-1.35705;0.20472;1
1;-1.17893;0.235245;1
1;-1.14376;0.241631;1
1;-1.25511;0.221817;1
1;-1.03631;0.261862;1
1;-1.06661;0.256047;1
1;-0.885467;0.292046;1
1;-0.554811;0.364749;1
1;-0.395505;0.402393;1
1;-1.19533;0.232307;1
1;-1.07144;0.25513;1
1;-1.25385;0.222034;1
1;-1.18259;0.234587;1
1;-1.35874;0.204446;1
1;-1.22252;0.227494;1
1;-1.22555;0.226961;1
1;-1.40421;0.197149;1
1;-1.33882;0.207705;1
1;-1.2901;0.215835;1
1;-1.2168;0.228499;1
1;-1.46532;0.187655;1
1;-1.32528;0.20994;1
1;-1.10852;0.248147;1
1;-1.27454;0.218481;1
1;-1.23859;0.224681;1
1;-1.44999;0.190003;1
1;-1.18933;0.233379;1
1;-1.2488;0.222908;1
1;-0.65158;0.342634;1
1;-0.666724;0.339231;1
1;-0.580718;0.358767;1
1;-0.62327;0.349038;1
1;-0.530113;0.370491;1
1;-0.573739;0.360375;1
1;-0.694476;0.333038;1
1;-0.587577;0.357191;1
1;-0.606547;0.352847;1
1;-0.515918;0.373807;1
1;-0.908946;0.287216;1
1;-0.479218;0.382437;1
1;-0.643929;0.344359;1
1;-0.587431;0.357225;1
1;-0.474532;0.383544;1
1;-0.727687;0.325703;1
1;-0.501217;0.377255;1
1;-0.37551;0.40721;1
1;-0.73739;0.323575;1
1;-0.955373;0.277806;1
1;-0.743774;0.322179;1
1;-0.512368;0.374639;1
1;-0.631664;0.347133;1
1;-0.706044;0.330474;1
1;-0.882732;0.292612;1
1;-0.757778;0.319129;1
1;-0.521507;0.3725;1
1;-0.669951;0.338508;1
1;-0.411675;0.398511;1
1;-0.776593;0.315055;1
1;-0.764816;0.317602;1
1;-0.372159;0.408019;1
1;-0.83161;0.303305;1
1;-0.985449;0.271812;1
1;-0.626598;0.348282;1
1;-0.804061;0.309157;1
1;-0.743866;0.322159;1
1;-0.699146;0.332002;1
1;-0.723326;0.326661;1
1;-0.790032;0.312162;1
1;-0.777369;0.314887;1
1;-0.751988;0.320388;1
1;-0.766602;0.317215;1
1;-0.3765;0.406971;1
1;-0.851167;0.299188;1
1;-1.02816;0.263441;1
1;-0.956313;0.277617;1
1;-0.62623;0.348366;1
1;-0.889082;0.291299;1
1;-0.626697;0.34826;1
1;-0.621775;0.349378;1
1;-0.785769;0.313078;1
1;-0.768832;0.316732;1
1;-0.974166;0.274051;1
1;-0.884255;0.292297;1
1;-0.806904;0.308551;1
1;-0.61824;0.350182;1
1;-0.531918;0.37007;1
1;0.0472466;0.511809;0
1;-0.0527871;0.486806;1
1;-0.29873;0.425868;1
1;0.197017;0.549096;0
1;0.0699806;0.517488;0
1;0.386201;0.595368;0
1;0.33674;0.583399;0
1;0.0513505;0.512835;0
1;-0.193967;0.45166;1
1;-0.120204;0.469985;1
1;-0.498494;0.377895;1
1;-0.258297;0.435782;1
1;-0.0681875;0.48296;1
1;-0.0883925;0.477916;1
1;0.846731;0.699881;0
1;0.110065;0.527488;0
1;-0.041189;0.489704;1
1;-0.0418711;0.489534;1
1;-0.213535;0.446818;1
1;-0.317525;0.421279;1
1;-0.382438;0.405539;1
1;0.0575764;0.51439;0
1;-0.857773;0.297805;1
1;-0.179832;0.455163;1
1;-0.137131;0.465771;1
1;-0.00446276;0.498884;1
1;-0.530355;0.370434;1
1;-0.525222;0.371632;1
1;-0.821995;0.30534;1
1;-0.290813;0.427805;1
1;-0.342875;0.415111;1
1;-0.136556;0.465914;1
1;-0.350324;0.413304;1
1;-0.236161;0.441233;1
1;-0.26992;0.432927;1
1;-0.177394;0.455768;1
1;-0.371831;0.408099;1
1;-0.339454;0.415942;1
1;-0.516814;0.373598;1
1;-0.0601159;0.484976;1
1;-0.568413;0.361603;1
1;-0.0753422;0.481173;1
1;-0.164552;0.458955;1
1;-0.478097;0.382702;1
1;0.189706;0.547285;0
1;-0.29022;0.42795;1
1;-0.494914;0.378737;1
1;-0.666455;0.339291;1
1;-0.190029;0.452635;1
1;-0.20227;0.449604;1
1;-0.508982;0.375432;1
1;0.0343225;0.50858;0
1;-0.0460875;0.48848;1
1;-0.826226;0.304444;1
1;-0.0973168;0.47569;1
1;-0.646423;0.343796;1
1;-0.441484;0.391387;1
1;-0.938101;0.281284;1
1;-0.829402;0.303771;1
1;0.00210996;0.500528;0
1;-0.30816;0.423564;1
1;-0.0462409;0.488442;1
1;0.136389;0.534045;0
1;0.343072;0.584936;0
1;0.125201;0.531259;0
1;-0.841057;0.301312;1
1;-0.00191335;0.499522;1
1;-0.344922;0.414614;1
1;-0.942573;0.280381;1
1;-0.303387;0.42473;1
1;0.287636;0.571417;0
1;-0.224654;0.444072;1
1;-0.84646;0.300176;1
1;-0.63443;0.346507;1
1;-0.792152;0.311707;1
1;-0.0368827;0.49078;1
1;0.208403;0.551913;0
1;-0.443614;0.39088;1
1;-0.651609;0.342627;1
1;-0.677465;0.336827;1
1;-0.399937;0.401327;1
1;-0.711474;0.329273;1
1;-0.879409;0.2933;1
1;-0.622667;0.349175;1
1;-0.55391;0.364958;1
1;-0.475106;0.383408;1
1;-0.576385;0.359765;1
1;-0.762042;0.318203;1
1;-0.663649;0.33992;1
1;-0.70157;0.331464;1
1;-0.610797;0.351877;1
1;-0.402724;0.400658;1
1;-0.337246;0.416479;1
1;-0.521545;0.372491;1
1;-0.529948;0.370529;1
1;-0.338744;0.416115;1
1;-0.249953;0.437835;1
1;-0.248723;0.438138;1
1;0.0323586;0.508089;0
1;-0.0776175;0.480605;1
1;-0.369384;0.40869;1
1;-0.258636;0.435699;1
1;-0.23573;0.441339;1
1;-0.877189;0.293761;1
1;-0.489988;0.379896;1
1;-0.595064;0.355474;1
1;-0.703501;0.331036;1
1;-0.626894;0.348215;1
1;-0.34693;0.414127;1
1;0.0169343;0.504233;0
1;-0.296374;0.426444;1
1;-0.0918529;0.477053;1
1;0.141676;0.53536;0
1;-0.111385;0.472182;1
1;-0.169575;0.457708;1
1;-0.268912;0.433174;1
1;-1.10094;0.249564;1
1;-0.468063;0.385075;1
1;-0.600517;0.354225;1
1;-0.366296;0.409436;1
1;0.139237;0.534753;0
1;-0.623061;0.349086;1
1;-0.261587;0.434974;1
1;-0.160866;0.45987;1
1;0.040198;0.510048;0
1;-0.483678;0.381384;1
1;-0.940747;0.280749;1
1;-0.842038;0.301106;1
1;-0.813067;0.307237;1
1;-0.888831;0.291351;1
1;-0.74168;0.322637;1
1;-0.738305;0.323375;1
1;-0.842628;0.300982;1
1;-0.454999;0.388173;1
1;-0.677649;0.336786;1
1;-0.731744;0.324812;1
1;-0.778826;0.314573;1
1;-0.68873;0.334316;1
1;-1.00117;0.268712;1
1;-0.627162;0.348154;1
1;-0.575081;0.360065;1
1;-0.443618;0.390879;1
1;-0.21096;0.447455;1
1;-0.50432;0.376526;1
1;-1.01462;0.266078;1
1;-0.900506;0.288947;1
1;-1.03111;0.262868;1
1;-0.707206;0.330216;1
1;-0.587326;0.357249;1
1;-0.634934;0.346393;1
1;-0.661238;0.340461;1
1;-0.655934;0.341654;1
1;-0.726649;0.325931;1
1;-0.654926;0.34188;1
1;-0.691083;0.333792;1
1;-0.732677;0.324608;1
1;-0.713365;0.328856;1
1;-0.541015;0.367951;1
1;-1.25391;0.222023;1
1;-0.716073;0.328258;1
1;-0.523;0.372151;1
1;-0.356553;0.411794;1
1;-0.649695;0.343058;1
1;-0.827608;0.304151;1
1;-0.873487;0.294529;1
1;-0.926434;0.283649;1
1;-0.75171;0.320449;1
1;-0.824588;0.304791;1
1;-1.23558;0.225207;1
1;-1.30615;0.213132;1
1;-1.1319;0.24381;1
1;-1.28434;0.216812;1
1;-1.32408;0.21014;1
1;-1.18282;0.234546;1
1;-1.25951;0.221058;1
1;-1.21173;0.229395;1
1;-1.39943;0.197906;1
1;-1.16525;0.237715;1
1;-1.36524;0.203389;1
1;-1.24535;0.223506;1
1;-1.52146;0.179246;1
1;-1.28364;0.216931;1
1;-1.19972;0.231526;1
1;-1.35254;0.205455;1
1;-1.24208;0.224074;1
1;-1.39537;0.198551;1
1;-1.17279;0.236351;1
1;-1.21229;0.229296;1
1;-1.13392;0.243438;1
1;-1.21261;0.22924;1
1;-1.37994;0.201019;1
1;-1.21599;0.228643;1
1;-1.29093;0.215696;1
1;-1.2343;0.22543;1
1;-0.768902;0.316717;1
1;-1.38103;0.200844;1
1;-1.11897;0.246202;1
1;-1.1523;0.240069;1
1;-1.21022;0.229662;1
1;0.191726;0.547785;0
1;0.316921;0.578574;0
1;0.104552;0.526114;0
1;-0.0954078;0.476166;1
1;0.116131;0.529;0
1;0.664339;0.660234;0
1;0.682341;0.664261;0
1;0.342656;0.584836;0
1;-0.224582;0.444089;1
1;-0.223646;0.44432;1
1;0.0602705;0.515063;0
1;-0.233696;0.44184;1
1;0.241913;0.560185;0
1;1.10904;0.75195;0
1;-0.562706;0.362922;1
1;0.19042;0.547462;0
1;0.337878;0.583675;0
1;0.78946;0.687715;0
1;0.640131;0.654783;0
1;0.168047;0.541913;0
1;0.35425;0.587648;0
1;-0.355687;0.412004;1
1;0.298945;0.574185;0
1;-0.518415;0.373223;1
1;-0.699446;0.331935;1
1;-0.48636;0.380751;1
1;-0.40414;0.400318;1
1;-0.590232;0.356582;1
1;-0.558478;0.3639;1
1;-0.624112;0.348847;1
1;-0.596525;0.355139;1
1;-0.590639;0.356488;1
1;-0.41854;0.396866;1
1;-0.392267;0.403172;1
1;-0.638095;0.345677;1
1;-0.540532;0.368064;1
1;-0.431953;0.39366;1
1;-0.515603;0.373881;1
1;-0.601463;0.354009;1
1;-0.691974;0.333594;1
1;-0.609353;0.352207;1
1;-0.538037;0.368644;1
1;-0.673268;0.337765;1
1;-0.44341;0.390929;1
1;-0.500931;0.377322;1
1;-0.797342;0.310594;1
1;-0.527676;0.371059;1
1;-0.404845;0.400149;1
1;-0.461581;0.386611;1
1;-0.496798;0.378294;1
1;-0.499917;0.37756;1
1;-0.441966;0.391273;1
1;-0.626265;0.348358;1
1;-0.603133;0.353627;1
1;-0.616529;0.350571;1
1;-0.427952;0.394616;1
1;-0.680189;0.336219;1
1;-0.440707;0.391573;1
1;-0.662171;0.340252;1
1;-0.493;0.379187;1
1;-0.724813;0.326334;1
1;-0.600474;0.354235;1
1;-1.0009;0.268764;1
1;-0.921863;0.284578;1
1;-1.0312;0.262851;1
1;-0.782102;0.313867;1
1;-0.660079;0.340722;1
1;-1.02664;0.263737;1
1;-0.844872;0.30051;1
1;-0.853933;0.298608;1
1;-0.235313;0.441442;1
1;-0.977263;0.273435;1
1;-0.927092;0.283515;1
1;-0.972405;0.274401;1
1;-1.15549;0.239488;1
1;-0.495804;0.378527;1
1;-0.820911;0.30557;1
1;-0.651294;0.342698;1
1;-0.953905;0.2781;1
1;-0.824351;0.304841;1
1;-1.09484;0.250707;1
1;-0.909932;0.287014;1
1;-0.809808;0.307931;1
1;-1.11451;0.24703;1
1;-1.09509;0.25066;1
1;-0.780607;0.314189;1
1;-0.815805;0.306655;1
1;-0.849767;0.299482;1
1;-1.08891;0.251823;1
1;-1.09251;0.251147;1
1;-0.950419;0.278801;1
1;-0.618114;0.35021;1
1;-1.07426;0.254594;1
1;-0.890368;0.291034;1
1;-0.794228;0.311262;1
1;-0.873448;0.294537;1
1;-0.533109;0.369792;1
1;-0.860094;0.29732;1
1;0.362434;0.58963;0
1;-0.904955;0.288033;1
1;-0.456494;0.387818;1
1;-0.485908;0.380858;1
1;-0.534796;0.369399;1
1;-0.457308;0.387625;1
1;-0.565291;0.362324;1
1;0.469935;0.615368;0
1;0.230275;0.557316;0
1;-0.608583;0.352383;1
1;-0.70847;0.329937;1
1;-0.393834;0.402795;1
1;-0.625011;0.348643;1
1;-0.64034;0.34517;1
1;-0.460037;0.386977;1
1;-0.3025;0.424946;1
1;-0.0937703;0.476575;1
1;-0.537199;0.368839;1
1;-0.747893;0.321281;1
1;-0.391584;0.403336;1
1;-0.492371;0.379335;1
1;-0.412267;0.398369;1
1;-0.476903;0.382984;1
1;0.409595;0.600991;0
1;0.187555;0.546752;0
1;-0.519052;0.373074;1
1;-0.696791;0.332524;1
1;-0.548836;0.366135;1
1;-0.783306;0.313608;1
1;-0.430022;0.394121;1
1;-0.409973;0.398919;1
1;-0.401192;0.401026;1
1;-0.468925;0.384871;1
1;-0.499466;0.377666;1
1;-0.478902;0.382512;1
1;-0.414356;0.397868;1
1;-0.315447;0.421786;1
1;-0.690921;0.333828;1
1;-0.691406;0.33372;1
1;-0.547692;0.3664;1
1;-0.4789;0.382512;1
1;-0.796024;0.310877;1
1;-0.603223;0.353607;1
1;-0.406507;0.39975;1
1;-0.271135;0.432628;1
1;-0.460944;0.386762;1
1;-0.510432;0.375092;1
1;-0.295063;0.426765;1
1;-0.510966;0.374967;1
1;-0.347814;0.413913;1
1;-0.667127;0.33914;1
1;-0.109016;0.472773;1
1;-0.827768;0.304117;1
1;-0.469036;0.384844;1
1;-0.797823;0.310491;1
1;-0.310776;0.422925;1
1;-0.360306;0.410885;1
1;-0.129662;0.46763;1
1;-0.308397;0.423506;1
1;-0.251491;0.437457;1
1;-0.395037;0.402505;1
1;-0.161511;0.45971;1
1;-0.148306;0.462991;1
1;-0.179977;0.455127;1
1;-0.177462;0.45575;1
1;-0.134232;0.466492;1
1;-0.347024;0.414104;1
1;-0.310284;0.423045;1
1;-0.225099;0.443962;1
1;-0.154057;0.461562;1
1;-0.0373102;0.490674;1
1;-0.222208;0.444676;1
1;-0.445961;0.390321;1
1;-0.296519;0.426409;1
1;-0.29358;0.427128;1
1;-0.250395;0.437726;1
1;-0.225535;0.443854;1
1;-0.138338;0.465471;1
1;-0.309543;0.423226;1
1;-0.248683;0.438148;1
1;-0.153388;0.461728;1
1;-0.2031;0.449399;1
1;-0.0989452;0.475284;1
1;-0.209829;0.447734;1
1;-0.11846;0.470419;1
1;-0.325948;0.419227;1
1;-0.128538;0.46791;1
1;-0.301824;0.425112;1
1;-0.252205;0.437281;1
1;-0.290587;0.42786;1
1;-0.655258;0.341806;1
1;-0.878783;0.29343;1
1;-0.762776;0.318044;1
1;-0.869132;0.295435;1
1;-0.51251;0.374605;1
1;-0.657759;0.341243;1
1;-0.724078;0.326496;1
1;-0.89124;0.290854;1
1;-0.89714;0.289639;1
1;-0.891197;0.290863;1
1;-0.789742;0.312224;1
1;-0.834223;0.302753;1
1;-0.594612;0.355577;1
1;-0.827769;0.304117;1
1;-0.741539;0.322668;1
1;-0.752905;0.320189;1
1;-0.71093;0.329393;1
1;-0.519571;0.372953;1
1;-0.585582;0.357649;1
1;-0.829956;0.303654;1
1;-0.778848;0.314568;1
1;-0.996483;0.269634;1
1;-0.816485;0.30651;1
1;-0.806821;0.308568;1
1;-0.703483;0.331041;1
1;-0.882634;0.292632;1
1;-1.06051;0.257213;1
1;-0.942907;0.280314;1
1;-0.93439;0.282035;1
1;-0.800706;0.309874;1
1;-0.843682;0.30076;1
1;-1.03161;0.262771;1
1;-0.99955;0.26903;1
1;-1.02749;0.26357;1
1;-1.10288;0.249201;1
1;-1.02083;0.264865;1
1;-1.2115;0.229436;1
1;-0.811739;0.30752;1
1;-0.668249;0.338889;1
1;-1.13813;0.242663;1
1;-0.787837;0.312633;1
1;-1.07335;0.254767;1
1;-0.874456;0.294328;1
1;-0.924674;0.284006;1
1;-0.732378;0.324673;1
1;-1.07035;0.255336;1
1;-0.991847;0.270547;1
1;-1.02943;0.263194;1
1;-0.948932;0.2791;1
1;-0.995486;0.26983;1
1;-1.20985;0.229728;1
1;-0.98075;0.272743;1
1;-1.115;0.24694;1
1;-1.18863;0.233504;1
1;-0.960301;0.276818;1
1;-1.07212;0.255;1
1;-0.972493;0.274384;1
1;-1.08697;0.252189;1
1;-1.00939;0.2671;1
1;-0.924264;0.28409;1
1;-0.986223;0.271659;1
1;-0.959787;0.276921;1
1;-0.83361;0.302882;1
1;-1.02951;0.263179;1
1;-1.01107;0.266771;1
1;-1.11311;0.247292;1
1;-1.01923;0.265178;1
1;-0.794428;0.311219;1
1;-0.765833;0.317381;1
1;-0.726151;0.32604;1
1;-0.614317;0.351075;1
1;-0.919862;0.284986;1
1;-1.00605;0.267754;1
1;-1.07629;0.254209;1
1;-1.08874;0.251856;1
1;-1.02105;0.264823;1
1;-1.04062;0.261031;1
1;-0.982535;0.272389;1
1;-1.20523;0.230546;1
1;-0.911755;0.286641;1
1;-0.963301;0.276218;1
1;-1.08846;0.251908;1
1;-0.936302;0.281648;1
1;-0.790602;0.312039;1
1;-0.844096;0.300673;1
1;-0.913258;0.286334;1
1;-0.88667;0.291798;1
1;-0.938781;0.281147;1
1;-1.07158;0.255103;1
1;-1.16;0.238667;1
1;-1.25494;0.221845;1
1;-1.13627;0.243006;1
1;-1.17633;0.235713;1
1;-1.00048;0.268846;1
1;-1.09564;0.250557;1
1;-1.17837;0.235346;1
1;-1.1545;0.239668;1
1;-1.2102;0.229666;1
1;-1.07686;0.254101;1
1;-1.07498;0.254458;1
1;-1.36136;0.20402;1
1;-1.13564;0.243122;1
1;-0.835635;0.302455;1
1;-1.19058;0.233155;1
1;-1.18545;0.234073;1
1;-1.28584;0.216557;1
1;-1.26867;0.219485;1
1;-1.29429;0.215128;1
1;-1.27742;0.21799;1
1;-1.31551;0.211566;1
1;-1.20988;0.229723;1
1;-1.3521;0.205528;1
1;-1.0533;0.258591;1
1;-1.29379;0.215212;1
1;-1.11013;0.247847;1
1;-0.743797;0.322174;1
1;-0.496883;0.378273;1
1;-0.651326;0.342691;1
1;-0.389664;0.403798;1
1;-0.659311;0.340894;1
1;-0.517981;0.373325;1
1;-0.374535;0.407446;1
1;-0.606937;0.352758;1
1;-0.501978;0.377076;1
1;-0.517665;0.373398;1
1;-0.442765;0.391082;1
1;-0.471808;0.384189;1
1;-0.664;0.339842;1
1;-0.623207;0.349052;1
1;-0.855261;0.29833;1
1;-0.463634;0.386124;1
1;-0.609503;0.352172;1
1;-0.538503;0.368536;1
1;-0.643577;0.344438;1
1;-0.503551;0.376707;1
1;-0.149022;0.462813;1
1;-0.499105;0.377751;1
1;-0.494111;0.378926;1
1;-0.533836;0.369623;1
1;-0.535919;0.369137;1
1;-0.352352;0.412812;1
1;-0.440228;0.391687;1
1;-0.962847;0.276309;1
1;-0.916286;0.285715;1
1;-0.780757;0.314157;1
1;-0.909077;0.287189;1
1;-1.07934;0.253631;1
1;-0.459703;0.387056;1
1;-1.0757;0.25432;1
1;-1.1598;0.238703;1
1;-1.26438;0.22022;1
1;-0.905199;0.287983;1
1;-0.970019;0.274877;1
1;-1.04932;0.259356;1
1;-0.714047;0.328705;1
1;-0.326027;0.419208;1
1;-0.981799;0.272535;1
1;-0.553843;0.364973;1
1;-0.939092;0.281084;1
1;-0.719675;0.327465;1
1;-0.772815;0.31587;1
1;-0.607551;0.352618;1
1;-0.515563;0.37389;1
1;-0.656577;0.341509;1
1;-0.579988;0.358935;1
1;-1.14622;0.241181;1
1;-0.588332;0.357018;1
1;-0.985269;0.271848;1
1;-0.997428;0.269447;1
1;-0.660754;0.34057;1
1;-1.1344;0.243349;1
1;-1.21793;0.228302;1
1;-1.02363;0.264321;1
1;-1.05644;0.257989;1
1;-0.837501;0.302061;1
1;-0.975519;0.273782;1
1;-1.04071;0.261013;1
1;-1.09384;0.250896;1
1;-0.837973;0.301962;1
1;-1.35318;0.205351;1
1;-0.903714;0.288288;1
1;-1.11991;0.246028;1
1;-0.689573;0.334128;1
1;-1.07462;0.254525;1
1;-0.603571;0.353527;1
1;-0.534623;0.369439;1
1;-0.781005;0.314103;1
1;-1.03545;0.262029;1
1;-0.875753;0.294059;1
1;-0.741846;0.322601;1
1;-0.7095;0.329709;1
1;-1.16716;0.237369;1
1;-1.17273;0.236362;1
1;-1.00874;0.267226;1
1;-0.9081;0.287389;1
1;-0.630971;0.34729;1
1;-0.891464;0.290808;1
1;-0.685352;0.335068;1
1;-0.668642;0.338801;1
1;-0.676813;0.336973;1
1;-0.806634;0.308608;1
1;-0.85251;0.298907;1
1;-0.814042;0.30703;1
1;-1.13338;0.243539;1
1;-0.850176;0.299396;1
1;-0.34501;0.414593;1
1;-0.415974;0.397481;1
1;-0.480013;0.382249;1
1;-0.531976;0.370056;1
1;-0.514027;0.37425;1
1;-0.480713;0.382084;1
1;-0.505332;0.376288;1
1;-0.437225;0.392402;1
1;-0.778307;0.314685;1
1;-0.850385;0.299352;1
1;-0.8511;0.299202;1
1;-0.731924;0.324773;1
1;-0.779428;0.314443;1
1;-1.05176;0.258888;1
1;-1.06042;0.257229;1
1;-1.08301;0.252937;1
1;-0.987004;0.271504;1
1;-1.17404;0.236126;1
1;-1.07699;0.254075;1
1;-1.01493;0.266017;1
1;-0.903224;0.288389;1
1;-0.943167;0.280261;1
1;-0.728831;0.325451;1
1;-0.83245;0.303127;1
1;-0.845403;0.300398;1
1;-1.03992;0.261166;1
1;-0.830304;0.303581;1
1;-0.927699;0.283392;1
1;-1.0392;0.261305;1
1;-1.00319;0.268315;1
1;-0.97114;0.274653;1
1;-1.19343;0.232647;1
1;-1.09059;0.251506;1
1;-1.0517;0.2589;1
1;-1.02666;0.263732;1
1;-0.982648;0.272367;1
1;-0.801109;0.309788;1
1;-0.934387;0.282035;1
1;-1.34208;0.207168;1
1;-0.96589;0.2757;1
1;-0.386816;0.404484;1
1;-0.390402;0.403621;1
1;-0.515772;0.373841;1
1;-0.490565;0.379761;1
1;-0.769826;0.316517;1
1;-0.372438;0.407952;1
1;-0.418583;0.396856;1
1;-0.328183;0.418683;1
1;-0.486481;0.380723;1
1;-0.54254;0.367597;1
1;-0.402412;0.400733;1
1;-0.476724;0.383026;1
1;-0.414583;0.397814;1
1;-0.685157;0.335111;1
1;-0.592483;0.356065;1
1;-0.701276;0.331529;1
1;-0.685825;0.334962;1
1;-0.438757;0.392037;1
1;-0.499678;0.377616;1
1;-0.484813;0.381116;1
1;-0.473236;0.383851;1
1;-0.384598;0.405018;1
1;-0.504237;0.376546;1
1;-0.360414;0.410859;1
1;-0.449055;0.389586;1
1;-0.254036;0.43683;1
1;-0.758889;0.318888;1
1;-1.2974;0.214603;1
1;-0.922782;0.284391;1
1;-1.14604;0.241213;1
1;-1.12484;0.245115;1
1;-0.878939;0.293398;1
1;-1.25491;0.221851;1
1;-1.05351;0.258551;1
1;-0.929664;0.282993;1
1;-1.12636;0.244833;1
1;-0.855145;0.298355;1
1;-0.93904;0.281094;1
1;-1.23693;0.22497;1
1;-0.992945;0.270331;1
1;-0.862253;0.296869;1
1;-0.981841;0.272527;1
1;-1.00276;0.268399;1
1;-0.85966;0.29741;1
1;-1.09286;0.25108;1
1;-1.0334;0.262426;1
1;-1.02021;0.264986;1
1;-0.743013;0.322346;1
1;-1.04311;0.260551;1
1;-1.01481;0.266039;1
1;-1.06047;0.257219;1
1;-1.04263;0.260644;1
1;-1.10507;0.248791;1
1;-0.881758;0.292814;1
1;-1.10087;0.249576;1
1;-1.06044;0.257226;1
1;-1.17015;0.236828;1
1;-1.17714;0.235566;1
1;-0.908228;0.287362;1
1;-0.81057;0.307769;1
1;-0.974883;0.273908;1
1;-0.819917;0.305781;1
1;-1.00769;0.267432;1
1;-0.337735;0.41636;1
1;-0.706146;0.330451;1
1;-0.311744;0.422689;1
1;-0.728885;0.325439;1
1;-0.878974;0.29339;1
1;-0.686966;0.334708;1
1;-0.637552;0.3458;1
1;-0.96204;0.27647;1
1;-0.579912;0.358953;1
1;-0.865611;0.296168;1
1;-0.303401;0.424726;1
1;-0.254026;0.436833;1
1;-0.64277;0.344621;1
1;-0.860543;0.297226;1
1;-1.04802;0.259606;1
1;-0.439391;0.391886;1
1;-0.62665;0.348271;1
1;-0.879861;0.293207;1
1;-0.923734;0.284198;1
1;-0.784209;0.313414;1
1;-0.834282;0.30274;1
1;-0.660586;0.340608;1
1;-0.955617;0.277757;1
1;-1.04079;0.260998;1
1;-0.923935;0.284157;1
1;-0.800501;0.309918;1
1;-0.450274;0.389296;1
1;-0.512085;0.374705;1
1;-0.722477;0.326848;1
1;-0.417999;0.396996;1
1;-0.886059;0.291924;1
1;-0.480723;0.382081;1
1;-0.71433;0.328643;1
1;-0.61644;0.350591;1
1;-0.595562;0.35536;1
1;-0.12719;0.468245;1
1;-0.285976;0.428989;1
1;-0.693991;0.333146;1
1;-0.435061;0.392918;1
1;-0.354512;0.412289;1
1;-0.327151;0.418934;1
1;-0.713296;0.328871;1
1;-0.369059;0.408768;1
1;-0.576149;0.359819;1
1;-0.626124;0.34839;1
1;-0.691386;0.333725;1
1;-0.683201;0.335547;1
1;-0.778456;0.314653;1
1;-0.653364;0.342232;1
1;-0.0984505;0.475407;1
1;-0.325205;0.419408;1
1;-0.260415;0.435262;1
1;-0.357236;0.411629;1
1;-0.295287;0.42671;1
1;-0.186285;0.453563;1
1;-0.297373;0.4262;1
1;-0.300065;0.425542;1
1;-0.379728;0.406193;1
1;-0.588431;0.356995;1
1;-0.743275;0.322288;1
1;-0.629198;0.347692;1
1;-0.764749;0.317616;1
1;-0.848219;0.299807;1
1;-0.622156;0.349291;1
1;0.0465004;0.511623;0
1;-0.058487;0.485382;1
1;-0.233424;0.441908;1
1;-0.0657828;0.48356;1
1;-0.158894;0.46036;1
1;0.0133163;0.503329;0
1;0.0537681;0.513439;0
1;-0.00858288;0.497854;1
1;0.0202364;0.505059;0
1;-0.0672718;0.483188;1
1;-0.0271059;0.493224;1
1;0.0435054;0.510875;0
1;-0.0773118;0.480682;1
1;-0.162453;0.459476;1
1;0.0162525;0.504063;0
1;-0.0288384;0.492791;1
1;-0.0887189;0.477835;1
1;0.165021;0.541162;0
1;-0.0667725;0.483313;1
1;-0.0815256;0.47963;1
1;-0.0670002;0.483256;1
1;0.0313904;0.507847;0
1;-0.0618446;0.484544;1
1;0.0499928;0.512496;0
1;-0.0324355;0.491892;1
1;-0.0192445;0.495189;1
1;0.0766646;0.519157;0
1;-0.126947;0.468306;1
1;0.16049;0.540037;0
1;0.0586638;0.514662;0
1;-0.0787857;0.480314;1
1;-0.31874;0.420983;1
1;-0.565821;0.362202;1
1;0.0270743;0.506768;0
1;-0.0584765;0.485385;1
1;5.71748e-005;0.500014;0
1;0.101266;0.525295;0
1;-0.851732;0.29907;1
1;-1.01656;0.265697;1
1;-1.38354;0.200442;1
1;-0.868225;0.295624;1
1;-1.09458;0.250757;1
1;-0.988521;0.271204;1
1;-0.824128;0.304888;1
1;-0.923838;0.284177;1
1;-0.95719;0.277441;1
1;-1.01342;0.266311;1
1;-0.931213;0.282679;1
1;-0.969951;0.27489;1
1;-1.08049;0.253414;1
1;-0.896208;0.28983;1
1;-0.946626;0.279564;1
1;-1.00887;0.267202;1
1;-0.755483;0.319628;1
1;-1.06951;0.255497;1
1;-0.863213;0.296669;1
1;-1.07984;0.253536;1
1;-1.03346;0.262414;1
1;-1.28358;0.216941;1
1;-0.774959;0.315407;1
1;-0.888625;0.291394;1
1;-0.676103;0.337132;1
1;-0.553716;0.365003;1
1;-0.565083;0.362372;1
1;-0.478704;0.382558;1
1;-0.670685;0.338344;1
1;-1.44676;0.1905;1
1;-0.936349;0.281638;1
1;-0.650765;0.342817;1
1;-0.872509;0.294732;1
1;-0.448297;0.389766;1
1;-0.291805;0.427562;1
1;-0.615088;0.3509;1
1;-0.563395;0.362762;1
1;-1.10482;0.248837;1
1;-0.765082;0.317544;1
1;-0.854262;0.29854;1
1;-0.529047;0.370739;1
1;-0.80868;0.308172;1
1;-1.06359;0.256623;1
1;-0.261777;0.434927;1
1;-0.609312;0.352216;1
1;-0.332215;0.417702;1
1;-0.38619;0.404635;1
1;-1.1408;0.242174;1
1;-0.400531;0.401185;1
1;-0.670834;0.33831;1
1;-0.836308;0.302313;1
1;-0.693541;0.333246;1
1;-0.477501;0.382842;1
1;-0.993529;0.270216;1
1;-1.0316;0.262774;1
1;-0.868656;0.295534;1
1;-0.910566;0.286884;1
1;-1.09953;0.249828;1
1;-1.04568;0.260055;1
1;-1.22915;0.226331;1
1;-1.12593;0.244913;1
1;-1.06595;0.256173;1
1;-1.04388;0.260401;1
1;-1.07736;0.254006;1
1;-1.01296;0.266401;1
1;-0.940271;0.280846;1
1;-0.97966;0.272959;1
1;-0.936173;0.281674;1
1;-1.13509;0.243224;1
1;-1.05303;0.258643;1
1;-0.941376;0.280622;1
1;-0.979875;0.272917;1
1;-1.03071;0.262947;1
1;-1.17555;0.235854;1
1;-0.878126;0.293566;1
1;-1.10886;0.248083;1
1;-1.41867;0.19487;1
1;-1.11499;0.246942;1
1;-1.33425;0.208457;1
1;-1.24664;0.223283;1
1;-1.26264;0.220519;1
1;-1.1265;0.244807;1
1;-1.33682;0.208034;1
1;-1.17543;0.235875;1
1;-1.06207;0.256913;1
1;-1.22453;0.22714;1
1;-0.97056;0.274769;1
1;-0.979185;0.273054;1
1;-1.16212;0.238283;1
1;-0.829446;0.303762;1
1;-0.685201;0.335101;1
1;-0.819408;0.305889;1
1;-0.745784;0.321741;1
1;0.0373768;0.509343;0
1;-0.53975;0.368246;1
1;-0.535466;0.369243;1
1;-1.02917;0.263244;1
1;-0.743082;0.322331;1
1;-0.535611;0.369209;1
1;-1.01325;0.266344;1
1;-0.8862;0.291895;1
1;-1.05342;0.258569;1
1;-0.959707;0.276937;1
1;-1.05119;0.258996;1
1;-1.05856;0.257584;1
1;-0.833041;0.303003;1
1;-0.597722;0.354865;1
1;-0.754191;0.319909;1
1;-0.319587;0.420776;1
1;-0.848908;0.299662;1
1;-0.865987;0.29609;1
1;-0.41512;0.397685;1
1;-0.712217;0.329109;1
1;-0.771054;0.316251;1
1;-0.717914;0.327853;1
1;-0.756449;0.319418;1
1;-0.790524;0.312056;1
1;-0.773455;0.315732;1
1;-0.614022;0.351142;1
1;-0.758925;0.31888;1
1;-0.676629;0.337014;1
1;-0.675683;0.337225;1
1;-0.58402;0.358008;1
1;-0.75861;0.318948;1
1;-0.792221;0.311692;1
1;-0.948854;0.279115;1
1;-0.831436;0.303342;1
1;-0.778404;0.314664;1
1;-0.875487;0.294114;1
1;-0.705084;0.330686;1
1;-0.708291;0.329977;1
1;-0.711052;0.329367;1
1;-0.758062;0.319067;1
1;-0.757448;0.319201;1
1;-0.704505;0.330814;1
1;-0.823904;0.304936;1
1;-0.681832;0.335853;1
1;-0.69514;0.332891;1
1;-0.745609;0.321779;1
1;-0.805717;0.308804;1
1;-0.832278;0.303164;1
1;-0.618423;0.35014;1
1;-0.697545;0.332357;1
1;-0.940373;0.280825;1
1;-0.814896;0.306848;1
1;-0.89571;0.289933;1
1;-0.881813;0.292802;1
1;-0.803853;0.309202;1
1;-0.743723;0.322191;1
1;-0.626177;0.348378;1
1;-0.570917;0.361025;1
1;-0.831684;0.303289;1
1;-0.745842;0.321728;1
1;-0.888146;0.291493;1
1;-0.811839;0.307499;1
1;-1.18831;0.233562;1
1;-0.721996;0.326954;1
1;-0.689975;0.334039;1
1;-0.708565;0.329916;1
1;-0.583168;0.358204;1
1;-0.570042;0.361227;1
1;-0.762477;0.318109;1
1;-0.995166;0.269893;1
1;-0.851529;0.299112;1
1;-1.01713;0.265587;1
1;-0.916733;0.285624;1
1;-0.902534;0.28853;1
1;-1.16826;0.237169;1
1;-0.997119;0.269508;1
1;-0.732116;0.324731;1
1;-0.729606;0.325281;1
1;-0.631894;0.347081;1
1;-0.6647;0.339685;1
1;-0.803285;0.309323;1
1;-0.89903;0.28925;1
1;-0.970326;0.274816;1
1;-0.936069;0.281695;1
1;-0.182813;0.454424;1
1;-0.0516751;0.487084;1
1;-0.0482324;0.487944;1
1;-0.510248;0.375135;1
1;-0.0514088;0.487151;1
1;-0.352487;0.412779;1
1;-0.137407;0.465702;1
1;-0.469054;0.38484;1
1;-0.190471;0.452526;1
1;0.051212;0.5128;0
1;0.136955;0.534185;0
1;-0.0118602;0.497035;1
1;0.0661418;0.516529;0
1;-0.486538;0.380709;1
1;-0.194581;0.451508;1
1;-0.19332;0.45182;1
1;-0.707909;0.330061;1
1;-0.640295;0.34518;1
1;-0.797488;0.310563;1
1;-1.04033;0.261087;1
1;-0.871741;0.294892;1
1;-1.08692;0.252199;1
1;-0.967042;0.27547;1
1;-0.999711;0.268998;1
1;-1.10618;0.248583;1
1;-0.992301;0.270458;1
1;-0.523979;0.371922;1
1;-0.602737;0.353718;1
1;-1.02522;0.264012;1
1;-0.714512;0.328603;1
1;-0.759066;0.318849;1
1;-0.669882;0.338523;1
1;-0.709613;0.329684;1
1;-0.845158;0.30045;1
1;-0.87196;0.294847;1
1;-0.701059;0.331578;1
1;-0.685682;0.334994;1
1;-0.697823;0.332295;1
1;-0.914988;0.28598;1
1;-0.928877;0.283153;1
1;-1.2196;0.228006;1
1;-0.959646;0.276949;1
1;-1.09373;0.250917;1
1;-0.937481;0.28141;1
1;-1.10444;0.248908;1
1;-1.1672;0.237361;1
1;-0.982437;0.272408;1
1;-0.781652;0.313964;1
1;-0.681404;0.335948;1
1;-0.956355;0.277609;1
1;-0.725376;0.32621;1
1;-0.788557;0.312479;1
1;-0.918754;0.285212;1
1;-0.910039;0.286992;1
1;-1.01412;0.266174;1
1;-0.589968;0.356642;1
1;-0.830782;0.30348;1
1;-0.747586;0.321348;1
1;-0.6605;0.340627;1
1;-1.13808;0.242673;1
1;-0.695595;0.33279;1
1;-1.22392;0.227247;1
1;-0.786889;0.312837;1
1;-1.12636;0.244833;1
1;-0.929757;0.282974;1
1;-0.91392;0.286198;1
1;0.121825;0.530419;0
1;0.158782;0.539612;0
1;-0.245055;0.439041;1
1;-0.100808;0.474819;1
1;-0.0228668;0.494284;1
1;-0.00672393;0.498319;1
1;0.143602;0.535839;0
1;0.163722;0.540839;0
1;0.563939;0.637363;0
1;0.344881;0.585376;0
1;-0.00976543;0.497559;1
1;-0.185859;0.453669;1
1;0.550352;0.634217;0
1;-0.0389243;0.49027;1
1;0.0961389;0.524016;0
1;0.0420949;0.510522;0
1;-0.141184;0.464763;1
1;-0.11694;0.470798;1
1;-0.218885;0.445496;1
1;0.302187;0.574977;0
1;0.42989;0.605847;0
1;0.0596544;0.514909;0
1;-0.0388663;0.490285;1
1;-0.117028;0.470776;1
1;-0.104997;0.473775;1
1;-0.0600765;0.484985;1
1;-0.0137368;0.496566;1
1;0.215985;0.553787;0
1;0.354991;0.587827;0
1;0.326428;0.58089;0
1;0.359125;0.588829;0
1;1.04584;0.739976;0
1;1.04209;0.739254;0
1;0.372122;0.591972;0
1;0.381792;0.594305;0
1;-0.941439;0.28061;1
1;-0.904734;0.288079;1
1;-1.09134;0.251367;1
1;-0.815365;0.306748;1
1;-0.946416;0.279606;1
1;-0.899127;0.28923;1
1;-1.15916;0.23882;1
1;-1.04623;0.259951;1
1;-1.03133;0.262826;1
1;-1.06704;0.255966;1
1;-1.12814;0.244505;1
1;-1.05281;0.258686;1
1;-0.989787;0.270954;1
1;-1.29973;0.21421;1
1;-0.937401;0.281426;1
1;-0.777358;0.31489;1
1;-0.971355;0.27461;1
1;-0.556103;0.36445;1
1;-0.835465;0.302491;1
1;-0.627683;0.348036;1
1;-0.726393;0.325987;1
1;-0.906759;0.287664;1
1;-0.82169;0.305405;1
1;-1.03282;0.262537;1
1;-1.03067;0.262955;1
1;-1.05916;0.257471;1
1;-0.938708;0.281161;1
1;-1.04676;0.259847;1
1;-0.27742;0.431086;1
1;-1.60418;0.167399;1
1;-1.26441;0.220215;1
1;-1.28114;0.217357;1
1;-1.76437;0.146244;1
1;-1.46721;0.187367;1
1;-1.50613;0.181513;1
1;-1.57303;0.171784;1
1;-1.71357;0.152701;1
1;-1.68642;0.156247;1
1;-1.5395;0.176608;1
1;-1.45193;0.189705;1
1;-1.96364;0.123074;1
1;-1.65919;0.159871;1
1;-1.66775;0.158724;1
1;-1.2859;0.216547;1
1;-1.98787;0.120482;1
1;-1.92285;0.127544;1
1;-1.7691;0.145654;1
1;-1.8617;0.134505;1
1;-1.98527;0.120758;1
1;-1.43876;0.191738;1
1;-1.02628;0.263806;1
1;-1.37652;0.201568;1
1;-1.56562;0.172842;1
1;-1.63761;0.16279;1
1;-1.46825;0.187209;1
1;-0.77647;0.315081;1
1;-0.623628;0.348957;1
1;-0.761186;0.318389;1
1;-0.556639;0.364326;1
1;-0.651444;0.342664;1
1;-0.598079;0.354783;1
1;-0.511397;0.374866;1
1;-0.628229;0.347912;1
1;-0.669128;0.338692;1
1;-0.722711;0.326796;1
1;-0.381664;0.405726;1
1;-0.451264;0.38906;1
1;-0.529445;0.370646;1
1;-0.545698;0.366863;1
1;-0.675237;0.337325;1
1;-0.767908;0.316932;1
1;-0.858175;0.297721;1
1;-0.659424;0.340869;1
1;-0.705931;0.330498;1
1;-0.40773;0.399456;1
1;-0.632322;0.346984;1
1;-0.428478;0.39449;1
1;-0.678317;0.336637;1
1;-0.594153;0.355683;1
1;0.380734;0.59405;0
1;-0.345485;0.414478;1
1;-0.660693;0.340584;1
1;-0.4513;0.389052;1
1;-0.441391;0.39141;1
1;-0.684025;0.335363;1
1;-0.718115;0.327808;1
1;-0.579304;0.359093;1
1;-0.743319;0.322279;1
1;-0.611244;0.351775;1
1;-0.58032;0.358859;1
1;-0.811402;0.307592;1
1;-0.614787;0.350968;1
1;-0.54534;0.366946;1
1;-0.481525;0.381892;1
1;-0.610944;0.351844;1
1;-0.557355;0.36416;1
1;-0.627279;0.348128;1
1;-0.581769;0.358526;1
1;-0.602198;0.353841;1
1;-0.499631;0.377627;1
1;-0.634251;0.346547;1
1;-0.642405;0.344703;1
1;-0.412791;0.398243;1
1;-0.50765;0.375744;1
1;-0.59628;0.355195;1
1;-0.686571;0.334796;1
1;-0.674435;0.337504;1
1;-0.680605;0.336126;1
1;-0.740452;0.322905;1
1;-0.722766;0.326784;1
1;-0.45955;0.387092;1
1;-0.740993;0.322787;1
1;-0.723391;0.326647;1
1;-0.726164;0.326037;1
1;-0.775821;0.315221;1
1;-0.882342;0.292693;1
1;-0.674857;0.33741;1
1;-0.973204;0.274242;1
1;-0.603055;0.353645;1
1;-0.994359;0.270052;1
1;-0.515485;0.373909;1
1;-0.404733;0.400176;1
1;-0.688004;0.334477;1
1;-0.773643;0.315692;1
1;-0.705877;0.330511;1
1;-0.79023;0.312119;1
1;-0.626175;0.348378;1
1;-0.620526;0.349662;1
1;-0.50527;0.376303;1
1;-0.827074;0.304264;1
1;-0.503379;0.376747;1
1;-0.647704;0.343507;1
1;-0.585487;0.357671;1
1;-0.457996;0.387461;1
1;-0.748104;0.321234;1
1;-0.693926;0.33316;1
1;-0.759386;0.318779;1
1;-0.532761;0.369873;1
1;-0.84545;0.300388;1
1;-0.534387;0.369494;1
1;-0.696986;0.332481;1
1;-0.874391;0.294341;1
1;-0.667143;0.339137;1
1;-0.547201;0.366514;1
1;-0.626947;0.348203;1
1;-0.560411;0.363452;1
1;-0.74841;0.321168;1
1;-0.616978;0.350469;1
1;-0.539124;0.368391;1
1;-0.763792;0.317824;1
1;-0.770186;0.316439;1
1;-0.711678;0.329228;1
1;-0.720173;0.327355;1
1;-0.275715;0.431505;1
1;-0.823864;0.304944;1
1;-0.928617;0.283205;1
1;-1.00061;0.268821;1
1;-1.37143;0.202389;1
1;-1.10632;0.248558;1
1;-1.18135;0.23481;1
1;-1.40028;0.197772;1
1;-1.25686;0.221515;1
1;-1.31059;0.212387;1
1;-1.34752;0.206276;1
1;-1.08417;0.252717;1
1;-1.32059;0.21072;1
1;-1.26204;0.220623;1
1;-1.2602;0.22094;1
1;-1.07963;0.253577;1
1;-1.10616;0.248587;1
1;-1.25632;0.221608;1
1;-0.933941;0.282126;1
1;-0.864685;0.296361;1
1;-0.861683;0.296988;1
1;-1.03046;0.262994;1
1;-0.952197;0.278443;1
1;-1.03593;0.261935;1
1;-1.0496;0.259301;1
1;-0.907552;0.287501;1
1;-0.86678;0.295925;1
1;-0.942825;0.28033;1
1;-1.01526;0.265952;1
1;-0.888006;0.291521;1
1;-1.07126;0.255163;1
1;-1.05485;0.258295;1
1;-1.03099;0.262893;1
1;-1.01668;0.265674;1
1;-1.00533;0.267894;1
1;-1.0521;0.258821;1
1;-1.29601;0.214838;1
1;-1.49903;0.18257;1
1;-1.14421;0.241549;1
1;-1.21007;0.229689;1
1;-1.18647;0.23389;1
1;-0.999738;0.268993;1
1;-1.08717;0.252152;1
1;-0.880945;0.292982;1
1;-1.08187;0.253152;1
1;-0.869268;0.295407;1
1;-0.949397;0.279006;1
1;-1.15053;0.240392;1
1;-0.943839;0.280126;1
1;-0.914474;0.286085;1
1;-0.572293;0.360708;1
1;-0.764478;0.317675;1
1;-0.721308;0.327105;1
1;-0.667098;0.339147;1
1;-0.217208;0.445911;1
1;-0.649376;0.34313;1
1;-0.379715;0.406196;1
1;-0.576804;0.359668;1
1;-0.576532;0.359731;1
1;-0.555698;0.364544;1
1;-0.682052;0.335803;1
1;-0.636068;0.346136;1
1;-0.357966;0.411452;1
1;-0.457766;0.387516;1
1;-0.556531;0.364351;1
1;-0.696746;0.332534;1
1;-0.64628;0.343828;1
1;-0.565526;0.36227;1
1;-0.655422;0.341769;1
1;-0.656972;0.34142;1
1;-0.75942;0.318772;1
1;-0.781113;0.31408;1
1;-0.592461;0.35607;1
1;-0.709395;0.329732;1
1;-0.674584;0.337471;1
1;-0.655419;0.341769;1
1;-0.647984;0.343444;1
1;-1.56233;0.173312;1
1;-1.83323;0.137854;1
1;-1.43521;0.192289;1
1;-1.36227;0.203872;1
1;-0.723149;0.3267;1
1;-1.57025;0.172181;1
1;-1.65373;0.160605;1
1;-1.4211;0.19449;1
1;-1.75379;0.14757;1
1;-0.714882;0.328521;1
1;-0.682693;0.335661;1
1;-1.10024;0.249695;1
1;-1.23615;0.225107;1
1;-1.16665;0.237461;1
1;-1.44717;0.190437;1
1;-1.34936;0.205975;1
1;-1.30562;0.213221;1
1;-1.43159;0.192851;1
1;-1.41432;0.195553;1
1;-1.28836;0.216131;1
1;-1.16514;0.237734;1
1;-1.757;0.147167;1
1;-1.21437;0.228929;1
1;-0.915869;0.2858;1
1;-0.959378;0.277003;1
1;-1.16926;0.236989;1
1;-0.919984;0.284961;1
1;-0.852821;0.298841;1
1;-1.14619;0.241186;1
1;-0.868064;0.295657;1
1;-1.16885;0.237064;1
1;-1.17337;0.236247;1
1;-1.22617;0.226852;1
1;-1.1727;0.236366;1
1;-0.892029;0.290691;1
1;-0.910958;0.286804;1
1;-1.0091;0.267156;1
1;-1.18929;0.233387;1
1;-0.669719;0.33856;1
1;-0.830547;0.303529;1
1;-1.25964;0.221036;1
1;-1.26008;0.22096;1
1;-0.935922;0.281725;1
1;-1.15944;0.23877;1
1;-1.11176;0.247543;1
1;-1.0353;0.262058;1
1;-0.86612;0.296062;1
1;-0.767915;0.31693;1
1;-0.948002;0.279287;1
1;-0.744412;0.32204;1
1;-0.791471;0.311853;1
1;-1.00035;0.268872;1
1;-1.07763;0.253954;1
1;-1.13794;0.242699;1
1;-0.986146;0.271674;1
1;-1.11513;0.246916;1
1;-1.0838;0.252788;1
1;-0.918724;0.285218;1
1;-0.892258;0.290644;1
1;-0.661776;0.340341;1
1;-0.851024;0.299218;1
1;-0.945491;0.279793;1
1;-1.1851;0.234137;1
1;-1.16345;0.238041;1
1;-1.03563;0.261993;1
1;-1.02082;0.264867;1
1;-1.14188;0.241975;1
1;-0.991122;0.270691;1
1;-0.728536;0.325516;1
1;-1.15484;0.239605;1
1;-0.809561;0.307984;1
1;-0.834609;0.302671;1
1;-0.718622;0.327697;1
1;-1.15553;0.239481;1
1;-0.665371;0.339534;1
1;-0.639048;0.345462;1
1;-0.653722;0.342151;1
1;-0.652211;0.342491;1
1;-0.701108;0.331567;1
1;-0.891992;0.290699;1
1;-0.749508;0.320929;1
1;-0.643537;0.344447;1
1;-0.56884;0.361504;1
1;-0.646844;0.343701;1
1;-0.988312;0.271246;1
1;-0.788478;0.312495;1
1;-0.797417;0.310578;1
1;-1.18286;0.234539;1
1;-0.765031;0.317555;1
1;-0.763391;0.317911;1
1;-0.746933;0.32149;1
1;-0.794648;0.311172;1
1;-0.870842;0.295079;1
1;-0.830816;0.303473;1
1;-0.757077;0.319281;1
1;-0.849474;0.299543;1
1;-0.78269;0.313741;1
1;-0.716983;0.328058;1
1;-1.46208;0.18815;1
1;-1.30582;0.213187;1
1;-1.61955;0.165267;1
1;-0.794772;0.311145;1
1;-1.05539;0.258191;1
1;-1.50755;0.181302;1
1;-1.36979;0.202654;1
1;-1.46512;0.187685;1
1;-1.54236;0.176192;1
1;-1.39509;0.198597;1
1;-1.33486;0.208357;1
1;-1.3995;0.197896;1
1;-1.27125;0.219044;1
1;-1.4179;0.194991;1
1;-1.55871;0.173832;1
1;-1.36225;0.203875;1
1;-1.29159;0.215583;1
1;-1.56415;0.173051;1
1;-0.858292;0.297696;1
1;-1.35745;0.204655;1
1;-1.32094;0.210663;1
1;-1.20771;0.230107;1
1;-1.13655;0.242954;1
1;-1.03464;0.262186;1
1;-1.33318;0.208635;1
1;-0.776506;0.315073;1
1;-0.509832;0.375233;1
1;-0.63475;0.346434;1
1;-0.682126;0.335787;1
1;-0.571243;0.36095;1
1;-0.502511;0.376951;1
1;-0.529268;0.370688;1
1;-0.537318;0.368812;1
1;-0.992894;0.270341;1
1;-0.704831;0.330742;1
1;-0.575168;0.360045;1
1;-0.234084;0.441745;1
1;-0.151869;0.462106;1
1;-0.548075;0.366311;1
1;-0.38855;0.404067;1
1;-0.164065;0.459075;1
1;-0.376865;0.406883;1
1;-0.559924;0.363565;1
1;-0.809516;0.307994;1
1;-0.536034;0.369111;1
1;-0.462002;0.386511;1
1;-1.31538;0.211588;1
1;-1.12747;0.244628;1
1;-1.40306;0.197331;1
1;-1.46549;0.187629;1
1;-1.29909;0.214318;1
1;-1.81926;0.139523;1
1;-1.28847;0.216111;1
1;-1.26629;0.219893;1
1;-1.22668;0.226764;1
1;-1.36151;0.203995;1
1;-1.27662;0.218127;1
1;-1.57866;0.170985;1
1;-1.16887;0.237059;1
1;-1.54478;0.175842;1
1;-1.28722;0.216324;1
1;-1.63453;0.163211;1
1;-1.5968;0.16843;1
1;-1.20409;0.230749;1
1;-1.41539;0.195385;1
1;-0.839166;0.301711;1
1;-0.760648;0.318506;1
1;-0.986821;0.27154;1
1;-1.41042;0.196168;1
1;-1.63147;0.163628;1
1;-1.24857;0.222948;1
1;-1.56656;0.172707;1
1;-1.64457;0.161844;1
1;-1.42013;0.194642;1
1;-1.45475;0.189271;1
1;-0.757332;0.319226;1
1;-0.901539;0.288734;1
1;-1.45558;0.189144;1
1;-1.57987;0.170814;1
1;-1.44537;0.190715;1
1;-1.36411;0.203573;1
1;-1.70504;0.153808;1
1;-1.64886;0.161263;1
1;-1.2573;0.221439;1
1;-1.52628;0.178538;1
1;-0.920138;0.28493;1
1;-1.54636;0.175613;1
1;-1.4185;0.194896;1
1;-1.52607;0.17857;1
1;-1.40046;0.197744;1
1;-1.58972;0.169423;1
1;-1.72989;0.150601;1
1;-1.51423;0.180312;1
1;-1.51873;0.179648;1
1;-1.54168;0.176292;1
1;-1.47179;0.186671;1
1;-1.55294;0.174662;1
1;-0.374633;0.407422;1
1;-0.486414;0.380739;1
1;-0.397806;0.401839;1
1;-0.705785;0.330531;1
1;-0.687304;0.334633;1
1;-0.0373414;0.490666;1
1;-0.578512;0.359275;1
1;-0.852643;0.298879;1
1;-0.908475;0.287312;1
1;-0.470648;0.384463;1
1;-0.309851;0.423151;1
1;-0.515688;0.373861;1
1;-0.503513;0.376715;1
1;-0.430661;0.393969;1
1;-0.105274;0.473706;1
1;-0.163685;0.45917;1
1;-0.260895;0.435144;1
1;-0.365167;0.409709;1
1;-0.13756;0.465664;1
1;-0.180597;0.454973;1
1;-0.464611;0.385893;1
1;-0.663546;0.339943;1
1;-0.344624;0.414687;1
1;-0.846536;0.30016;1
1;-0.912888;0.286409;1
1;-0.469913;0.384637;1
1;-0.355199;0.412122;1
1;-1.02158;0.26472;1
1;-1.00708;0.267552;1
1;-0.990947;0.270725;1
1;-0.956481;0.277583;1
1;-0.975861;0.273714;1
1;-0.701918;0.331387;1
1;-0.580119;0.358905;1
