0;1.15848;0.761057;0
0;1.20504;0.76942;0
0;-0.968034;0.275273;1
0;1.16172;0.761644;0
0;1.12354;0.754644;0
0;1.09767;0.749823;0
0;1.23492;0.774679;0
0;1.09957;0.750179;0
0;1.1053;0.751251;0
0;1.15935;0.761215;0
0;1.23067;0.773935;0
0;1.2818;0.782756;0
0;1.27898;0.782276;0
0;1.02985;0.736886;0
0;1.16913;0.762988;0
0;1.22475;0.772899;0
0;-0.0466073;0.48835;1
0;0.0693698;0.517335;0
0;-0.0306132;0.492347;1
0;0.0341382;0.508534;0
0;0.0774901;0.519363;0
0;0.0656075;0.516396;0
0;0.0869617;0.521727;0
0;0.0487418;0.512183;0
0;0.159574;0.539809;0
0;0.0358345;0.508958;0
0;0.038857;0.509713;0
0;0.00980877;0.502452;0
0;-0.0340953;0.491477;1
0;0.117049;0.529229;0
0;0.0809343;0.520223;0
0;-0.0314291;0.492143;1
0;0.101021;0.525234;0
0;0.000292535;0.500073;0
0;0.0120292;0.503007;0
0;0.0225723;0.505643;0
0;-0.096508;0.475892;1
0;0.281565;0.56993;0
0;0.159655;0.539829;0
0;0.201235;0.55014;0
0;0.220808;0.554979;0
0;0.172818;0.543097;0
0;-0.0495443;0.487616;1
0;0.141713;0.535369;0
0;0.197268;0.549158;0
0;0.195385;0.548691;0
0;0.207526;0.551696;0
0;0.0728977;0.518216;0
0;0.230628;0.557403;0
0;0.726376;0.674009;0
0;0.574452;0.63979;0
0;0.373053;0.592197;0
0;0.200404;0.549934;0
0;0.210615;0.55246;0
0;0.233962;0.558225;0
0;2.15582;0.896212;0
0;1.78334;0.856109;0
0;1.66203;0.84051;0
0;1.89724;0.869578;0
0;2.01968;0.882848;0
0;0.119559;0.529854;0
0;0.20155;0.550218;0
0;0.139995;0.534942;0
0;0.0268936;0.506723;0
0;0.257966;0.564136;0
0;0.15432;0.538504;0
0;0.126855;0.531671;0
0;0.0851629;0.521278;0
0;0.660641;0.659404;0
0;0.646918;0.656316;0
0;0.455397;0.611922;0
0;0.410852;0.601292;0
0;0.364554;0.590142;0
0;0.25755;0.564034;0
0;0.178362;0.544473;0
0;0.515103;0.626002;0
0;0.658215;0.658859;0
0;0.588091;0.642927;0
0;0.348794;0.586325;0
0;0.814489;0.693065;0
0;0.58521;0.642265;0
0;0.505886;0.623842;0
0;0.338714;0.583878;0
0;0.392922;0.596986;0
0;0.406929;0.600351;0
0;0.616633;0.649452;0
0;0.564584;0.637512;0
0;0.569587;0.638668;0
0;0.629007;0.652264;0
0;0.539321;0.631655;0
0;0.6095;0.647827;0
0;0.446829;0.609885;0
0;0.563499;0.637262;0
0;0.675441;0.66272;0
0;0.727952;0.674356;0
0;0.685944;0.665064;0
0;0.674126;0.662426;0
0;0.640447;0.654854;0
0;0.676485;0.662954;0
0;0.698621;0.667882;0
0;0.653129;0.657715;0
0;0.56103;0.636691;0
0;0.714874;0.671477;0
0;0.68304;0.664417;0
0;0.868845;0.704505;0
0;0.741326;0.677286;0
0;0.739271;0.676836;0
0;0.653545;0.657809;0
0;0.643786;0.655609;0
0;0.652367;0.657544;0
0;0.644096;0.655679;0
0;0.626093;0.651603;0
0;0.621696;0.650604;0
0;0.594596;0.644419;0
0;0.632318;0.653015;0
0;0.660282;0.659324;0
0;0.672831;0.662137;0
0;0.629375;0.652348;0
0;0.764606;0.682353;0
0;0.667073;0.660847;0
0;0.6622;0.659754;0
0;0.697213;0.66757;0
0;0.55128;0.634433;0
0;0.669092;0.6613;0
0;0.638945;0.654515;0
0;0.608021;0.647489;0
0;0.72803;0.674373;0
0;0.569102;0.638556;0
0;0.539195;0.631625;0
0;0.675487;0.662731;0
0;0.676321;0.662917;0
0;0.723214;0.673314;0
0;0.578226;0.640659;0
0;0.477877;0.617246;0
0;0.58796;0.642897;0
0;0.522929;0.627832;0
0;0.616862;0.649505;0
0;0.639672;0.654679;0
0;0.663698;0.660091;0
0;0.73422;0.675731;0
0;0.586761;0.642622;0
0;0.613825;0.648813;0
0;1.09786;0.749859;0
0;1.05389;0.741521;0
0;0.872221;0.705208;0
0;1.27035;0.780802;0
0;1.13605;0.756954;0
0;1.20387;0.769213;0
0;1.22411;0.772786;0
0;1.22861;0.773576;0
0;1.30597;0.786837;0
0;1.14826;0.759194;0
0;1.11732;0.753491;0
0;1.11037;0.752197;0
0;1.12545;0.754999;0
0;1.15149;0.759783;0
0;1.08225;0.74692;0
0;1.16322;0.761918;0
0;1.21292;0.770814;0
0;1.1467;0.758908;0
0;1.20972;0.77025;0
0;1.04213;0.73926;0
0;1.18448;0.765753;0
0;1.18992;0.766726;0
0;0.991025;0.72929;0
0;1.09824;0.749931;0
0;1.1651;0.762259;0
0;1.15112;0.759715;0
0;1.09761;0.749812;0
0;1.17943;0.764845;0
0;1.16117;0.761545;0
0;1.13132;0.756083;0
0;0.927801;0.716629;0
0;1.15967;0.761272;0
0;1.15455;0.76034;0
0;1.18924;0.766605;0
0;1.21444;0.771083;0
0;1.20014;0.76855;0
0;1.12095;0.754165;0
0;1.14766;0.759084;0
0;1.18227;0.765355;0
0;1.17379;0.763829;0
0;1.2494;0.777196;0
0;1.13448;0.756665;0
0;1.1691;0.762982;0
0;1.09316;0.748976;0
0;1.04414;0.739648;0
0;1.09728;0.74975;0
0;1.06974;0.744547;0
0;1.16737;0.76267;0
0;1.1073;0.751626;0
0;1.22992;0.773805;0
0;1.1495;0.759419;0
0;1.16136;0.76158;0
0;1.179;0.764767;0
0;1.27623;0.781807;0
0;1.71358;0.847301;0
0;1.24442;0.776332;0
0;1.41565;0.804656;0
0;1.24417;0.776289;0
0;1.17722;0.764448;0
0;1.53636;0.822935;0
0;1.43261;0.807308;0
0;1.20554;0.769508;0
0;0.269088;0.566869;0
0;0.0534306;0.513354;0
0;1.68885;0.844072;0
0;1.75079;0.852053;0
0;1.7298;0.849386;0
0;2.05212;0.886161;0
0;1.78264;0.856022;0
0;1.34762;0.79374;0
0;1.21214;0.770678;0
0;1.54651;0.82441;0
0;1.28567;0.783413;0
0;3.45331;0.96933;0
0;1.10249;0.750726;0
0;1.13711;0.757148;0
0;1.26044;0.779101;0
0;0.912363;0.713483;0
0;1.40362;0.802758;0
0;1.30878;0.787309;0
0;0.431264;0.606176;0
0;1.20839;0.770015;0
0;0.040453;0.510112;0
0;0.706624;0.669655;0
0;0.956136;0.722347;0
0;1.41936;0.805238;0
0;0.923586;0.715772;0
0;1.18265;0.765424;0
0;1.01471;0.733942;0
0;1.25269;0.777766;0
0;1.27224;0.781126;0
0;1.19349;0.767364;0
0;1.19079;0.766882;0
0;1.15286;0.760032;0
0;1.20219;0.768914;0
0;1.03945;0.738745;0
0;0.770302;0.683586;0
0;0.610976;0.648163;0
0;1.25371;0.777941;0
0;1.21287;0.770807;0
0;1.30423;0.786546;0
0;1.17251;0.763598;0
0;1.28589;0.783451;0
0;1.1735;0.763778;0
0;1.25063;0.777408;0
0;1.17408;0.763882;0
0;1.33164;0.791112;0
0;1.27781;0.782077;0
0;0.952185;0.721554;0
0;0.949051;0.720924;0
0;1.11644;0.753327;0
0;0.866947;0.70411;0
0;0.912049;0.713419;0
0;0.937351;0.718564;0
0;0.88977;0.708843;0
0;0.87712;0.706225;0
0;0.820751;0.694396;0
0;0.913993;0.713817;0
0;0.782252;0.686165;0
0;0.892833;0.709475;0
0;1.00023;0.731103;0
0;1.07261;0.745093;0
0;1.08311;0.747082;0
0;0.907955;0.712582;0
0;1.04173;0.739184;0
0;0.90506;0.711988;0
0;1.00659;0.732353;0
0;1.09504;0.74933;0
0;1.05514;0.74176;0
0;1.04017;0.738884;0
0;0.898312;0.710603;0
0;0.977288;0.72657;0
0;1.09323;0.748989;0
0;0.937857;0.718667;0
0;1.02294;0.735545;0
0;0.914224;0.713864;0
0;1.02463;0.735874;0
0;0.942106;0.719525;0
0;1.00257;0.731563;0
0;0.87017;0.704781;0
0;0.911574;0.713322;0
0;0.873514;0.705476;0
0;1.05797;0.742303;0
0;1.0673;0.744083;0
0;0.843426;0.699186;0
0;0.987055;0.728506;0
0;1.04424;0.739667;0
0;0.871114;0.704977;0
0;1.10613;0.751408;0
0;1.08331;0.74712;0
0;1.06077;0.742838;0
0;0.939074;0.718913;0
0;0.996197;0.73031;0
0;0.988017;0.728696;0
0;1.0038;0.731804;0
0;1.13264;0.756326;0
0;0.917717;0.714577;0
0;1.0065;0.732335;0
0;0.982889;0.727681;0
0;0.821342;0.694521;0
0;0.865459;0.7038;0
0;1.03686;0.738243;0
0;0.97507;0.726129;0
0;0.965409;0.724203;0
0;1.23398;0.774515;0
0;1.42121;0.805529;0
0;1.44731;0.809584;0
0;0.722947;0.673256;0
0;1.2924;0.784553;0
0;1.40325;0.802699;0
0;1.16497;0.762235;0
0;1.05092;0.740951;0
0;1.0563;0.741983;0
0;1.35805;0.795443;0
0;1.38623;0.79999;0
0;0.959819;0.723086;0
0;1.2454;0.776503;0
0;1.12096;0.754167;0
0;1.35866;0.795541;0
0;1.17921;0.764806;0
0;1.09748;0.749787;0
0;1.1676;0.762711;0
0;1.38811;0.80029;0
0;0.924747;0.716008;0
0;0.961348;0.723392;0
0;1.25467;0.778107;0
0;1.43278;0.807333;0
0;1.3555;0.795027;0
0;1.12072;0.754123;0
0;1.51424;0.819689;0
0;1.25873;0.778807;0
0;1.20954;0.770218;0
0;1.22633;0.773176;0
0;1.33555;0.791758;0
0;0.84006;0.698478;0
0;1.13783;0.757281;0
0;1.43536;0.807735;0
0;1.25755;0.778603;0
0;1.24211;0.775931;0
0;0.963748;0.723872;0
0;1.17023;0.763186;0
0;1.06417;0.743487;0
0;1.19227;0.767148;0
0;1.20338;0.769125;0
0;1.136;0.756945;0
0;1.1524;0.75995;0
0;1.1853;0.7659;0
0;1.38141;0.799218;0
0;1.3119;0.78783;0
0;1.39264;0.801013;0
0;1.26781;0.780368;0
0;1.30312;0.78636;0
0;1.19308;0.767292;0
0;1.28731;0.783692;0
0;1.16014;0.761358;0
0;0.874804;0.705744;0
0;1.20697;0.769762;0
0;1.06947;0.744496;0
0;1.2697;0.780692;0
0;1.34584;0.793449;0
0;1.17289;0.763667;0
0;1.33541;0.791734;0
0;1.24055;0.77566;0
0;1.13243;0.756287;0
0;1.30059;0.785934;0
0;1.28833;0.783865;0
0;1.29;0.784147;0
0;1.5732;0.82824;0
0;0.889957;0.708881;0
0;1.13837;0.75738;0
0;1.14282;0.758196;0
0;1.47661;0.814061;0
0;1.41114;0.803946;0
0;1.45913;0.811399;0
0;1.50595;0.818461;0
0;1.62024;0.834828;0
0;1.50386;0.81815;0
0;1.59683;0.831575;0
0;1.61934;0.834704;0
0;1.53478;0.822704;0
0;1.61183;0.833665;0
0;1.43959;0.808391;0
0;1.55028;0.824954;0
0;1.61945;0.834719;0
0;1.67276;0.841944;0
0;1.47489;0.813799;0
0;1.55755;0.826001;0
0;1.4719;0.813346;0
0;1.59707;0.831609;0
0;1.49241;0.816439;0
0;1.39041;0.800658;0
0;1.45925;0.811417;0
0;1.47517;0.813841;0
0;1.53618;0.822909;0
0;1.45551;0.810845;0
0;1.49431;0.816725;0
0;1.50175;0.817836;0
0;1.53166;0.822249;0
0;1.51715;0.820118;0
0;1.52255;0.820913;0
0;1.49356;0.816612;0
0;1.54301;0.823901;0
0;1.49388;0.816659;0
0;1.41508;0.804565;0
0;1.39766;0.801813;0
0;1.57521;0.828525;0
0;1.59809;0.831751;0
0;1.53435;0.822642;0
0;1.53705;0.823035;0
0;1.42025;0.805377;0
0;1.51418;0.819679;0
0;1.69067;0.844312;0
0;1.50839;0.818822;0
0;1.54378;0.824014;0
0;1.40042;0.802251;0
0;1.54108;0.823621;0
0;1.58315;0.829651;0
0;1.6093;0.833314;0
0;1.55172;0.825161;0
0;1.53762;0.823118;0
0;1.58839;0.83039;0
0;1.59341;0.831095;0
0;1.54083;0.823585;0
0;1.47119;0.813238;0
0;1.44613;0.809403;0
0;1.50169;0.817827;0
0;1.51119;0.819238;0
0;1.49242;0.816442;0
0;1.41067;0.803872;0
0;1.3476;0.793737;0
0;1.24316;0.776113;0
0;1.3869;0.800097;0
0;1.43019;0.806931;0
0;1.44794;0.809681;0
0;1.47379;0.813633;0
0;1.19765;0.768106;0
0;1.52703;0.821572;0
0;0.654217;0.65796;0
0;1.90028;0.869923;0
0;1.19925;0.768391;0
0;1.16676;0.762559;0
0;1.11033;0.752191;0
0;1.28997;0.784142;0
0;1.30104;0.78601;0
0;1.49022;0.816111;0
0;0.440041;0.608269;0
0;0.451013;0.61088;0
0;0.547729;0.633609;0
0;0.607248;0.647313;0
0;0.585861;0.642415;0
0;0.5164;0.626306;0
0;0.738681;0.676707;0
0;0.674567;0.662525;0
0;0.523894;0.628058;0
0;0.664387;0.660245;0
0;0.604818;0.646758;0
0;0.662408;0.659801;0
0;0.65145;0.657337;0
0;0.569111;0.638558;0
0;0.513988;0.625741;0
0;0.608166;0.647522;0
0;0.505086;0.623654;0
0;0.632762;0.653115;0
0;0.61633;0.649383;0
0;0.546898;0.633416;0
0;0.631763;0.652889;0
0;0.579543;0.640962;0
0;0.645019;0.655887;0
0;0.816227;0.693435;0
0;0.670302;0.661571;0
0;0.637018;0.654079;0
0;0.621346;0.650525;0
0;0.529613;0.629393;0
0;0.660322;0.659333;0
0;0.544947;0.632962;0
0;0.464336;0.614042;0
0;0.888952;0.708674;0
0;0.388407;0.595899;0
0;0.548273;0.633735;0
0;0.62236;0.650755;0
0;0.589588;0.643271;0
0;0.486509;0.619284;0
0;0.537995;0.631346;0
0;0.482778;0.618404;0
0;0.672746;0.662118;0
0;0.717619;0.672083;0
0;0.621502;0.65056;0
0;0.672167;0.661988;0
0;0.671833;0.661914;0
0;0.615036;0.649089;0
0;0.65074;0.657177;0
0;0.615242;0.649136;0
0;0.743988;0.677867;0
0;0.433002;0.60659;0
0;0.556119;0.635554;0
0;0.585274;0.64228;0
0;0.892565;0.709419;0
0;0.724557;0.67361;0
0;0.671632;0.661868;0
0;0.615286;0.649146;0
0;0.587108;0.642701;0
0;0.484987;0.618925;0
0;0.543718;0.632677;0
0;0.466135;0.614469;0
0;0.48188;0.618192;0
0;0.746988;0.678522;0
0;0.615176;0.649121;0
0;0.624946;0.651343;0
0;0.557639;0.635906;0
0;0.544449;0.632847;0
0;0.574394;0.639776;0
0;0.646988;0.656331;0
0;0.572037;0.639233;0
0;0.670903;0.661705;0
0;0.426807;0.605111;0
0;0.624654;0.651276;0
0;0.432813;0.606545;0
0;0.589124;0.643164;0
0;0.373328;0.592263;0
0;0.864694;0.703641;0
0;0.613525;0.648744;0
0;0.561891;0.63689;0
0;0.486589;0.619303;0
0;0.696849;0.667489;0
0;0.547526;0.633561;0
0;0.358098;0.58858;0
0;0.647485;0.656443;0
0;0.457634;0.612453;0
0;0.358094;0.588579;0
0;0.577167;0.640415;0
0;0.456126;0.612095;0
0;0.738734;0.676719;0
0;0.774284;0.684447;0
0;0.589225;0.643187;0
0;0.811287;0.692384;0
0;0.735997;0.67612;0
0;0.435453;0.607175;0
0;0.472523;0.615981;0
0;0.872314;0.705227;0
0;0.469023;0.615152;0
0;0.976758;0.726464;0
0;0.730422;0.674898;0
0;0.39808;0.598226;0
0;0.395259;0.597548;0
0;0.561951;0.636904;0
0;0.321412;0.579668;0
0;0.41;0.601088;0
0;0.461586;0.61339;0
0;0.59512;0.644539;0
0;0.641335;0.655055;0
0;0.705189;0.669337;0
0;0.510767;0.624986;0
0;0.613785;0.648804;0
0;0.73364;0.675603;0
0;0.376393;0.593003;0
0;0.480659;0.617903;0
0;0.357327;0.588393;0
0;0.656885;0.65856;0
0;0.359652;0.588956;0
0;0.619852;0.650185;0
0;0.758699;0.681071;0
0;0.494337;0.621128;0
0;0.707055;0.66975;0
0;0.485766;0.619108;0
0;0.774444;0.684481;0
0;0.693578;0.666762;0
0;0.629783;0.65244;0
0;0.583973;0.641981;0
0;0.554675;0.63522;0
0;0.816306;0.693452;0
0;0.646629;0.65625;0
0;0.500728;0.62263;0
0;0.424633;0.604591;0
0;0.576485;0.640258;0
0;0.484696;0.618856;0
0;0.740031;0.677003;0
0;0.666528;0.660725;0
0;0.505326;0.62371;0
0;0.532469;0.630059;0
0;0.686011;0.665079;0
0;0.718151;0.6722;0
0;0.777311;0.6851;0
0;0.521214;0.627432;0
0;0.632345;0.653021;0
0;0.713286;0.671127;0
0;0.737081;0.676357;0
0;0.659305;0.659104;0
0;0.775426;0.684694;0
0;0.71751;0.672059;0
0;0.749849;0.679146;0
0;0.691247;0.666244;0
0;0.747183;0.678565;0
0;0.623482;0.65101;0
0;0.816214;0.693432;0
0;0.782454;0.686209;0
0;0.82175;0.694608;0
0;0.743428;0.677745;0
0;0.683858;0.664599;0
0;0.769507;0.683414;0
0;0.847474;0.700037;0
0;0.846531;0.699839;0
0;0.857276;0.702091;0
0;0.647752;0.656504;0
0;0.863054;0.703298;0
0;0.873228;0.705417;0
0;0.858867;0.702424;0
0;0.848701;0.700294;0
0;0.784363;0.68662;0
0;0.560746;0.636625;0
0;0.898915;0.710727;0
0;0.882041;0.707245;0
0;0.829456;0.69624;0
0;0.72532;0.673778;0
0;0.786744;0.687132;0
0;0.664618;0.660297;0
0;0.715344;0.671581;0
0;0.736732;0.676281;0
0;1.01324;0.733654;0
0;0.752503;0.679724;0
0;0.739472;0.67688;0
0;0.68638;0.665161;0
0;0.573554;0.639583;0
0;0.849667;0.700497;0
0;0.766385;0.682738;0
0;0.766815;0.682832;0
0;0.700942;0.668396;0
0;0.521797;0.627568;0
0;0.674886;0.662596;0
0;0.75694;0.680689;0
0;0.666613;0.660744;0
0;0.699418;0.668059;0
0;0.682212;0.664232;0
0;0.70906;0.670193;0
0;0.687157;0.665334;0
0;0.756258;0.680541;0
0;0.655705;0.658295;0
0;0.688883;0.665718;0
0;0.596906;0.644948;0
0;0.501425;0.622794;0
0;0.54091;0.632024;0
0;0.738084;0.676577;0
0;0.613417;0.64872;0
0;0.725203;0.673752;0
0;0.506093;0.62389;0
0;0.60278;0.646292;0
0;0.518613;0.626823;0
0;0.604122;0.646599;0
0;0.775897;0.684795;0
0;0.532974;0.630176;0
0;0.723258;0.673324;0
0;1.00409;0.731862;0
0;1.02587;0.736114;0
0;1.30937;0.787407;0
0;1.49249;0.816451;0
0;1.5784;0.828977;0
0;1.49615;0.817;0
0;1.65515;0.839586;0
0;1.55454;0.825569;0
0;1.32783;0.790481;0
0;0.803852;0.690798;0
0;1.03527;0.737936;0
0;0.78835;0.687477;0
0;0.846787;0.699893;0
0;0.930404;0.717157;0
0;1.75235;0.85225;0
0;1.60773;0.833097;0
0;0.97147;0.725412;0
0;0.856768;0.701985;0
0;0.727825;0.674328;0
0;0.946441;0.720399;0
0;0.683469;0.664512;0
0;0.918393;0.714714;0
0;0.900548;0.711062;0
0;0.969888;0.725097;0
0;0.849067;0.700371;0
0;0.9959;0.730252;0
0;0.354048;0.587599;0
0;0.376976;0.593144;0
0;0.431786;0.6063;0
0;0.512435;0.625377;0
0;0.398097;0.59823;0
0;0.46987;0.615353;0
0;0.470612;0.615529;0
0;0.478858;0.617478;0
0;0.304972;0.575657;0
0;0.351998;0.587102;0
0;0.648294;0.656626;0
0;0.433367;0.606677;0
0;0.561838;0.636878;0
0;0.510583;0.624943;0
0;0.738762;0.676725;0
0;0.630156;0.652525;0
0;0.382556;0.59449;0
0;0.411263;0.601391;0
0;0.628968;0.652256;0
0;1.08157;0.746791;0
0;0.365897;0.590467;0
0;0.411623;0.601477;0
0;0.663576;0.660063;0
0;0.516159;0.626249;0
0;0.700848;0.668376;0
0;0.647547;0.656458;0
0;0.697429;0.667617;0
0;0.743493;0.677759;0
0;0.359278;0.588866;0
0;0.587261;0.642736;0
0;0.517867;0.626649;0
0;0.678657;0.663439;0
0;0.488597;0.619776;0
0;1.25257;0.777744;0
0;1.2768;0.781904;0
0;1.19383;0.767426;0
0;1.15173;0.759827;0
0;1.31041;0.787582;0
0;0.978589;0.726828;0
0;1.09355;0.749049;0
0;1.28323;0.783;0
0;1.11327;0.752739;0
0;1.10959;0.752053;0
0;1.33265;0.791279;0
0;1.31719;0.788713;0
0;1.39902;0.802029;0
0;1.28337;0.783023;0
0;1.20995;0.77029;0
0;1.35703;0.795277;0
0;1.24701;0.776782;0
0;1.19246;0.76718;0
0;1.05556;0.741842;0
0;1.3214;0.789414;0
0;1.1978;0.768134;0
0;1.15059;0.759618;0
0;1.04096;0.739034;0
0;1.10233;0.750696;0
0;1.24867;0.77707;0
0;1.39424;0.801269;0
0;1.28169;0.782737;0
0;1.2848;0.783267;0
0;1.16848;0.762871;0
0;1.28119;0.782653;0
0;1.01422;0.733846;0
0;1.08323;0.747105;0
0;1.31805;0.788858;0
0;1.20528;0.769463;0
0;1.12794;0.755458;0
0;1.32025;0.789223;0
0;1.46925;0.812944;0
0;1.26853;0.78049;0
0;1.23006;0.77383;0
0;1.35869;0.795547;0
0;1.11297;0.752683;0
0;1.23329;0.774394;0
0;1.09465;0.749255;0
0;1.25642;0.778409;0
0;1.1957;0.767759;0
0;1.24203;0.775917;0
0;1.22946;0.773723;0
0;1.26706;0.780239;0
0;1.27134;0.780972;0
0;1.25328;0.777867;0
0;1.31579;0.788481;0
0;1.24438;0.776326;0
0;1.16913;0.762988;0
0;1.17547;0.764132;0
0;1.22494;0.772933;0
0;1.32411;0.789865;0
0;1.34705;0.793646;0
0;1.24933;0.777184;0
0;1.09237;0.748827;0
0;0.960633;0.723248;0
0;0.775856;0.684786;0
0;1.13479;0.756722;0
0;1.23643;0.774941;0
0;1.07429;0.745411;0
0;1.10716;0.7516;0
0;1.1696;0.763072;0
0;1.13292;0.756377;0
0;1.05183;0.741127;0
0;1.33109;0.79102;0
0;1.9566;0.876164;0
0;1.5693;0.827684;0
0;1.89436;0.869252;0
0;1.8355;0.862415;0
0;1.45118;0.81018;0
0;1.44857;0.809778;0
0;1.6034;0.832493;0
0;1.67467;0.842197;0
0;1.56682;0.82733;0
0;1.56997;0.827779;0
0;1.57954;0.82914;0
0;1.91089;0.871119;0
0;1.69162;0.844437;0
0;1.81925;0.860476;0
0;1.67239;0.841894;0
0;1.80952;0.859304;0
0;1.8782;0.867404;0
0;1.70009;0.845547;0
0;1.81157;0.859552;0
0;1.72184;0.848365;0
0;1.61206;0.833697;0
0;1.79611;0.857674;0
0;1.72952;0.849351;0
0;1.47972;0.814531;0
0;1.82749;0.861463;0
0;1.73791;0.850422;0
0;1.48034;0.814624;0
0;1.75009;0.851964;0
0;1.64108;0.837682;0
0;1.53258;0.822383;0
0;1.80782;0.859098;0
0;1.63516;0.836875;0
0;1.55358;0.82543;0
0;1.31654;0.788606;0
0;1.23689;0.775023;0
0;1.37696;0.798503;0
0;1.4458;0.809351;0
0;1.47424;0.813701;0
0;1.53118;0.822179;0
0;1.41073;0.803881;0
0;1.61698;0.834378;0
0;1.36466;0.796516;0
0;1.85159;0.864313;0
0;1.48217;0.814901;0
0;1.51482;0.819774;0
0;1.34721;0.793673;0
0;1.51634;0.819999;0
0;1.6719;0.841829;0
0;1.50044;0.81764;0
0;1.55044;0.824977;0
0;1.47458;0.813753;0
0;1.44883;0.809819;0
0;1.46916;0.81293;0
0;1.5443;0.824089;0
0;1.50356;0.818105;0
0;1.69348;0.844681;0
0;1.51274;0.819467;0
0;1.47667;0.81407;0
0;1.42004;0.805345;0
0;1.50205;0.81788;0
0;1.37309;0.797879;0
0;1.31998;0.789179;0
0;1.23851;0.775305;0
0;1.58429;0.829811;0
0;1.43858;0.808234;0
0;1.64848;0.838686;0
0;1.5671;0.82737;0
0;1.3767;0.798461;0
0;1.32194;0.789505;0
0;1.18585;0.765999;0
0;1.04299;0.739427;0
0;1.49377;0.816644;0
0;1.35929;0.795644;0
0;1.20841;0.770017;0
0;1.18042;0.765023;0
0;1.16435;0.762123;0
0;1.22518;0.772974;0
0;1.09498;0.749318;0
0;1.18337;0.765552;0
0;1.16129;0.761567;0
0;1.18347;0.765571;0
0;1.09262;0.748875;0
0;1.07345;0.745252;0
0;1.26258;0.779471;0
0;1.24123;0.775779;0
0;1.18308;0.765502;0
0;1.09509;0.74934;0
0;1.28658;0.783568;0
0;1.2686;0.780503;0
0;1.34816;0.793828;0
0;1.04747;0.74029;0
0;1.40059;0.802277;0
0;1.20894;0.770111;0
0;1.16047;0.761418;0
0;1.1326;0.756318;0
0;1.29043;0.784219;0
0;1.28702;0.783643;0
0;1.24741;0.776852;0
0;1.14145;0.757945;0
0;1.48144;0.81479;0
0;1.4966;0.817068;0
0;1.496;0.816977;0
0;1.3871;0.800129;0
0;-0.181034;0.454865;1
0;1.59646;0.831523;0
0;0.188546;0.546997;0
0;1.32954;0.790764;0
0;1.30911;0.787365;0
0;1.20123;0.768744;0
0;1.35447;0.79486;0
0;1.36514;0.796594;0
0;1.41048;0.803841;0
0;1.19665;0.767928;0
0;1.29493;0.784981;0
0;1.54145;0.823675;0
0;1.58878;0.830444;0
0;-0.0381238;0.49047;1
0;1.14553;0.758693;0
0;1.3658;0.7967;0
0;1.31221;0.787883;0
0;1.47696;0.814113;0
0;1.34719;0.79367;0
0;1.57111;0.827942;0
0;1.50795;0.818758;0
0;1.41126;0.803964;0
0;1.11625;0.753292;0
0;1.29321;0.78469;0
0;1.13441;0.756652;0
0;1.23706;0.775052;0
0;1.27289;0.781236;0
0;1.29511;0.785012;0
0;1.101;0.750448;0
0;1.12545;0.754998;0
0;0.823317;0.69494;0
0;0.823902;0.695064;0
0;0.653701;0.657844;0
0;0.712111;0.670868;0
0;0.680743;0.663904;0
0;0.765759;0.682603;0
0;0.72549;0.673815;0
0;0.762525;0.681902;0
0;0.70282;0.668813;0
0;0.725168;0.673744;0
0;0.697196;0.667566;0
0;0.612927;0.648608;0
0;0.750854;0.679365;0
0;0.628814;0.65222;0
0;0.637891;0.654277;0
0;0.658835;0.658999;0
0;0.644779;0.655833;0
0;0.592808;0.644009;0
0;0.656472;0.658467;0
0;0.669973;0.661497;0
0;0.609122;0.64774;0
0;0.566948;0.638059;0
0;0.686811;0.665257;0
0;0.640299;0.654821;0
0;0.690248;0.666022;0
0;0.670661;0.661651;0
0;0.646279;0.656171;0
0;0.645769;0.656056;0
0;0.696018;0.667304;0
0;0.635632;0.653765;0
0;0.804192;0.69087;0
0;0.601044;0.645895;0
0;0.667032;0.660838;0
0;0.702454;0.668732;0
0;0.800201;0.690018;0
0;0.660586;0.659392;0
0;0.785429;0.686849;0
0;0.699491;0.668075;0
0;0.680172;0.663777;0
0;0.575033;0.639924;0
0;0.78646;0.687071;0
0;0.65348;0.657794;0
0;0.686286;0.66514;0
0;0.69015;0.666;0
0;0.76997;0.683514;0
0;0.761119;0.681597;0
0;0.718096;0.672188;0
0;0.718736;0.672329;0
0;0.763135;0.682034;0
0;0.779442;0.68556;0
0;0.766653;0.682796;0
0;0.744994;0.678087;0
0;0.763105;0.682028;0
0;0.758655;0.681062;0
0;0.782807;0.686285;0
0;0.821576;0.694571;0
0;0.697971;0.667738;0
0;0.749311;0.679029;0
0;0.841892;0.698864;0
0;0.683412;0.6645;0
0;0.730705;0.67496;0
0;0.730401;0.674893;0
0;0.710689;0.670553;0
0;0.747813;0.678702;0
0;0.759245;0.68119;0
0;0.574577;0.639819;0
0;0.664421;0.660253;0
0;0.728376;0.674449;0
0;0.690743;0.666132;0
0;1.51845;0.82031;0
0;1.62097;0.834929;0
0;1.24284;0.776058;0
0;1.44754;0.80962;0
0;1.38834;0.800328;0
0;1.39925;0.802065;0
0;1.56293;0.826774;0
0;1.4255;0.8062;0
0;1.45493;0.810757;0
0;1.5509;0.825044;0
0;1.17371;0.763815;0
0;1.66635;0.841089;0
0;1.5384;0.823232;0
0;1.50546;0.818387;0
0;1.49483;0.816802;0
0;1.46912;0.812924;0
0;1.3327;0.791287;0
0;1.21496;0.771175;0
0;1.30309;0.786355;0
0;1.31391;0.788168;0
0;1.33052;0.790926;0
0;1.48224;0.814911;0
0;1.21942;0.771961;0
0;1.2943;0.784874;0
0;1.39908;0.802038;0
0;1.54428;0.824086;0
0;0.948041;0.720721;0
0;1.50633;0.818516;0
0;1.45342;0.810524;0
0;1.25586;0.778313;0
0;1.18311;0.765507;0
0;1.35192;0.794443;0
0;1.0181;0.734602;0
0;1.54612;0.824352;0
0;1.08883;0.748162;0
0;1.50681;0.818587;0
0;1.39131;0.800801;0
0;1.50959;0.819001;0
0;1.30157;0.7861;0
0;1.22156;0.772338;0
0;1.51298;0.819503;0
0;1.50515;0.818342;0
0;1.59491;0.831306;0
0;1.57605;0.828645;0
0;1.33496;0.79166;0
0;1.45995;0.811525;0
0;1.59891;0.831867;0
0;1.57866;0.829015;0
0;1.62119;0.834959;0
0;1.59622;0.83149;0
0;1.38767;0.80022;0
0;1.5957;0.831416;0
0;1.4874;0.815688;0
0;1.55169;0.825158;0
0;1.55004;0.824919;0
0;1.68538;0.843615;0
0;1.61156;0.833628;0
0;1.52549;0.821345;0
0;1.53294;0.822436;0
0;1.24816;0.776981;0
0;1.1562;0.760641;0
0;1.5274;0.821625;0
0;1.35952;0.795682;0
0;1.34787;0.793781;0
0;1.1315;0.756115;0
0;1.46232;0.811887;0
0;1.14606;0.758791;0
0;1.5125;0.819431;0
0;1.56581;0.827186;0
0;1.58088;0.829328;0
0;1.53039;0.822063;0
0;1.47532;0.813865;0
0;1.22203;0.77242;0
0;1.72932;0.849326;0
0;1.6304;0.836224;0
0;1.57869;0.829019;0
0;1.55246;0.825269;0
0;1.45851;0.811305;0
0;1.62203;0.835074;0
0;1.59819;0.831766;0
0;1.67807;0.842648;0
0;1.47751;0.814196;0
0;1.47978;0.81454;0
0;1.64927;0.838793;0
0;1.61024;0.833445;0
0;1.71098;0.846963;0
0;1.59053;0.83069;0
0;1.56635;0.827263;0
0;1.56655;0.827291;0
0;1.55847;0.826134;0
0;1.38429;0.79968;0
0;1.44145;0.80868;0
0;1.42799;0.806588;0
0;1.56892;0.82763;0
0;1.50697;0.818612;0
0;1.58173;0.829449;0
0;1.54572;0.824295;0
0;1.50276;0.817985;0
0;1.61379;0.833937;0
0;1.55305;0.825353;0
0;1.5448;0.824161;0
0;1.60935;0.833322;0
0;1.43763;0.808087;0
0;1.33174;0.791128;0
0;1.34882;0.793937;0
0;1.4174;0.804931;0
0;1.53837;0.823228;0
0;1.51125;0.819247;0
0;1.44991;0.809984;0
0;1.44056;0.808541;0
0;1.38733;0.800166;0
0;1.52755;0.821647;0
0;1.30502;0.786679;0
0;1.40917;0.803635;0
0;1.42528;0.806165;0
0;1.50737;0.818672;0
0;1.56917;0.827665;0
0;1.39115;0.800775;0
0;1.55219;0.82523;0
0;1.29935;0.785725;0
0;1.55011;0.82493;0
0;1.4359;0.807819;0
0;1.25017;0.777329;0
0;1.36653;0.796819;0
0;1.34612;0.793495;0
0;1.42258;0.805743;0
0;1.4472;0.809567;0
0;1.31107;0.787692;0
0;1.22767;0.773411;0
0;1.53942;0.82338;0
0;1.51482;0.819775;0
0;1.1783;0.764642;0
0;1.44389;0.809056;0
0;0.321574;0.579708;0
0;0.553772;0.63501;0
0;0.606532;0.647149;0
0;0.630615;0.652629;0
0;0.74932;0.679031;0
0;0.507172;0.624143;0
0;0.631974;0.652937;0
0;0.647279;0.656397;0
0;0.535173;0.630689;0
0;0.723094;0.673288;0
0;0.68871;0.66568;0
0;0.656066;0.658376;0
0;0.650783;0.657187;0
0;0.578338;0.640685;0
0;0.61003;0.647948;0
0;0.680607;0.663874;0
0;0.62787;0.652006;0
0;0.599829;0.645617;0
0;0.717426;0.67204;0
0;0.647479;0.656442;0
0;0.447277;0.609992;0
0;0.711177;0.670661;0
0;0.655654;0.658283;0
0;1.1145;0.752968;0
0;0.602259;0.646173;0
0;0.745954;0.678297;0
0;0.696875;0.667495;0
0;0.716741;0.671889;0
0;0.69339;0.666721;0
0;0.54452;0.632863;0
0;0.570127;0.638792;0
0;0.641534;0.6551;0
0;0.478195;0.617321;0
0;0.673327;0.662248;0
0;0.550736;0.634306;0
0;0.687358;0.665379;0
0;0.644321;0.65573;0
0;0.749881;0.679153;0
0;0.645238;0.655937;0
0;0.544077;0.63276;0
0;0.635655;0.653771;0
0;0.568375;0.638388;0
0;0.554583;0.635198;0
0;0.592064;0.643839;0
0;0.608984;0.647709;0
0;0.590275;0.643428;0
0;0.632215;0.652991;0
0;0.620065;0.650233;0
0;0.609044;0.647723;0
0;0.653037;0.657694;0
0;0.547732;0.633609;0
0;0.57842;0.640704;0
0;0.671715;0.661887;0
0;0.610008;0.647943;0
0;0.616856;0.649503;0
0;0.617084;0.649555;0
0;0.722367;0.673128;0
0;0.634334;0.653472;0
0;0.66217;0.659748;0
0;0.66249;0.65982;0
0;0.674601;0.662533;0
0;0.638571;0.65443;0
0;0.685753;0.665022;0
0;0.522366;0.627701;0
0;0.414419;0.602147;0
0;0.470623;0.615531;0
0;0.570295;0.638831;0
0;0.577078;0.640395;0
0;0.497514;0.621875;0
0;0.610463;0.648046;0
0;0.618965;0.649983;0
0;0.530601;0.629623;0
0;0.509319;0.624647;0
0;0.628422;0.652132;0
0;0.544992;0.632973;0
0;0.57211;0.63925;0
0;0.676789;0.663022;0
0;0.725909;0.673907;0
0;0.690274;0.666028;0
0;0.628007;0.652038;0
0;0.516659;0.626366;0
0;0.575259;0.639976;0
0;0.540682;0.631971;0
0;0.598137;0.64523;0
0;0.667671;0.660981;0
0;0.706374;0.669599;0
0;0.906246;0.712231;0
0;0.929621;0.716998;0
0;0.755239;0.680319;0
0;0.732492;0.675352;0
0;0.704725;0.669235;0
0;0.792127;0.688288;0
0;0.769048;0.683315;0
0;0.732538;0.675362;0
0;0.874606;0.705703;0
0;0.816052;0.693398;0
0;0.978758;0.726862;0
0;0.719248;0.672441;0
0;0.705001;0.669296;0
0;0.68852;0.665638;0
0;0.771682;0.683885;0
0;0.89323;0.709556;0
0;0.896248;0.710178;0
0;0.718772;0.672337;0
0;0.692146;0.666444;0
0;0.747867;0.678714;0
0;0.867738;0.704275;0
0;0.705274;0.669356;0
0;0.768221;0.683136;0
0;0.71864;0.672307;0
0;0.927372;0.716542;0
0;0.647224;0.656385;0
0;0.666197;0.660651;0
0;0.753375;0.679914;0
0;0.823899;0.695063;0
0;0.789181;0.687656;0
0;0.727069;0.674162;0
0;0.9392;0.718938;0
0;0.669037;0.661288;0
0;0.842171;0.698922;0
0;0.684557;0.664755;0
0;0.689576;0.665873;0
0;0.900135;0.710977;0
0;0.68213;0.664214;0
0;0.738707;0.676713;0
0;0.722745;0.673211;0
0;0.586803;0.642631;0
0;0.742156;0.677467;0
0;0.710735;0.670564;0
0;0.578484;0.640718;0
0;0.711212;0.670669;0
0;0.795041;0.688913;0
0;0.896136;0.710155;0
0;0.758628;0.681056;0
0;0.649752;0.656955;0
0;0.737071;0.676355;0
0;1.00191;0.731433;0
0;1.20541;0.769487;0
0;1.1449;0.758578;0
0;1.05907;0.742513;0
0;1.21284;0.770801;0
0;1.07394;0.745345;0
0;1.13974;0.757632;0
0;1.07849;0.746209;0
0;1.06424;0.743501;0
0;1.06743;0.744107;0
0;1.1349;0.756743;0
0;1.12414;0.754756;0
0;1.24736;0.776843;0
0;1.0897;0.748325;0
0;1.15647;0.760691;0
0;1.13889;0.757477;0
0;1.3223;0.789564;0
0;1.15976;0.761289;0
0;1.28328;0.783007;0
0;1.19061;0.766851;0
0;1.12562;0.755029;0
0;1.19018;0.766774;0
0;1.34127;0.792698;0
0;1.19565;0.767751;0
0;1.33278;0.791301;0
0;1.16546;0.762323;0
0;1.18264;0.765421;0
0;1.10889;0.751921;0
0;1.14608;0.758794;0
0;1.27881;0.782247;0
0;1.16287;0.761854;0
0;1.22956;0.773742;0
0;0.966826;0.724486;0
0;1.25912;0.778874;0
0;1.27104;0.780921;0
0;1.1769;0.764389;0
0;1.28553;0.78339;0
0;1.20447;0.769318;0
0;1.05423;0.741587;0
0;1.28907;0.783989;0
0;1.29493;0.78498;0
0;1.23682;0.775011;0
0;1.31812;0.788869;0
0;1.141;0.757864;0
0;1.06309;0.743281;0
0;1.05068;0.740906;0
0;1.11171;0.752448;0
0;1.17258;0.763612;0
0;1.28431;0.783183;0
0;1.05473;0.741682;0
0;1.51795;0.820236;0
0;1.23963;0.7755;0
0;1.13425;0.756622;0
0;1.36516;0.796596;0
0;1.19652;0.767905;0
0;1.17632;0.764285;0
0;1.3881;0.800288;0
0;1.29413;0.784845;0
0;1.37735;0.798565;0
0;1.17538;0.764116;0
0;1.13658;0.757052;0
0;1.2758;0.781734;0
0;1.1721;0.763525;0
0;1.20985;0.770272;0
0;1.17698;0.764404;0
0;1.08718;0.74785;0
0;0.190474;0.547475;0
0;0.212942;0.553035;0
0;0.230733;0.557429;0
0;0.269161;0.566887;0
0;0.548754;0.633847;0
0;0.0663364;0.516578;0
0;0.178617;0.544536;0
0;0.208326;0.551894;0
0;0.231365;0.557585;0
0;0.140003;0.534944;0
0;0.517238;0.626502;0
0;0.54436;0.632826;0
0;0.193293;0.548173;0
0;0.122754;0.53065;0
0;0.237774;0.559165;0
0;0.325865;0.580753;0
0;0.207123;0.551596;0
0;0.289186;0.571797;0
0;0.26605;0.566123;0
0;0.251279;0.562491;0
0;0.439697;0.608187;0
0;0.358407;0.588655;0
0;0.102621;0.525633;0
0;0.15508;0.538693;0
0;0.307512;0.576278;0
0;0.33258;0.582387;0
0;0.33598;0.583214;0
0;0.23656;0.558866;0
0;0.147616;0.536837;0
0;0.247218;0.561492;0
0;0.264523;0.565748;0
0;0.161521;0.540293;0
0;0.26618;0.566155;0
0;0.197228;0.549148;0
0;0.248977;0.561925;0
0;0.221111;0.555054;0
0;0.156094;0.538944;0
0;0.321987;0.579808;0
0;0.229147;0.557037;0
0;0.165295;0.54123;0
0;0.232105;0.557767;0
0;0.231316;0.557573;0
0;0.303828;0.575378;0
0;0.208866;0.552027;0
0;0.209555;0.552198;0
0;0.152305;0.538003;0
0;0.286991;0.571259;0
0;0.174082;0.543411;0
0;0.30884;0.576602;0
0;0.144534;0.536071;0
0;0.528279;0.629082;0
0;0.182605;0.545525;0
0;0.287934;0.57149;0
0;0.151021;0.537684;0
0;0.425874;0.604888;0
0;0.466816;0.61463;0
0;0.232511;0.557867;0
0;0.104238;0.526036;0
0;0.300724;0.57462;0
0;0.308826;0.576599;0
0;0.229805;0.5572;0
0;0.0752592;0.518806;0
0;0.180758;0.545067;0
0;0.209519;0.552189;0
0;0.170134;0.542431;0
0;0.212814;0.553004;0
0;0.285238;0.57083;0
0;0.289456;0.571863;0
0;0.241565;0.560099;0
0;0.413706;0.601976;0
0;0.524947;0.628304;0
0;0.439018;0.608025;0
0;0.54297;0.632503;0
0;0.376029;0.592915;0
0;0.629522;0.652381;0
0;0.709162;0.670216;0
0;0.452926;0.611335;0
0;0.413023;0.601813;0
0;0.547009;0.633441;0
0;0.315863;0.578316;0
0;0.378327;0.59347;0
0;0.357526;0.588441;0
0;0.569249;0.63859;0
0;0.490877;0.620313;0
0;0.299249;0.574259;0
0;0.429438;0.605739;0
0;0.287824;0.571463;0
0;0.203058;0.550591;0
0;0.520589;0.627286;0
0;0.353183;0.587389;0
0;0.431097;0.606136;0
0;0.445433;0.609553;0
0;0.310873;0.577098;0
0;0.550802;0.634322;0
0;0.37089;0.591674;0
0;0.310247;0.576946;0
0;0.305614;0.575814;0
0;0.374097;0.592448;0
0;0.346453;0.585757;0
0;0.245397;0.561043;0
0;0.295376;0.573312;0
0;0.456519;0.612188;0
0;0.238409;0.559322;0
0;0.316065;0.578365;0
0;0.250958;0.562412;0
0;0.214784;0.553491;0
0;0.328771;0.58146;0
0;0.408845;0.600811;0
0;0.352649;0.58726;0
0;0.263087;0.565395;0
0;0.399585;0.598588;0
0;0.273423;0.567933;0
0;0.316016;0.578353;0
0;0.248094;0.561707;0
0;0.295194;0.573267;0
0;0.397314;0.598042;0
0;0.360126;0.589071;0
0;0.475101;0.61659;0
0;0.339707;0.584119;0
0;0.415159;0.602324;0
0;0.405934;0.600112;0
0;0.251704;0.562596;0
0;0.381437;0.59422;0
0;0.366117;0.59052;0
0;0.368631;0.591128;0
0;0.323792;0.580248;0
0;0.338126;0.583735;0
0;0.225429;0.55612;0
0;0.363506;0.589889;0
0;0.16416;0.540948;0
0;0.338126;0.583735;0
0;0.400957;0.598918;0
0;0.305799;0.57586;0
0;0.362284;0.589593;0
0;0.159308;0.539743;0
0;0.441719;0.608669;0
0;0.504833;0.623594;0
0;0.280614;0.569697;0
0;0.25004;0.562186;0
0;0.240638;0.559871;0
0;0.378876;0.593602;0
0;0.563217;0.637197;0
0;0.668855;0.661247;0
0;0.769727;0.683462;0
0;0.654133;0.657941;0
0;0.667832;0.661017;0
0;0.780092;0.6857;0
0;0.59686;0.644938;0
0;0.597078;0.644988;0
0;0.550963;0.634359;0
0;0.50249;0.623044;0
0;0.541043;0.632055;0
0;0.575427;0.640014;0
0;0.554891;0.63527;0
0;0.585476;0.642326;0
0;0.566344;0.637919;0
0;0.571209;0.639042;0
0;0.57439;0.639776;0
0;0.51713;0.626477;0
0;0.481424;0.618084;0
0;0.464031;0.61397;0
0;0.497742;0.621929;0
0;0.515606;0.62612;0
0;0.398227;0.598262;0
0;0.321362;0.579656;0
0;0.224744;0.555951;0
0;0.294419;0.573078;0
0;0.507159;0.62414;0
0;0.503561;0.623296;0
0;0.506635;0.624017;0
0;0.359418;0.588899;0
0;0.483341;0.618536;0
0;0.579975;0.641062;0
0;0.245164;0.560986;0
0;0.449499;0.61052;0
0;0.660583;0.659391;0
0;0.489157;0.619908;0
0;0.61764;0.649682;0
0;0.578032;0.640614;0
0;0.340225;0.584245;0
0;0.475129;0.616597;0
0;0.497651;0.621907;0
0;0.358121;0.588585;0
0;0.467244;0.614731;0
0;0.591333;0.643671;0
0;0.258439;0.564253;0
0;0.35594;0.588057;0
0;0.417442;0.602871;0
0;0.52836;0.6291;0
0;0.462959;0.613716;0
0;0.246133;0.561224;0
0;0.353781;0.587534;0
0;0.477898;0.617251;0
0;0.409817;0.601044;0
0;0.249182;0.561975;0
0;0.313152;0.577654;0
0;0.375219;0.592719;0
0;0.40598;0.600124;0
0;0.356526;0.588199;0
0;0.412935;0.601791;0
0;0.482537;0.618347;0
0;0.368306;0.59105;0
0;0.4947;0.621213;0
0;0.327972;0.581266;0
0;0.242027;0.560213;0
0;0.257386;0.563994;0
0;0.222561;0.555412;0
0;0.278553;0.569191;0
0;0.255298;0.56348;0
0;0.298567;0.574092;0
0;0.324378;0.580391;0
0;0.428076;0.605414;0
0;0.339447;0.584056;0
0;0.245797;0.561142;0
0;1.27934;0.782338;0
0;1.38006;0.799001;0
0;1.38637;0.800011;0
0;1.38427;0.799675;0
0;1.29031;0.784199;0
0;1.61043;0.833471;0
0;1.28592;0.783456;0
0;1.60215;0.832319;0
0;1.30683;0.786982;0
0;1.36916;0.797244;0
0;1.45944;0.811447;0
0;1.74321;0.851094;0
0;1.42959;0.806837;0
0;1.7797;0.85566;0
0;0.995488;0.73017;0
0;1.4152;0.804584;0
0;1.05252;0.741259;0
0;1.34501;0.793313;0
0;1.29796;0.785492;0
0;0.94108;0.719318;0
0;1.27824;0.782149;0
0;1.49215;0.816401;0
0;1.04743;0.74028;0
0;1.20467;0.769355;0
0;1.30084;0.785976;0
0;1.31874;0.788972;0
0;1.11966;0.753925;0
0;1.13589;0.756924;0
0;1.3488;0.793934;0
0;1.06348;0.743354;0
0;1.3332;0.791369;0
0;1.10987;0.752105;0
0;1.12288;0.754522;0
0;1.8314;0.861929;0
0;1.07512;0.74557;0
0;1.17604;0.764235;0
0;1.61502;0.834107;0
0;1.0835;0.747156;0
0;1.40626;0.803175;0
0;0.942892;0.719683;0
0;1.15647;0.760691;0
0;1.50027;0.817615;0
0;1.14446;0.758497;0
0;1.36166;0.79603;0
0;1.17563;0.764162;0
0;1.26777;0.780361;0
0;1.21073;0.770428;0
0;1.00806;0.732641;0
0;1.34345;0.793056;0
0;0.827637;0.695855;0
0;1.10371;0.750954;0
0;1.33791;0.792146;0
0;1.41406;0.804405;0
0;1.16182;0.761663;0
0;1.09564;0.749442;0
0;1.66643;0.841099;0
0;1.26809;0.780416;0
0;1.30207;0.786183;0
0;1.21729;0.771586;0
0;1.66393;0.840765;0
0;1.23014;0.773844;0
0;1.46724;0.812637;0
0;1.39245;0.800983;0
0;1.32252;0.7896;0
0;1.11543;0.75314;0
0;1.28646;0.783548;0
0;1.00548;0.732134;0
0;1.27566;0.78171;0
0;0.938145;0.718725;0
0;1.16244;0.761776;0
0;0.467888;0.614884;0
0;0.527153;0.628819;0
0;0.501497;0.622811;0
0;0.788462;0.687501;0
0;0.452224;0.611168;0
0;0.524136;0.628114;0
0;0.586551;0.642573;0
0;0.317973;0.57883;0
0;0.447645;0.610079;0
0;0.385407;0.595177;0
0;0.592039;0.643833;0
0;0.307109;0.57618;0
0;0.469665;0.615304;0
0;0.319581;0.579222;0
0;0.306487;0.576027;0
0;0.364923;0.590232;0
0;0.338728;0.583881;0
0;0.404628;0.599799;0
0;0.27557;0.56846;0
0;0.497371;0.621841;0
0;0.362794;0.589717;0
0;0.447567;0.610061;0
0;0.450998;0.610876;0
0;0.479407;0.617608;0
0;0.528193;0.629062;0
0;0.597172;0.645009;0
0;0.526641;0.628699;0
0;0.780654;0.685821;0
0;0.447311;0.61;0
0;0.623227;0.650952;0
0;0.558909;0.6362;0
0;0.471339;0.615701;0
0;0.508573;0.624472;0
0;0.58766;0.642828;0
0;0.701049;0.66842;0
0;0.586266;0.642508;0
0;0.588437;0.643006;0
0;0.484926;0.61891;0
0;0.65849;0.658921;0
0;0.638708;0.654461;0
0;0.613912;0.648833;0
0;0.527493;0.628898;0
0;0.612057;0.64841;0
0;0.496744;0.621694;0
0;0.627347;0.651888;0
0;0.637451;0.654177;0
0;1.02813;0.736553;0
0;0.723501;0.673378;0
0;0.683792;0.664584;0
0;0.885825;0.708028;0
0;1.38497;0.799788;0
0;0.705226;0.669345;0
0;0.215426;0.553649;0
0;0.416611;0.602672;0
0;0.575188;0.639959;0
0;0.561135;0.636715;0
0;0.491093;0.620364;0
0;0.628882;0.652236;0
0;0.405263;0.599951;0
0;0.526392;0.628641;0
0;0.700761;0.668356;0
0;0.618932;0.649976;0
0;0.52523;0.62837;0
0;0.434786;0.607016;0
0;0.552695;0.634761;0
0;0.57714;0.640409;0
0;0.529166;0.629288;0
0;0.64604;0.656118;0
0;0.401021;0.598933;0
0;0.47695;0.617028;0
0;0.551264;0.634429;0
0;1.06172;0.74302;0
0;1.3373;0.792046;0
0;1.12308;0.754559;0
0;1.05107;0.740981;0
0;1.18561;0.765955;0
0;1.21376;0.770963;0
0;1.18593;0.766012;0
0;1.19178;0.76706;0
0;1.2415;0.775825;0
0;1.26371;0.779664;0
0;1.08331;0.74712;0
0;1.10925;0.751988;0
0;1.22056;0.772162;0
0;1.17349;0.763776;0
0;0.869614;0.704665;0
0;1.1617;0.761641;0
0;1.19944;0.768425;0
0;1.03989;0.73883;0
0;1.30013;0.785858;0
0;1.2237;0.772713;0
0;1.0624;0.743149;0
0;1.07487;0.745522;0
0;1.07252;0.745076;0
0;1.13453;0.756674;0
0;1.11497;0.753055;0
0;1.07014;0.744623;0
0;1.15862;0.761083;0
0;1.20861;0.770054;0
0;1.21496;0.771176;0
0;0.999644;0.730989;0
0;1.2449;0.776415;0
0;1.30173;0.786125;0
0;1.31419;0.788214;0
0;1.2666;0.78016;0
0;1.12018;0.754023;0
0;1.34588;0.793456;0
0;1.34884;0.793939;0
0;1.27943;0.782353;0
0;1.33382;0.791472;0
0;1.2384;0.775286;0
0;1.22456;0.772864;0
0;1.18645;0.766106;0
0;1.21849;0.771798;0
0;1.21291;0.770814;0
0;1.20775;0.7699;0
0;1.21632;0.771416;0
0;1.15163;0.759808;0
0;1.15496;0.760416;0
0;1.17328;0.763737;0
0;1.06665;0.74396;0
0;1.20924;0.770165;0
0;1.15382;0.760208;0
0;1.27867;0.782222;0
0;1.17465;0.763984;0
0;1.19912;0.768368;0
0;1.19606;0.767823;0
0;1.22257;0.772515;0
0;1.07005;0.744606;0
0;1.21591;0.771344;0
0;1.18443;0.765744;0
0;1.22288;0.772569;0
0;1.1623;0.76175;0
0;1.29378;0.784787;0
0;1.05497;0.741728;0
0;1.24846;0.777034;0
0;1.1392;0.757533;0
0;1.1258;0.755063;0
0;1.067;0.744027;0
0;1.07641;0.745815;0
0;1.19776;0.768127;0
0;0.634208;0.653443;0
0;0.688465;0.665625;0
0;0.641524;0.655098;0
0;0.756287;0.680547;0
0;0.497992;0.621987;0
0;0.578602;0.640746;0
0;0.567074;0.638088;0
0;0.633051;0.653181;0
0;0.654243;0.657966;0
0;0.735409;0.675991;0
0;0.624925;0.651338;0
0;0.617894;0.64974;0
0;0.812174;0.692573;0
0;0.517095;0.626468;0
0;0.858194;0.702283;0
0;0.669725;0.661442;0
0;0.800666;0.690117;0
0;0.937452;0.718585;0
0;0.99341;0.729761;0
0;0.638393;0.65439;0
0;0.689507;0.665857;0
0;0.682902;0.664386;0
0;0.68489;0.664829;0
0;0.632784;0.65312;0
0;0.565655;0.63776;0
0;0.659755;0.659205;0
0;0.680388;0.663825;0
0;0.615524;0.6492;0
0;0.717185;0.671987;0
0;0.707054;0.66975;0
0;0.550475;0.634246;0
0;0.660224;0.659311;0
0;0.753432;0.679926;0
0;0.962198;0.723562;0
0;0.748556;0.678864;0
0;0.907236;0.712434;0
0;0.837945;0.698032;0
0;0.816829;0.693563;0
0;0.905729;0.712125;0
0;0.968866;0.724893;0
0;0.936758;0.718444;0
0;0.692574;0.666539;0
0;0.640872;0.65495;0
0;0.674021;0.662403;0
0;0.680494;0.663849;0
0;0.730321;0.674876;0
0;0.756252;0.680539;0
0;0.725874;0.673899;0
0;0.762069;0.681803;0
0;0.858711;0.702391;0
0;0.809566;0.692017;0
0;0.634391;0.653484;0
0;0.634876;0.653594;0
0;0.675276;0.662684;0
0;0.601958;0.646104;0
0;0.847346;0.70001;0
0;0.732199;0.675288;0
0;0.838338;0.698115;0
0;1.00116;0.731286;0
0;0.618889;0.649966;0
0;0.770151;0.683554;0
0;0.571496;0.639108;0
0;0.69807;0.66776;0
0;0.58621;0.642495;0
0;0.264505;0.565743;0
0;0.308443;0.576505;0
0;0.507164;0.624141;0
0;0.442316;0.608811;0
0;0.214791;0.553492;0
0;0.123947;0.530947;0
0;0.325119;0.580571;0
0;0.185836;0.546326;0
0;0.15804;0.539428;0
0;0.19802;0.549344;0
0;0.134872;0.533667;0
0;0.170895;0.54262;0
0;0.172309;0.542971;0
0;0.260729;0.564816;0
0;0.249666;0.562094;0
0;0.0436854;0.51092;0
0;0.175827;0.543844;0
0;0.0868871;0.521708;0
0;0.0590138;0.514749;0
0;0.223947;0.555754;0
0;0.350744;0.586798;0
0;0.252223;0.562724;0
0;0.455077;0.611846;0
0;0.401589;0.599069;0
0;0.471113;0.615647;0
0;0.426801;0.60511;0
0;0.305618;0.575815;0
0;0.23999;0.559711;0
0;0.297458;0.573821;0
0;0.408837;0.600809;0
0;0.614964;0.649072;0
0;0.341631;0.584587;0
0;0.38379;0.594787;0
0;0.424134;0.604472;0
0;0.257823;0.564101;0
0;0.384457;0.594948;0
0;0.190747;0.547543;0
0;0.10901;0.527226;0
0;0.245834;0.561151;0
0;0.419877;0.603454;0
0;0.604688;0.646728;0
0;0.289026;0.571758;0
0;0.25597;0.563645;0
0;0.254416;0.563263;0
0;0.23563;0.558637;0
0;0.222483;0.555392;0
0;0.0644083;0.516097;0
0;0.249466;0.562045;0
0;0.292583;0.572628;0
0;0.300028;0.574449;0
0;0.246315;0.561269;0
0;0.21296;0.55304;0
0;-0.021565;0.494609;1
0;0.189278;0.547179;0
0;0.060529;0.515128;0
0;0.222114;0.555301;0
0;0.0691724;0.517286;0
0;0.175851;0.54385;0
0;0.195739;0.548779;0
0;0.0643933;0.516093;0
0;0.0801999;0.520039;0
0;0.10547;0.526343;0
0;0.100407;0.525081;0
0;0.351326;0.586939;0
0;0.311123;0.577159;0
0;0.444204;0.60926;0
0;0.207233;0.551624;0
0;0.0369935;0.509247;0
0;0.381445;0.594222;0
0;-0.0182693;0.495433;1
0;-0.00893569;0.497766;1
0;0.15387;0.538392;0
0;0.0120039;0.503001;0
0;0.0286267;0.507156;0
0;0.0637028;0.51592;0
0;-0.0329049;0.491774;1
0;-0.0795724;0.480117;1
0;-0.119814;0.470082;1
0;-0.0300725;0.492482;1
0;0.106093;0.526498;0
0;0.0917056;0.52291;0
0;-0.000353818;0.499912;1
0;-0.0630946;0.484232;1
0;0.00242352;0.500606;0
0;-0.198722;0.450482;1
0;-0.0879071;0.478037;1
0;-0.0614173;0.48465;1
0;-0.089335;0.477681;1
0;-0.0984628;0.475404;1
0;-0.051182;0.487207;1
0;0.00798797;0.501997;0
0;-0.0566099;0.485851;1
0;-0.0283401;0.492915;1
0;-0.00701094;0.498247;1
0;0.024863;0.506215;0
0;0.0482359;0.512057;0
0;0.0403688;0.510091;0
0;0.0600698;0.515013;0
0;-0.181495;0.45475;1
0;-0.125404;0.46869;1
0;-0.0614152;0.484651;1
0;-0.187157;0.453347;1
0;-0.262177;0.434829;1
0;-0.279771;0.43051;1
0;-0.211988;0.4472;1
0;-0.127493;0.46817;1
0;-0.217254;0.445899;1
0;-0.209563;0.4478;1
0;-0.256025;0.436341;1
0;-0.317124;0.421377;1
0;-0.128829;0.467837;1
0;-0.226164;0.443699;1
0;-0.209555;0.447802;1
0;-0.286274;0.428916;1
0;-0.284708;0.4293;1
0;-0.213654;0.446789;1
0;-0.370667;0.40838;1
0;-0.267505;0.43352;1
0;-0.272984;0.432175;1
0;-0.26282;0.43467;1
0;-0.174652;0.456448;1
0;-0.179655;0.455207;1
0;-0.301027;0.425307;1
0;-0.168694;0.457926;1
0;-0.420269;0.396452;1
0;-0.243061;0.439532;1
0;-0.2867;0.428812;1
0;-0.274116;0.431897;1
0;-0.285671;0.429064;1
0;-0.167999;0.458099;1
0;-0.262876;0.434657;1
0;-0.107203;0.473225;1
0;0.0268371;0.506709;0
0;-0.0923977;0.476917;1
0;-0.0956471;0.476106;1
0;-0.0758245;0.481053;1
0;0.550044;0.634146;0
0;0.529143;0.629283;0
0;0.535839;0.630844;0
0;0.549235;0.633958;0
0;0.406657;0.600286;0
0;0.472332;0.615936;0
0;0.490468;0.620217;0
0;0.569922;0.638745;0
0;0.461644;0.613404;0
0;0.483647;0.618609;0
0;0.546784;0.633389;0
0;0.52818;0.629059;0
0;0.635606;0.65376;0
0;0.409678;0.601011;0
0;0.563127;0.637176;0
0;0.660148;0.659294;0
0;0.568363;0.638385;0
0;0.545866;0.633176;0
0;0.590792;0.643547;0
0;0.556972;0.635752;0
0;0.672005;0.661952;0
0;0.501773;0.622876;0
0;0.520224;0.6272;0
0;0.484971;0.618921;0
0;0.554938;0.63528;0
0;0.606499;0.647142;0
0;0.542916;0.632491;0
0;0.448055;0.610177;0
0;0.544646;0.632892;0
0;0.531334;0.629794;0
0;0.439956;0.608249;0
0;0.502886;0.623137;0
0;0.458071;0.612556;0
0;0.540716;0.631979;0
0;0.465524;0.614324;0
0;0.523958;0.628073;0
0;0.399871;0.598657;0
0;0.443703;0.609141;0
0;0.728121;0.674393;0
0;0.485347;0.61901;0
0;0.488091;0.619657;0
0;0.536995;0.631113;0
0;0.549284;0.633969;0
0;0.59992;0.645638;0
0;0.47002;0.615388;0
0;0.340146;0.584226;0
0;0.480053;0.61776;0
0;0.524612;0.628226;0
0;0.442039;0.608745;0
0;0.345332;0.585485;0
0;0.732699;0.675397;0
0;0.584734;0.642156;0
0;0.553492;0.634945;0
0;0.647498;0.656447;0
0;0.562196;0.63696;0
0;0.563055;0.637159;0
0;0.548207;0.633719;0
0;0.647905;0.656538;0
1;-1.12939;0.244273;1
1;-1.10973;0.247922;1
1;-1.00365;0.268225;1
1;-0.76757;0.317005;1
1;-1.10079;0.249592;1
1;-1.19321;0.232685;1
1;-1.14774;0.240902;1
1;-1.20936;0.229814;1
1;-1.14079;0.242175;1
1;-1.17873;0.235281;1
1;-1.19884;0.231681;1
1;-1.07089;0.255234;1
1;-1.14166;0.242015;1
1;-1.04198;0.260768;1
1;-1.06205;0.256917;1
1;-1.09379;0.250905;1
1;-1.17178;0.236534;1
1;-0.984373;0.272025;1
1;-1.22237;0.227519;1
1;-1.23517;0.225279;1
1;-1.08888;0.25183;1
1;-0.981251;0.272644;1
1;-1.14839;0.240784;1
1;-1.12954;0.244245;1
1;-1.10877;0.2481;1
1;-1.20145;0.231218;1
1;-1.10152;0.249456;1
1;-1.18894;0.233448;1
1;-1.13599;0.243057;1
1;-1.28542;0.216629;1
1;-1.2689;0.219445;1
1;-1.12689;0.244735;1
1;-1.26831;0.219546;1
1;-0.989153;0.271079;1
1;-1.21679;0.228502;1
1;-1.30713;0.212968;1
1;-0.997694;0.269395;1
1;-1.25251;0.222266;1
1;-1.22879;0.226393;1
1;-1.17321;0.236275;1
1;-1.20434;0.230704;1
1;-1.15156;0.240204;1
1;-1.2313;0.225953;1
1;-1.28281;0.217072;1
1;-1.12176;0.245685;1
1;-1.27716;0.218034;1
1;-1.24348;0.223831;1
1;-0.862274;0.296864;1
1;-1.33797;0.207844;1
1;-1.27609;0.218216;1
1;-1.35606;0.204881;1
1;-1.10023;0.249698;1
1;-0.81406;0.307026;1
1;-0.953778;0.278126;1
1;-1.30788;0.212842;1
1;-1.11866;0.24626;1
1;-1.2263;0.226829;1
1;-1.29473;0.215053;1
1;-1.21011;0.229682;1
1;-1.28586;0.216554;1
1;-1.12883;0.244377;1
1;-1.15495;0.239586;1
1;-1.17618;0.23574;1
1;-1.28204;0.217203;1
1;-1.23497;0.225313;1
1;-1.17717;0.235561;1
1;-1.34905;0.206026;1
1;-1.29087;0.215705;1
1;-1.16464;0.237825;1
1;-1.24536;0.223504;1
1;-1.12263;0.245523;1
1;-1.20984;0.229729;1
1;-1.19032;0.233202;1
1;-1.14414;0.241561;1
1;-1.02539;0.263979;1
1;-1.10293;0.249191;1
1;-1.21951;0.228022;1
1;-1.18543;0.234078;1
1;-1.04428;0.260325;1
1;-1.47999;0.185429;1
1;-1.08086;0.253343;1
1;-1.28313;0.217019;1
1;-1.38049;0.200931;1
1;-1.21018;0.229669;1
1;-0.939515;0.280998;1
1;0.680562;0.663864;0
1;0.82212;0.694686;0
1;-1.30488;0.213345;1
1;-1.2271;0.226689;1
1;0.795486;0.689008;0
1;-1.59312;0.168946;1
1;0.634813;0.65358;0
1;0.793446;0.688571;0
1;0.846826;0.699901;0
1;0.843894;0.699285;0
1;0.869388;0.704618;0
1;-1.09181;0.251278;1
1;0.940391;0.719179;0
1;-1.43484;0.192346;1
1;0.935857;0.718262;0
1;0.749502;0.67907;0
1;0.745944;0.678294;0
1;0.805879;0.691231;0
1;0.786516;0.687083;0
1;0.697217;0.66757;0
1;0.834899;0.69739;0
1;0.638083;0.65432;0
1;0.67907;0.663531;0
1;-1.20433;0.230705;1
1;-1.1453;0.241348;1
1;-1.36015;0.204216;1
1;-1.27402;0.218569;1
1;0.941691;0.719441;0
1;-1.01817;0.265385;1
1;0.749661;0.679105;0
1;0.760129;0.681382;0
1;0.661256;0.659542;0
1;0.732523;0.675359;0
1;-1.3153;0.211601;1
1;-1.44021;0.191512;1
1;0.921194;0.715285;0
1;0.816737;0.693543;0
1;0.936143;0.71832;0
1;-1.49751;0.182797;1
1;-1.5672;0.172616;1
1;-1.1936;0.232615;1
1;0.564444;0.63748;0
1;0.688868;0.665715;0
1;-1.15536;0.239512;1
1;0.812475;0.692637;0
1;0.865083;0.703722;0
1;0.741084;0.677233;0
1;0.735335;0.675975;0
1;-1.05878;0.257543;1
1;-1.3544;0.205151;1
1;-1.60258;0.167621;1
1;-1.1709;0.236692;1
1;-1.63628;0.162972;1
1;-1.58251;0.17044;1
1;-1.25849;0.221234;1
1;-1.70601;0.153682;1
1;-1.40986;0.196256;1
1;-0.698825;0.332073;1
1;-1.80275;0.141517;1
1;-0.702614;0.331233;1
1;-1.72657;0.151026;1
1;-1.77873;0.14446;1
1;-0.800985;0.309815;1
1;-0.650791;0.342811;1
1;-1.69737;0.154809;1
1;-1.42313;0.194171;1
1;-0.591955;0.356186;1
1;-1.69361;0.155301;1
1;-0.734967;0.324106;1
1;-0.771182;0.316223;1
1;-1.54155;0.176311;1
1;-1.40663;0.196766;1
1;-0.757689;0.319148;1
1;-1.69587;0.155006;1
1;-1.66625;0.158925;1
1;-0.606064;0.352958;1
1;-0.792807;0.311566;1
1;-0.647117;0.34364;1
1;-1.60034;0.167934;1
1;-0.784579;0.313334;1
1;-1.50326;0.181939;1
1;-1.73406;0.15007;1
1;-0.63237;0.346973;1
1;-1.09635;0.250425;1
1;-0.6296;0.347601;1
1;-1.27739;0.217995;1
1;-0.759141;0.318833;1
1;-1.71427;0.152611;1
1;-0.564724;0.362455;1
1;-1.76342;0.146362;1
1;-0.65709;0.341394;1
1;-1.18816;0.233588;1
1;-0.576558;0.359725;1
1;-1.3208;0.210685;1
1;-1.6682;0.158664;1
1;-1.63938;0.16255;1
1;-1.72877;0.150745;1
1;-1.63429;0.163244;1
1;-0.673518;0.33771;1
1;-1.554;0.17451;1
1;-0.663414;0.339973;1
1;-1.32088;0.210672;1
1;-1.48702;0.18437;1
1;-0.740728;0.322845;1
1;-1.75247;0.147735;1
1;-1.05277;0.258693;1
1;-1.79251;0.142766;1
1;-0.679273;0.336424;1
1;-1.67653;0.157556;1
1;-1.25229;0.222305;1
1;-0.917006;0.285568;1
1;-1.08192;0.253142;1
1;-0.96751;0.275377;1
1;-0.839784;0.30158;1
1;-0.96641;0.275597;1
1;-0.913936;0.286195;1
1;-0.98534;0.271834;1
1;-1.10748;0.248341;1
1;-0.91813;0.285339;1
1;-0.940919;0.280715;1
1;-1.22916;0.226329;1
1;-1.31898;0.210987;1
1;-1.19301;0.232722;1
1;-1.26172;0.220678;1
1;-1.16583;0.23761;1
1;-0.960792;0.27672;1
1;-1.19374;0.232592;1
1;-0.996065;0.269716;1
1;-0.912544;0.286479;1
1;-1.13159;0.243868;1
1;-0.910899;0.286816;1
1;-1.29488;0.215028;1
1;-1.01002;0.266976;1
1;-1.03624;0.261875;1
1;-1.33685;0.208028;1
1;-1.05979;0.25735;1
1;-1.05725;0.257835;1
1;-1.07972;0.253559;1
1;-0.84692;0.300079;1
1;-0.983351;0.272227;1
1;-1.28083;0.21741;1
1;-1.28754;0.21627;1
1;-1.031;0.262889;1
1;-1.0514;0.258956;1
1;-1.20389;0.230784;1
1;-0.853023;0.298799;1
1;-1.16602;0.237576;1
1;-0.972266;0.274429;1
1;-0.990582;0.270797;1
1;-0.940517;0.280796;1
1;-1.15883;0.23888;1
1;-1.10336;0.249112;1
1;-1.24079;0.224298;1
1;-0.920093;0.284939;1
1;-1.08972;0.251671;1
1;-1.29974;0.21421;1
1;-1.09352;0.250955;1
1;-1.01589;0.265828;1
1;-1.02687;0.263691;1
1;-1.24445;0.223663;1
1;-1.22791;0.226547;1
1;-0.957859;0.277307;1
1;-1.25057;0.222601;1
1;-0.968257;0.275228;1
1;-0.81;0.307891;1
1;-1.24102;0.224258;1
1;-1.09033;0.251557;1
1;-0.764343;0.317704;1
1;-1.39056;0.199318;1
1;-1.06467;0.256417;1
1;-1.20141;0.231225;1
1;-1.30048;0.214085;1
1;-0.626134;0.348388;1
1;-0.355208;0.41212;1
1;-0.443881;0.390817;1
1;-0.472245;0.384085;1
1;-0.454516;0.388288;1
1;-0.489183;0.380086;1
1;-0.454529;0.388285;1
1;-0.590269;0.356573;1
1;-0.602994;0.353659;1
1;-0.417054;0.397222;1
1;-0.43197;0.393656;1
1;-0.410105;0.398887;1
1;-0.355745;0.41199;1
1;-0.388371;0.40411;1
1;-0.365664;0.409589;1
1;-0.249145;0.438034;1
1;-0.397309;0.401959;1
1;-0.433735;0.393235;1
1;-0.387685;0.404275;1
1;-0.487702;0.380435;1
1;-0.338106;0.41627;1
1;-0.432753;0.393469;1
1;-0.550822;0.365674;1
1;-0.439101;0.391955;1
1;-0.464628;0.385889;1
1;-0.539623;0.368275;1
1;-0.472149;0.384108;1
1;-0.540614;0.368045;1
1;-0.489509;0.380009;1
1;-0.516841;0.373591;1
1;-0.451751;0.388945;1
1;-0.320319;0.420598;1
1;-0.587326;0.357249;1
1;-0.634451;0.346502;1
1;-0.442334;0.391185;1
1;-0.620057;0.349768;1
1;-0.417974;0.397002;1
1;-0.525539;0.371558;1
1;-0.384608;0.405016;1
1;-0.496671;0.378323;1
1;-0.368891;0.408809;1
1;-0.36075;0.410778;1
1;-0.339902;0.415833;1
1;-0.307873;0.423634;1
1;-0.377437;0.406745;1
1;-0.51712;0.373526;1
1;-0.405532;0.399984;1
1;-0.515416;0.373925;1
1;-0.44977;0.389415;1
1;-0.474848;0.383469;1
1;-0.527415;0.37112;1
1;-0.26876;0.433211;1
1;-0.576738;0.359684;1
1;-1.0499;0.259244;1
1;-0.986901;0.271525;1
1;-0.995216;0.269883;1
1;-0.909145;0.287175;1
1;-1.20672;0.230282;1
1;-1.18345;0.234433;1
1;-1.148;0.240855;1
1;-1.06948;0.255502;1
1;-1.18985;0.233285;1
1;-1.3352;0.2083;1
1;-0.919802;0.284998;1
1;-0.947101;0.279468;1
1;-1.03348;0.26241;1
1;-0.937148;0.281477;1
1;-1.01951;0.265122;1
1;-1.2239;0.227251;1
1;-1.28205;0.217201;1
1;-1.4371;0.191994;1
1;-1.18214;0.234668;1
1;-0.989989;0.270914;1
1;-1.14986;0.240514;1
1;-1.29167;0.21557;1
1;-0.991509;0.270614;1
1;-1.02736;0.263597;1
1;-1.24142;0.224189;1
1;-0.837995;0.301957;1
1;-1.29866;0.21439;1
1;-1.10346;0.249092;1
1;-1.08934;0.251743;1
1;-1.21384;0.229022;1
1;-1.14231;0.241897;1
1;-0.978109;0.273267;1
1;-1.1703;0.2368;1
1;-1.18323;0.234473;1
1;-1.10423;0.248949;1
1;-1.0795;0.2536;1
1;-1.10724;0.248385;1
1;-0.399433;0.401449;1
1;-0.537315;0.368812;1
1;-0.536462;0.369011;1
1;-0.5331;0.369794;1
1;-0.3792;0.40632;1
1;-0.347175;0.414068;1
1;-0.533815;0.369627;1
1;-0.388373;0.404109;1
1;-0.408246;0.399333;1
1;-0.314226;0.422083;1
1;-0.64585;0.343925;1
1;-0.627522;0.348073;1
1;-0.513192;0.374445;1
1;-0.29292;0.427289;1
1;-0.758332;0.319009;1
1;-0.268025;0.433392;1
1;-0.431204;0.393839;1
1;-0.298334;0.425965;1
1;-0.363792;0.410042;1
1;-0.52414;0.371885;1
1;-0.645293;0.344051;1
1;-0.641628;0.344879;1
1;-0.499013;0.377773;1
1;-0.592565;0.356047;1
1;-0.386912;0.404461;1
1;-0.603894;0.353453;1
1;-0.403904;0.400375;1
1;-0.590705;0.356473;1
1;-0.622889;0.349125;1
1;-0.686694;0.334769;1
1;-0.646213;0.343843;1
1;-0.325509;0.419334;1
1;-0.533211;0.369768;1
1;-0.249934;0.43784;1
1;-0.403211;0.400541;1
1;-0.747607;0.321343;1
1;-0.473317;0.383831;1
1;-0.524473;0.371807;1
1;-0.460128;0.386955;1
1;-0.550643;0.365715;1
1;-0.495424;0.378617;1
1;-0.534275;0.36952;1
1;-0.529958;0.370527;1
1;-0.474736;0.383496;1
1;-0.713963;0.328724;1
1;-0.631675;0.347131;1
1;-0.414623;0.397804;1
1;-0.366315;0.409432;1
1;-0.476379;0.383108;1
1;-0.479639;0.382337;1
1;-0.455816;0.387979;1
1;-0.47175;0.384202;1
1;-0.390055;0.403704;1
1;-0.395987;0.402277;1
1;-0.708824;0.329859;1
1;-0.4087;0.399224;1
1;-0.67151;0.338159;1
1;-0.672857;0.337857;1
1;-0.354069;0.412396;1
1;-0.393177;0.402953;1
1;-0.685184;0.335105;1
1;-0.526248;0.371393;1
1;-0.50105;0.377294;1
1;-1.07229;0.254968;1
1;-0.879859;0.293207;1
1;-0.693201;0.333321;1
1;-0.95924;0.27703;1
1;-0.594104;0.355694;1
1;-0.579478;0.359053;1
1;-0.659311;0.340894;1
1;-0.526716;0.371283;1
1;-1.12461;0.245157;1
1;-0.680239;0.336208;1
1;-0.446705;0.390144;1
1;-0.672166;0.338012;1
1;-0.573526;0.360424;1
1;-0.697954;0.332266;1
1;-0.766285;0.317283;1
1;-0.581108;0.358678;1
1;-0.861072;0.297115;1
1;-0.95862;0.277155;1
1;-0.875062;0.294202;1
1;-0.943636;0.280167;1
1;-0.946317;0.279626;1
1;-0.732675;0.324608;1
1;-0.803358;0.309308;1
1;-0.827283;0.30422;1
1;-0.596622;0.355117;1
1;-0.766706;0.317192;1
1;-0.911595;0.286674;1
1;-0.944024;0.280088;1
1;-0.89686;0.289696;1
1;-0.651443;0.342664;1
1;-0.711238;0.329325;1
1;-0.802976;0.309389;1
1;-0.657335;0.341338;1
1;-0.819052;0.305965;1
1;-0.98789;0.271329;1
1;-0.819375;0.305896;1
1;-0.627686;0.348035;1
1;-0.630614;0.347371;1
1;-0.730969;0.324982;1
1;-0.968974;0.275085;1
1;-0.762444;0.318116;1
1;-1.03083;0.262924;1
1;-1.01628;0.265752;1
1;-0.959439;0.276991;1
1;-0.865997;0.296088;1
1;-1.07825;0.253836;1
1;-0.910874;0.286821;1
1;-0.750075;0.320805;1
1;-0.740792;0.322831;1
1;-0.81473;0.306883;1
1;-0.816053;0.306602;1
1;-0.859763;0.297389;1
1;-0.775924;0.315199;1
1;-1.09782;0.250149;1
1;-0.560923;0.363334;1
1;-1.01294;0.266405;1
1;-0.810863;0.307707;1
1;-0.368177;0.408982;1
1;-0.870263;0.2952;1
1;-0.954745;0.277932;1
1;-0.965777;0.275723;1
1;-0.602767;0.353711;1
1;-0.597729;0.354863;1
1;-0.45989;0.387012;1
1;-0.55199;0.365403;1
1;-0.615661;0.350769;1
1;-0.476882;0.382989;1
1;-0.572138;0.360744;1
1;-0.556973;0.364248;1
1;-0.589238;0.35681;1
1;-0.514396;0.374164;1
1;-0.492148;0.379388;1
1;-0.427989;0.394607;1
1;-0.399925;0.40133;1
1;-0.649527;0.343096;1
1;0.0759168;0.51897;0
1;-0.477011;0.382958;1
1;-0.503368;0.37675;1
1;-0.397852;0.401829;1
1;-0.671063;0.338259;1
1;-0.525428;0.371584;1
1;-0.592208;0.356128;1
1;0.076719;0.51917;0
1;0.16712;0.541683;0
1;-0.50757;0.375763;1
1;0.102255;0.525542;0
1;-0.530674;0.37036;1
1;-0.537377;0.368798;1
1;-0.537269;0.368823;1
1;-0.549483;0.365984;1
1;0.056128;0.514028;0
1;-0.631871;0.347087;1
1;0.12466;0.531125;0
1;-0.658979;0.340969;1
1;-0.541218;0.367904;1
1;-0.565722;0.362225;1
1;-0.626344;0.34834;1
1;0.0898487;0.522447;0
1;-0.530155;0.370481;1
1;-0.587855;0.357127;1
1;-0.419578;0.396618;1
1;-0.578544;0.359268;1
1;-0.519829;0.372892;1
1;-0.783504;0.313565;1
1;-0.616827;0.350503;1
1;-0.642237;0.344741;1
1;-0.567962;0.361707;1
1;-0.501172;0.377265;1
1;-0.529015;0.370747;1
1;-0.489686;0.379968;1
1;-0.43658;0.392556;1
1;-0.551448;0.365528;1
1;0.841751;0.698834;0
1;0.629093;0.652284;0
1;0.607747;0.647427;0
1;0.810497;0.692215;0
1;0.521164;0.62742;0
1;0.594718;0.644447;0
1;0.748568;0.678867;0
1;0.455684;0.61199;0
1;0.768638;0.683226;0
1;0.565944;0.637827;0
1;0.432107;0.606377;0
1;0.662396;0.659798;0
1;0.44716;0.609964;0
1;0.531423;0.629815;0
1;0.647671;0.656485;0
1;0.638084;0.65432;0
1;0.426106;0.604943;0
1;0.579588;0.640972;0
1;0.59917;0.645467;0
1;0.463507;0.613846;0
1;0.648128;0.656588;0
1;0.561233;0.636738;0
1;0.849377;0.700436;0
1;0.57598;0.640142;0
1;0.520681;0.627307;0
1;0.658067;0.658826;0
1;0.824353;0.69516;0
1;0.81464;0.693097;0
1;0.684714;0.66479;0
1;0.673325;0.662247;0
1;0.737725;0.676498;0
1;0.444795;0.609401;0
1;0.71896;0.672378;0
1;0.544944;0.632962;0
1;0.631911;0.652923;0
1;0.611088;0.648189;0
1;0.574747;0.639858;0
1;0.748842;0.678926;0
1;0.582057;0.641541;0
1;0.565061;0.637623;0
1;0.615762;0.649254;0
1;0.750175;0.679217;0
1;0.664616;0.660297;0
1;0.319324;0.579159;0
1;0.539649;0.631731;0
1;0.798822;0.689722;0
1;0.572053;0.639237;0
1;0.381549;0.594247;0
1;0.718314;0.672236;0
1;0.65583;0.658323;0
1;0.678502;0.663404;0
1;0.501743;0.622869;0
1;0.421745;0.603901;0
1;0.482306;0.618292;0
1;0.635466;0.653728;0
1;-0.368416;0.408924;1
1;-0.490257;0.379833;1
1;-0.37528;0.407266;1
1;-0.45868;0.387299;1
1;-0.462055;0.386499;1
1;-0.464427;0.385936;1
1;-0.362492;0.410357;1
1;-0.564162;0.362585;1
1;-0.492593;0.379283;1
1;-0.487582;0.380463;1
1;-0.592493;0.356063;1
1;-0.634008;0.346602;1
1;-0.523865;0.371949;1
1;-0.480089;0.382231;1
1;-0.510987;0.374962;1
1;-0.510784;0.37501;1
1;-0.520344;0.372772;1
1;-0.532188;0.370007;1
1;-0.40373;0.400417;1
1;-0.521739;0.372446;1
1;-0.406677;0.399709;1
1;-0.487188;0.380556;1
1;-0.471059;0.384366;1
1;-0.484069;0.381292;1
1;-0.404875;0.400142;1
1;-0.525548;0.371556;1
1;-0.520455;0.372746;1
1;-0.428335;0.394524;1
1;-0.512805;0.374536;1
1;-1.29303;0.21534;1
1;-1.37966;0.201064;1
1;-1.20819;0.230022;1
1;-1.56187;0.173378;1
1;-1.48073;0.185317;1
1;-1.47446;0.186265;1
1;-1.49497;0.183177;1
1;-1.3767;0.20154;1
1;-1.39682;0.198321;1
1;-1.34863;0.206095;1
1;-1.25982;0.221005;1
1;-1.37719;0.201461;1
1;-1.4104;0.19617;1
1;-1.36342;0.203685;1
1;-1.47094;0.186799;1
1;-1.46291;0.188022;1
1;-1.36577;0.203304;1
1;-1.38044;0.200938;1
1;-1.44092;0.191403;1
1;-1.45273;0.189581;1
1;-1.47206;0.18663;1
1;-1.43391;0.192491;1
1;-1.35683;0.204756;1
1;-1.37266;0.20219;1
1;-1.51201;0.18064;1
1;-1.44372;0.190969;1
1;-1.40963;0.196292;1
1;-1.40816;0.196524;1
1;-1.34204;0.207175;1
1;-1.44503;0.190768;1
1;-1.43311;0.192615;1
1;-1.46039;0.188408;1
1;-1.42836;0.193354;1
1;-1.49624;0.182987;1
1;-1.3712;0.202425;1
1;-1.47523;0.186149;1
1;-1.3621;0.203899;1
1;-1.47871;0.185622;1
1;-1.45811;0.188756;1
1;-1.36498;0.203432;1
1;-1.47206;0.186629;1
1;-1.38769;0.199776;1
1;-1.44419;0.190897;1
1;-1.45674;0.188966;1
1;-1.51575;0.180088;1
1;-1.40654;0.196781;1
1;-1.3836;0.200431;1
1;-1.52217;0.179142;1
1;-1.56241;0.173301;1
1;-1.39286;0.198951;1
1;-1.56144;0.17344;1
1;-1.44647;0.190545;1
1;-1.32641;0.209754;1
1;-1.45704;0.18892;1
1;-1.40976;0.196271;1
1;-1.47061;0.186849;1
1;-1.46201;0.18816;1
1;-1.47808;0.185717;1
1;-1.46074;0.188354;1
1;-1.48479;0.184706;1
1;-1.4177;0.195022;1
1;-1.43806;0.191847;1
1;-1.50084;0.182301;1
1;-1.44073;0.191433;1
1;-1.4416;0.191297;1
1;-1.39219;0.199058;1
1;-1.58271;0.170411;1
1;-1.58201;0.170511;1
1;-1.37594;0.201661;1
1;-1.52732;0.178385;1
1;-1.41202;0.195915;1
1;-1.62956;0.163891;1
1;-1.57804;0.171073;1
1;-1.43551;0.192241;1
1;-1.47437;0.186279;1
1;-1.45563;0.189136;1
1;-1.56556;0.172851;1
1;-1.63965;0.162513;1
1;-1.59129;0.169202;1
1;-1.46291;0.188022;1
1;-1.39725;0.198253;1
1;-1.50679;0.181416;1
1;-1.63304;0.163414;1
1;-1.41638;0.19523;1
1;-1.57976;0.170829;1
1;-1.434;0.192476;1
1;-1.35054;0.205782;1
1;-1.64392;0.161933;1
1;-1.42027;0.194619;1
1;-1.42161;0.194409;1
1;-1.49773;0.182764;1
1;-1.52373;0.178913;1
1;-1.58954;0.169449;1
1;-1.51485;0.180221;1
1;-1.48206;0.185116;1
1;-1.57764;0.17113;1
1;-1.59624;0.168508;1
1;-1.43732;0.19196;1
1;-1.48655;0.18444;1
1;-1.49702;0.18287;1
1;-1.50276;0.182015;1
1;-1.52747;0.178363;1
1;-1.571;0.172074;1
1;-0.993914;0.27014;1
1;-1.03838;0.261462;1
1;-1.05744;0.2578;1
1;-1.03442;0.262229;1
1;-0.991852;0.270547;1
1;-1.03576;0.261968;1
1;-0.866935;0.295892;1
1;-1.04116;0.260926;1
1;-0.862778;0.296759;1
1;-0.937337;0.281439;1
1;-1.19825;0.231787;1
1;-0.928789;0.28317;1
1;-1.11563;0.246823;1
1;-1.0458;0.260032;1
1;-1.04421;0.260339;1
1;-0.96402;0.276074;1
1;-1.066;0.256165;1
1;-0.949214;0.279043;1
1;-1.18537;0.234088;1
1;-0.883334;0.292487;1
1;-0.818104;0.306166;1
1;-0.992324;0.270453;1
1;-0.98833;0.271242;1
1;-0.87267;0.294699;1
1;-1.1948;0.232401;1
1;-0.979049;0.273081;1
1;-0.936432;0.281622;1
1;-1.00993;0.266993;1
1;-1.18291;0.23453;1
1;-1.22921;0.22632;1
1;-1.21329;0.229119;1
1;-1.31956;0.210891;1
1;-1.17159;0.236567;1
1;-1.33249;0.208748;1
1;-1.22135;0.227699;1
1;-1.27184;0.218943;1
1;-1.11784;0.246411;1
1;-1.25064;0.222589;1
1;-1.1508;0.240342;1
1;-1.11626;0.246706;1
1;-1.33632;0.208116;1
1;-1.17957;0.23513;1
1;-1.21739;0.228397;1
1;-1.09698;0.250305;1
1;-1.26509;0.220099;1
1;-1.27015;0.219231;1
1;-1.31016;0.21246;1
1;-1.29786;0.214525;1
1;-1.20479;0.230624;1
1;-1.32181;0.210517;1
1;-1.35351;0.205297;1
1;-1.51925;0.179572;1
1;-1.47192;0.186652;1
1;-1.38647;0.199972;1
1;-1.17575;0.235817;1
1;-1.31791;0.211166;1
1;-1.36432;0.20354;1
1;-1.30839;0.212756;1
1;-1.29412;0.215156;1
1;-1.36403;0.203585;1
1;-1.30186;0.213851;1
1;-1.24964;0.222762;1
1;-1.5057;0.181578;1
1;-1.43075;0.192982;1
1;-1.36268;0.203805;1
1;-1.3288;0.209358;1
1;-1.34424;0.206814;1
1;-1.23368;0.225538;1
1;-1.33268;0.208716;1
1;-1.40769;0.196599;1
1;-1.25076;0.222568;1
1;-1.19992;0.23149;1
1;-1.91468;0.128456;1
1;-1.94174;0.125457;1
1;-2.037;0.115373;1
1;-1.79093;0.142959;1
1;-2.12215;0.106963;1
1;-1.86187;0.134485;1
1;-2.12798;0.106407;1
1;-2.05883;0.113163;1
1;-1.79667;0.142257;1
1;-1.97163;0.122214;1
1;-1.97869;0.121458;1
1;-1.9356;0.126132;1
1;-1.86733;0.133851;1
1;-1.80007;0.141842;1
1;-1.9363;0.126055;1
1;-1.80189;0.141621;1
1;-1.89827;0.130304;1
1;-1.98313;0.120986;1
1;-1.98458;0.120832;1
1;-0.654749;0.34192;1
1;-0.51473;0.374085;1
1;-0.557177;0.364201;1
1;-0.662815;0.340108;1
1;-0.438102;0.392193;1
1;-0.49779;0.37806;1
1;-0.711307;0.32931;1
1;-0.542439;0.36762;1
1;-0.709393;0.329733;1
1;-0.180386;0.455025;1
1;-0.689021;0.334251;1
1;-0.328959;0.418494;1
1;-0.792326;0.311669;1
1;-0.552969;0.365176;1
1;-0.516274;0.373724;1
1;-0.262713;0.434697;1
1;-0.452465;0.388775;1
1;-0.533698;0.369655;1
1;-0.689409;0.334165;1
1;-0.298457;0.425935;1
1;-0.43807;0.392201;1
1;-0.382744;0.405465;1
1;-0.485222;0.38102;1
1;-0.627651;0.348043;1
1;-0.792351;0.311664;1
1;-0.378275;0.406543;1
1;-0.663556;0.339941;1
1;-0.617311;0.350393;1
1;-1.15487;0.239601;1
1;-1.03017;0.263051;1
1;-0.903485;0.288335;1
1;-1.09666;0.250367;1
1;-1.17295;0.236322;1
1;-1.17046;0.236772;1
1;-1.08509;0.252544;1
1;-1.111;0.247685;1
1;-0.957043;0.277471;1
1;-1.11199;0.2475;1
1;-1.1063;0.248562;1
1;-1.14883;0.240702;1
1;-1.01069;0.266844;1
1;-1.18214;0.234667;1
1;-1.02651;0.263761;1
1;-1.10745;0.248346;1
1;-1.08454;0.252649;1
1;-1.10335;0.249112;1
1;-1.20417;0.230734;1
1;-1.02737;0.263595;1
1;-1.02653;0.263758;1
1;-1.0992;0.249889;1
1;-1.14523;0.241361;1
1;-1.29505;0.214999;1
1;-0.947882;0.279311;1
1;-1.02976;0.263131;1
1;-0.826498;0.304386;1
1;-0.926442;0.283647;1
1;-0.961813;0.276515;1
1;-0.963291;0.27622;1
1;-0.918008;0.285364;1
1;-1.01322;0.266351;1
1;-0.981621;0.27257;1
1;-0.989547;0.271001;1
1;-1.03826;0.261485;1
1;-1.01088;0.266808;1
1;-0.992668;0.270385;1
1;-0.988188;0.27127;1
1;-0.803184;0.309345;1
1;-0.690012;0.33403;1
1;-1.07356;0.254727;1
1;-0.985694;0.271763;1
1;-0.964237;0.276031;1
1;-0.990669;0.27078;1
1;-0.966037;0.275671;1
1;-0.918339;0.285297;1
1;-1.02292;0.26446;1
1;-0.959802;0.276918;1
1;-0.940058;0.280889;1
1;-1.0621;0.256909;1
1;-0.901499;0.288743;1
1;-0.862421;0.296834;1
1;-1.43895;0.191708;1
1;-1.35528;0.205009;1
1;-1.36022;0.204205;1
1;-1.53236;0.177649;1
1;-1.36237;0.203855;1
1;-0.574211;0.360266;1
1;-1.36093;0.204089;1
1;-1.31048;0.212407;1
1;-1.42279;0.194224;1
1;-1.2865;0.216445;1
1;-1.26448;0.220204;1
1;-1.16;0.238668;1
1;-1.3026;0.213728;1
1;-1.32758;0.209559;1
1;-1.28189;0.217228;1
1;-1.41827;0.194933;1
1;-1.09384;0.250896;1
1;-1.14557;0.241299;1
1;-1.37253;0.202211;1
1;-0.545524;0.366903;1
1;-1.37183;0.202324;1
1;-1.13647;0.242968;1
1;-1.38058;0.200915;1
1;-1.18011;0.235033;1
1;-1.39443;0.198702;1
1;-1.31541;0.211584;1
1;-1.40354;0.197254;1
1;-1.35968;0.204293;1
1;-1.3041;0.213475;1
1;-1.40999;0.196236;1
1;-1.39304;0.198922;1
1;-1.30447;0.213414;1
1;-1.30155;0.213905;1
1;-1.34875;0.206075;1
1;-0.472359;0.384058;1
1;-1.14854;0.240755;1
1;-1.05303;0.258645;1
1;-1.08091;0.253334;1
1;-0.359012;0.411199;1
1;-0.392765;0.403052;1
1;-0.349385;0.413532;1
1;-1.13658;0.242948;1
1;-0.395952;0.402285;1
1;-1.14623;0.241177;1
1;-1.07144;0.25513;1
1;-1.14532;0.241345;1
1;-1.03909;0.261326;1
1;-0.269748;0.432969;1
1;-1.23226;0.225785;1
1;-0.294759;0.426839;1
1;-0.36713;0.409235;1
1;-1.04475;0.260234;1
1;-1.23652;0.225042;1
1;-1.224;0.227233;1
1;-0.353267;0.41259;1
1;-1.14808;0.24084;1
1;-1.0684;0.255707;1
1;-0.293493;0.427149;1
1;-1.24287;0.223937;1
1;-1.05338;0.258577;1
1;-0.432092;0.393627;1
1;-1.2746;0.218471;1
1;-0.974906;0.273904;1
1;-1.06103;0.257112;1
1;-0.37157;0.408162;1
1;-1.13928;0.242453;1
1;-1.1652;0.237724;1
1;-1.41465;0.195501;1
1;-1.48165;0.185178;1
1;-1.57298;0.171792;1
1;-1.4234;0.194129;1
1;-1.51484;0.180222;1
1;-1.53949;0.176609;1
1;-1.50178;0.182161;1
1;-1.38339;0.200465;1
1;-1.50717;0.181358;1
1;-1.54848;0.175306;1
1;-1.47753;0.185801;1
1;-1.59331;0.168919;1
1;-1.31301;0.211983;1
1;-1.60849;0.166798;1
1;-1.46849;0.187172;1
1;-1.42215;0.194325;1
1;-1.48436;0.18477;1
1;-1.42116;0.19448;1
1;-1.39312;0.198911;1
1;-1.41621;0.195256;1
1;-1.50582;0.181559;1
1;-1.541;0.17639;1
1;-1.63547;0.163082;1
1;-1.4951;0.183158;1
1;-1.56343;0.173155;1
1;-1.49771;0.182767;1
1;-1.50599;0.181534;1
1;-1.18503;0.234149;1
1;-1.35786;0.204589;1
1;-1.43951;0.191622;1
1;-1.41749;0.195055;1
1;-1.37354;0.202049;1
1;-1.30948;0.212574;1
1;-1.44123;0.191355;1
1;-1.37377;0.202011;1
1;-1.28286;0.217064;1
1;-1.31283;0.212013;1
1;-1.3504;0.205806;1
1;-1.46091;0.188329;1
1;-1.39349;0.198852;1
1;-1.27203;0.21891;1
1;-1.31009;0.212472;1
1;-1.37974;0.201051;1
1;-1.17541;0.235879;1
1;-1.25892;0.22116;1
1;-1.36018;0.204211;1
1;-1.03833;0.261472;1
1;-1.35737;0.204668;1
1;-1.31204;0.212146;1
1;-1.31011;0.212468;1
1;-1.35802;0.204563;1
1;-1.27568;0.218287;1
1;-1.31804;0.211144;1
1;-1.2228;0.227443;1
1;-1.24969;0.222754;1
1;-1.38205;0.200679;1
1;-1.37926;0.201128;1
1;-1.3938;0.198801;1
1;-0.629094;0.347716;1
1;-1.48241;0.185064;1
1;-1.46589;0.187569;1
1;-1.24267;0.223972;1
1;-1.38422;0.200333;1
1;0.203244;0.550637;0
1;0.602342;0.646192;0
1;-1.25528;0.221788;1
1;-1.48974;0.183961;1
1;-1.35955;0.204314;1
1;-1.42748;0.193491;1
1;-1.54202;0.176242;1
1;-1.26672;0.21982;1
1;-1.32099;0.210653;1
1;-0.47106;0.384365;1
1;-1.24966;0.222759;1
1;-1.29445;0.2151;1
1;-1.37466;0.201868;1
1;-1.5144;0.180287;1
1;0.677755;0.663237;0
1;0.360435;0.589146;0
1;-0.563871;0.362652;1
1;-0.513141;0.374458;1
1;-1.32176;0.210525;1
1;-0.462725;0.38634;1
1;-1.29938;0.214269;1
1;0.0965738;0.524125;0
1;-1.41538;0.195387;1
1;-1.35171;0.20559;1
1;-1.47089;0.186808;1
1;-1.44216;0.191211;1
1;-1.50356;0.181896;1
1;-1.4926;0.183532;1
1;-1.48536;0.18462;1
1;-1.57316;0.171767;1
1;-1.49423;0.183288;1
1;-1.43742;0.191945;1
1;-1.45015;0.189979;1
1;-1.52123;0.179281;1
1;-1.54078;0.176423;1
1;-1.59154;0.169167;1
1;-1.5883;0.169623;1
1;-1.54469;0.175854;1
1;-1.50318;0.181951;1
1;-1.61005;0.166582;1
1;-1.60506;0.167275;1
1;-1.50244;0.182062;1
1;-1.62994;0.163838;1
1;-1.43471;0.192366;1
1;-1.50424;0.181793;1
1;-1.43433;0.192425;1
1;-1.47395;0.186344;1
1;-1.5431;0.176086;1
1;-1.52563;0.178634;1
1;-1.61241;0.166254;1
1;-1.52318;0.178994;1
1;-1.54071;0.176432;1
1;-1.45233;0.189644;1
1;-1.62112;0.16505;1
1;-1.49894;0.182584;1
1;-1.39972;0.197861;1
1;-1.52116;0.179291;1
1;-1.51495;0.180206;1
1;-1.4682;0.187217;1
1;-1.38177;0.200725;1
1;-1.52455;0.178792;1
1;-1.53423;0.177376;1
1;-1.50473;0.181721;1
1;-1.57649;0.171293;1
1;-1.50546;0.181613;1
1;-1.26;0.220975;1
1;-1.53803;0.176822;1
1;-1.50944;0.181022;1
1;-1.27181;0.218947;1
1;-1.53844;0.176762;1
1;-1.55337;0.1746;1
1;-1.56298;0.17322;1
1;-1.50354;0.181898;1
1;-1.4309;0.192958;1
1;-1.5381;0.176811;1
1;-1.4911;0.183757;1
1;-1.60865;0.166776;1
1;-1.30623;0.213118;1
1;-1.46201;0.188159;1
1;-1.39936;0.197917;1
1;-1.42257;0.194259;1
1;-1.5648;0.172959;1
1;-1.47486;0.186205;1
1;-0.497716;0.378078;1
1;-0.549341;0.366017;1
1;-0.59932;0.354499;1
1;-0.633611;0.346692;1
1;-0.594581;0.355585;1
1;-0.650046;0.342979;1
1;-0.655385;0.341777;1
1;-0.652386;0.342452;1
1;-0.688555;0.334355;1
1;-0.704973;0.33071;1
1;-0.589527;0.356743;1
1;-0.660516;0.340624;1
1;-0.604637;0.353283;1
1;-0.546747;0.366619;1
1;-0.689125;0.334228;1
1;-0.573606;0.360405;1
1;-0.663705;0.339908;1
1;-0.640376;0.345162;1
1;-0.639396;0.345383;1
1;-0.601284;0.35405;1
1;-0.604554;0.353303;1
1;-0.74804;0.321249;1
1;-0.743436;0.322253;1
1;-0.616707;0.350531;1
1;-0.645165;0.34408;1
1;-0.642817;0.34461;1
1;-0.74881;0.321081;1
1;-0.810116;0.307866;1
1;-1.09406;0.250854;1
1;-1.25046;0.22262;1
1;-1.13906;0.242492;1
1;-0.927665;0.283399;1
1;-1.12124;0.245782;1
1;-1.21793;0.228302;1
1;-1.13526;0.243192;1
1;-1.05805;0.257681;1
1;-1.25627;0.221617;1
1;-1.24374;0.223785;1
1;-1.05333;0.258585;1
1;-0.163755;0.459152;1
1;-1.16621;0.237541;1
1;-1.10862;0.248129;1
1;-0.828817;0.303895;1
1;-1.17096;0.236682;1
1;-1.23786;0.224809;1
1;-1.24588;0.223415;1
1;-1.21805;0.22828;1
1;-1.25746;0.221411;1
1;-1.21388;0.229016;1
1;-1.31331;0.211933;1
1;-0.902048;0.28863;1
1;-0.912628;0.286462;1
1;-1.12507;0.245072;1
1;-1.19397;0.232549;1
1;-1.28107;0.217367;1
1;-0.980501;0.272792;1
1;-1.01442;0.266115;1
1;-0.817898;0.30621;1
1;-0.382333;0.405564;1
1;-0.783997;0.313459;1
1;-0.845783;0.300318;1
1;-0.801658;0.309671;1
1;-0.665525;0.3395;1
1;-0.78515;0.313211;1
1;-0.73548;0.323993;1
1;-0.622642;0.349181;1
1;-0.528949;0.370762;1
1;-0.676135;0.337124;1
1;-0.725584;0.326165;1
1;-0.439861;0.391774;1
1;-0.635902;0.346173;1
1;-0.688429;0.334383;1
1;-0.678335;0.336633;1
1;-0.757673;0.319152;1
1;-0.800506;0.309917;1
1;-0.712117;0.329131;1
1;-0.847306;0.299998;1
1;-0.651281;0.342701;1
1;-0.648736;0.343275;1
1;-0.723272;0.326673;1
1;-0.711095;0.329357;1
1;-0.763528;0.317881;1
1;-0.6234;0.349009;1
1;-0.864559;0.296388;1
1;-0.641369;0.344937;1
1;-0.704295;0.330861;1
1;-0.700512;0.331699;1
1;-0.854136;0.298566;1
1;-0.721672;0.327025;1
1;-0.770257;0.316423;1
1;-0.336057;0.416768;1
1;-0.0909386;0.477281;1
1;-0.214079;0.446684;1
1;-0.333898;0.417293;1
1;-0.167507;0.458221;1
1;-0.171922;0.457125;1
1;-0.373392;0.407722;1
1;0.347783;0.58608;0
1;-0.392824;0.403038;1
1;-0.149287;0.462747;1
1;-0.200366;0.450075;1
1;-0.42041;0.396419;1
1;-0.242595;0.439647;1
1;-0.45523;0.388118;1
1;-0.180445;0.455011;1
1;0.365405;0.590348;0
1;0.370896;0.591675;0
1;-0.388923;0.403977;1
1;-0.366927;0.409284;1
1;-0.150534;0.462437;1
1;-0.299235;0.425744;1
1;-0.419028;0.396749;1
1;-0.247128;0.438531;1
1;-0.265417;0.434032;1
1;-0.143816;0.464108;1
1;-0.47603;0.38319;1
1;-2.05825;0.113222;1
1;-1.82473;0.138867;1
1;-1.82445;0.1389;1
1;-1.6677;0.158731;1
1;-1.78197;0.14406;1
1;-1.79687;0.142232;1
1;-1.78544;0.143632;1
1;-1.68581;0.156327;1
1;-1.75106;0.147913;1
1;-1.84537;0.136418;1
1;-1.57709;0.171209;1
1;-1.79317;0.142685;1
1;-1.7316;0.150383;1
1;-1.75526;0.147385;1
1;-1.6966;0.154909;1
1;-1.65575;0.160333;1
1;-1.81504;0.14003;1
1;-1.77762;0.144597;1
1;-1.83168;0.138038;1
1;-1.87171;0.133345;1
1;-1.68552;0.156366;1
1;-1.72789;0.150858;1
1;-1.60905;0.166721;1
1;-1.89191;0.131027;1
1;-1.70893;0.153303;1
1;-1.7626;0.146466;1
1;-1.72549;0.151166;1
1;-1.83298;0.137884;1
1;-1.66468;0.159135;1
1;-1.69784;0.154748;1
1;0.298326;0.574033;0
1;0.2711;0.567363;0
1;0.307654;0.576312;0
1;0.146267;0.536502;0
1;0.140433;0.535051;0
1;0.362548;0.589657;0
1;0.0522892;0.513069;0
1;0.307788;0.576345;0
1;0.228799;0.556951;0
1;0.17249;0.543016;0
1;0.332146;0.582281;0
1;0.195344;0.548681;0
1;0.237919;0.559201;0
1;0.040926;0.51023;0
1;0.42033;0.603562;0
1;0.242282;0.560276;0
1;0.364995;0.590249;0
1;0.277656;0.568971;0
1;0.356843;0.588276;0
1;0.150726;0.53761;0
1;0.409263;0.600911;0
1;0.127304;0.531783;0
1;0.242097;0.56023;0
1;0.148718;0.537111;0
1;0.103755;0.525915;0
1;0.0399256;0.50998;0
1;0.0208456;0.505211;0
1;0.528483;0.629129;0
1;0.191688;0.547776;0
1;0.214253;0.553359;0
1;-0.0297008;0.492575;1
1;0.335858;0.583184;0
1;-0.82329;0.305066;1
1;-0.777417;0.314877;1
1;-0.910155;0.286968;1
1;-0.825499;0.304598;1
1;-1.00537;0.267887;1
1;-0.771169;0.316226;1
1;-0.84731;0.299998;1
1;-0.659635;0.340822;1
1;-0.601922;0.353904;1
1;-0.809018;0.3081;1
1;-0.893147;0.290461;1
1;-0.982704;0.272355;1
1;-0.82259;0.305214;1
1;-0.906298;0.287758;1
1;-0.878315;0.293527;1
1;-0.788149;0.312566;1
1;-0.78329;0.313611;1
1;-0.742726;0.322408;1
1;-0.549268;0.366034;1
1;-0.708459;0.329939;1
1;-1.00815;0.267341;1
1;-0.784842;0.313277;1
1;-0.752865;0.320197;1
1;-0.735455;0.323999;1
1;-0.825803;0.304533;1
1;-0.709165;0.329783;1
1;-0.804936;0.308971;1
1;-0.81829;0.306127;1
1;0.0486996;0.512173;0
1;0.0539489;0.513484;0
1;0.173263;0.543208;0
1;-0.0451717;0.488709;1
1;-0.027699;0.493076;1
1;-0.0114851;0.497129;1
1;0.143331;0.535771;0
1;0.0915122;0.522862;0
1;0.0497384;0.512432;0
1;0.210476;0.552426;0
1;-0.178905;0.455393;1
1;0.0731378;0.518276;0
1;0.0290735;0.507268;0
1;0.156085;0.538942;0
1;0.229598;0.557149;0
1;0.0956407;0.523892;0
1;0.0855312;0.52137;0
1;0.0546675;0.513663;0
1;0.09777;0.524423;0
1;0.0814457;0.52035;0
1;0.0371711;0.509292;0
1;0.0373297;0.509331;0
1;0.183333;0.545705;0
1;-0.0374579;0.490637;1
1;0.0371377;0.509283;0
1;0.171995;0.542893;0
1;0.130108;0.532481;0
1;0.117128;0.529249;0
1;0.0106506;0.502663;0
1;0.149877;0.537399;0
1;-0.00566936;0.498583;1
1;-0.880439;0.293087;1
1;-0.796312;0.310815;1
1;-0.859165;0.297514;1
1;-0.794793;0.31114;1
1;-0.783687;0.313526;1
1;-0.864545;0.296391;1
1;-0.853631;0.298672;1
1;-0.756891;0.319322;1
1;-0.817269;0.306344;1
1;-0.830023;0.30364;1
1;-0.990069;0.270899;1
1;-0.914113;0.286159;1
1;-0.880644;0.293044;1
1;-0.838444;0.301863;1
1;-0.903613;0.288309;1
1;-0.896896;0.289689;1
1;-0.902016;0.288636;1
1;-0.83444;0.302707;1
1;-0.806703;0.308593;1
1;-0.785449;0.313147;1
1;-0.828119;0.304043;1
1;-0.700391;0.331726;1
1;-0.760621;0.318511;1
1;-0.713569;0.328811;1
1;-0.721092;0.327153;1
1;-0.797092;0.310648;1
1;-0.875604;0.29409;1
1;-0.694042;0.333135;1
1;-0.0525506;0.486865;1
1;-0.104201;0.473973;1
1;-0.150002;0.46257;1
1;-0.108153;0.472988;1
1;-0.135734;0.466118;1
1;-0.164752;0.458905;1
1;-0.20893;0.447957;1
1;-0.165645;0.458683;1
1;-0.236357;0.441184;1
1;-0.186318;0.453555;1
1;-0.0790634;0.480244;1
1;-0.140769;0.464866;1
1;0.000657315;0.500164;0
1;-0.179031;0.455361;1
1;-0.134946;0.466315;1
1;-0.190627;0.452487;1
1;-0.182499;0.454501;1
1;0.0251;0.506275;0
1;-0.147943;0.463082;1
1;-0.170724;0.457422;1
1;-0.123747;0.469103;1
1;-0.0811892;0.479714;1
1;-0.295284;0.426711;1
1;-0.16189;0.459616;1
1;-0.102843;0.474312;1
1;0.0125775;0.503144;0
1;-0.0941804;0.476472;1
1;-0.188096;0.453114;1
1;-0.0805869;0.479864;1
1;-0.17814;0.455582;1
1;-0.259004;0.435609;1
1;-0.235501;0.441395;1
1;-0.145655;0.46365;1
1;-0.629363;0.347655;1
1;-0.43893;0.391996;1
1;-0.548725;0.36616;1
1;-0.681271;0.335978;1
1;-0.0714619;0.482142;1
1;-0.576072;0.359837;1
1;-0.770361;0.316401;1
1;-0.541841;0.36776;1
1;0.442115;0.608763;0
1;-0.725823;0.326112;1
1;0.492414;0.620675;0
1;-0.615069;0.350904;1
1;-0.638531;0.345579;1
1;0.734099;0.675704;0
1;-0.557972;0.364017;1
1;-0.625643;0.348499;1
1;-0.660504;0.340626;1
1;-0.547642;0.366412;1
1;-0.562696;0.362924;1
1;-0.697019;0.332474;1
1;-0.635785;0.3462;1
1;-0.754907;0.319753;1
1;-0.695861;0.332731;1
1;-0.551653;0.365481;1
1;-0.545021;0.36702;1
1;0.653055;0.657699;0
1;-0.480704;0.382086;1
1;-0.654541;0.341967;1
1;-0.896727;0.289724;1
1;-0.877135;0.293772;1
1;-0.881343;0.2929;1
1;-0.783529;0.31356;1
1;-0.877749;0.293644;1
1;-0.958164;0.277246;1
1;-0.950273;0.27883;1
1;-0.899041;0.289248;1
1;-0.806432;0.308651;1
1;-0.820824;0.305589;1
1;-0.897731;0.289517;1
1;-0.813889;0.307062;1
1;-0.845305;0.300419;1
1;-0.83665;0.302241;1
1;-0.891582;0.290783;1
1;-0.902426;0.288552;1
1;-0.849834;0.299468;1
1;-0.907964;0.287417;1
1;-1.02088;0.264855;1
1;-0.831938;0.303235;1
1;-0.917114;0.285546;1
1;-0.772643;0.315908;1
1;-0.955894;0.277701;1
1;-0.865204;0.296253;1
1;-0.897259;0.289614;1
1;-0.938632;0.281177;1
1;-0.810951;0.307688;1
1;-0.684116;0.335343;1
1;-0.919043;0.285153;1
1;-0.908736;0.287259;1
1;-0.855209;0.298341;1
1;-0.917362;0.285496;1
1;-0.764786;0.317608;1
1;-1.34662;0.206423;1
1;-1.23893;0.224622;1
1;-1.24449;0.223655;1
1;-1.34477;0.206726;1
1;-1.24054;0.224343;1
1;-1.2243;0.227181;1
1;-1.04799;0.259612;1
1;-1.24347;0.223833;1
1;-1.06185;0.256957;1
1;-0.391332;0.403397;1
1;-1.31251;0.212067;1
1;-1.36038;0.204179;1
1;-1.28561;0.216597;1
1;-1.2193;0.228059;1
1;-1.28696;0.216368;1
1;-1.30641;0.213088;1
1;-0.401198;0.401024;1
1;-1.15505;0.239568;1
1;-0.404885;0.400139;1
1;-1.25782;0.22135;1
1;-1.38431;0.200317;1
1;-1.04048;0.261058;1
1;-1.20947;0.229795;1
1;-1.18775;0.233661;1
1;-0.474546;0.383541;1
1;-1.31063;0.212381;1
1;-0.290349;0.427918;1
1;-0.299516;0.425676;1
1;-0.23431;0.441689;1
1;-0.225657;0.443824;1
1;-0.248671;0.438151;1
1;-0.399485;0.401436;1
1;-0.338427;0.416192;1
1;-0.261721;0.434941;1
1;-0.0931234;0.476736;1
1;-0.0915904;0.477118;1
1;-0.424972;0.395328;1
1;-0.321965;0.420197;1
1;-0.128085;0.468022;1
1;-0.194624;0.451497;1
1;-0.128938;0.46781;1
1;-0.0609415;0.484769;1
1;0.0690362;0.517252;0
1;-0.0802035;0.47996;1
1;-0.0460546;0.488488;1
1;-0.0727027;0.481832;1
1;-0.136538;0.465919;1
1;-0.18329;0.454305;1
1;-1.1437;0.241641;1
1;-1.13158;0.24387;1
1;-1.12913;0.244321;1
1;-1.01167;0.266653;1
1;-0.998163;0.269303;1
1;-1.03185;0.262726;1
1;-1.09995;0.249749;1
1;-1.04465;0.260254;1
1;-1.32448;0.210073;1
1;-1.31413;0.211797;1
1;-1.09215;0.251213;1
1;-1.18779;0.233655;1
1;-1.09293;0.251067;1
1;-1.01289;0.266415;1
1;-1.29886;0.214357;1
1;-1.08402;0.252746;1
1;-1.11822;0.246341;1
1;-1.1561;0.239376;1
1;-1.1719;0.236512;1
1;-0.0743959;0.48141;1
1;0.0950484;0.523744;0
1;0.051491;0.51287;0
1;-0.0326242;0.491845;1
1;-0.0596314;0.485097;1
1;-0.11186;0.472064;1
1;-0.124;0.46904;1
1;-0.0900917;0.477492;1
1;-0.0235913;0.494102;1
1;-0.0425813;0.489356;1
1;0.0872879;0.521808;0
1;0.0318966;0.507973;0
1;-0.0378394;0.490541;1
1;0.0762052;0.519042;0
1;0.184823;0.546075;0
1;-0.0284689;0.492883;1
1;-0.0198908;0.495027;1
1;0.139258;0.534758;0
1;0.00679588;0.501699;0
1;0.0176964;0.504424;0
1;0.179607;0.544781;0
1;0.125395;0.531308;0
1;0.00736069;0.50184;0
1;-0.0490563;0.487738;1
1;-0.124171;0.468997;1
1;0.0865254;0.521618;0
1;-0.0993962;0.475171;1
1;-1.17722;0.235552;1
1;-1.06519;0.256319;1
1;-1.11879;0.246236;1
1;-1.18729;0.233744;1
1;-1.10176;0.249411;1
1;-1.10258;0.249257;1
1;-1.06422;0.256504;1
1;-1.03538;0.262042;1
1;-1.03309;0.262486;1
1;-1.08715;0.252156;1
1;-1.15893;0.238862;1
1;-0.981922;0.272511;1
1;-1.0765;0.254168;1
1;-1.05957;0.257391;1
1;-1.1641;0.237922;1
1;-1.0998;0.249778;1
1;-1.09288;0.251076;1
1;-1.12089;0.245846;1
1;-1.06594;0.256175;1
1;-0.879094;0.293366;1
1;-1.03662;0.261803;1
1;-0.706492;0.330374;1
1;-0.701228;0.33154;1
1;-0.753025;0.320162;1
1;-0.688567;0.334352;1
1;-0.698089;0.332236;1
1;-0.796967;0.310675;1
1;-0.765956;0.317355;1
1;-0.696439;0.332602;1
1;-0.726257;0.326017;1
1;-0.0245998;0.49385;1
1;-0.713442;0.328839;1
1;-0.768868;0.316724;1
1;-0.728399;0.325546;1
1;-0.654638;0.341945;1
1;-0.731894;0.324779;1
1;-0.759703;0.318711;1
1;-0.75164;0.320464;1
1;-0.671265;0.338214;1
1;-0.102588;0.474375;1
1;-0.84784;0.299886;1
1;-1.20263;0.231008;1
1;-1.1995;0.231563;1
1;-1.15767;0.239091;1
1;-1.29235;0.215455;1
1;-1.30329;0.213612;1
1;-0.983563;0.272185;1
1;-1.09242;0.251163;1
1;-1.18686;0.233821;1
1;-1.31179;0.212188;1
1;-1.263;0.220458;1
1;-1.31761;0.211216;1
1;-1.36568;0.203318;1
1;-1.37057;0.202528;1
1;-1.17709;0.235575;1
1;-1.12299;0.245456;1
1;-1.07906;0.253683;1
1;-1.07507;0.25444;1
1;-1.1001;0.249721;1
1;-1.3461;0.206509;1
1;-1.10426;0.248942;1
1;-1.345;0.206689;1
1;-1.05904;0.257494;1
1;-1.12;0.246011;1
1;-1.28827;0.216146;1
1;-1.18111;0.234852;1
1;-1.25766;0.221377;1
1;-1.12823;0.244488;1
1;-0.437328;0.392378;1
1;-0.70744;0.330165;1
1;-0.598167;0.354763;1
1;-0.533902;0.369607;1
1;-0.36298;0.410238;1
1;-0.382882;0.405432;1
1;-0.609701;0.352127;1
1;-0.541896;0.367747;1
1;-0.641847;0.344829;1
1;-0.61734;0.350387;1
1;-0.561331;0.36324;1
1;-0.510978;0.374964;1
1;-0.409747;0.398973;1
1;-0.501167;0.377266;1
1;-0.419233;0.3967;1
1;-0.436306;0.392621;1
1;-0.496572;0.378347;1
1;-0.545194;0.36698;1
1;-0.561205;0.363269;1
1;-0.497203;0.378198;1
1;-0.394475;0.402641;1
1;-0.41098;0.398677;1
1;-0.511961;0.374734;1
1;-0.480614;0.382107;1
1;-0.626822;0.348231;1
1;-0.525664;0.371529;1
1;-0.956048;0.27767;1
1;-0.801317;0.309744;1
1;-0.996565;0.269617;1
1;-0.972214;0.274439;1
1;-0.911338;0.286726;1
1;-1.07292;0.254848;1
1;-0.920238;0.284909;1
1;-0.880635;0.293046;1
1;-0.999652;0.26901;1
1;-1.02819;0.263436;1
1;-1.11637;0.246685;1
1;-0.974993;0.273887;1
1;-1.04465;0.260253;1
1;-0.904517;0.288123;1
1;-0.907534;0.287505;1
1;-1.01556;0.265894;1
1;-1.022;0.264639;1
1;-1.01371;0.266254;1
1;-0.815955;0.306623;1
1;-1.05515;0.258237;1
1;-1.05751;0.257786;1
1;-1.01465;0.26607;1
1;-0.888252;0.291471;1
1;-0.88128;0.292913;1
1;-1.15232;0.240066;1
1;-1.09557;0.250572;1
1;-0.865381;0.296216;1
1;-1.11608;0.246738;1
1;-1.19476;0.232408;1
1;-1.01938;0.265147;1
1;-1.27527;0.218357;1
1;-1.24148;0.224178;1
1;-1.00218;0.268513;1
1;-0.949825;0.27892;1
1;-0.988067;0.271294;1
1;-1.2128;0.229206;1
1;-1.18183;0.234723;1
1;-1.00096;0.268753;1
1;-0.993823;0.270158;1
1;-1.20617;0.230379;1
1;-0.95257;0.278368;1
1;-1.13128;0.243924;1
1;-1.14013;0.242296;1
1;-1.08833;0.251933;1
1;-0.958607;0.277157;1
1;-1.19879;0.231691;1
1;-0.356427;0.411825;1
1;-0.584385;0.357924;1
1;-0.585667;0.35763;1
1;-0.464778;0.385853;1
1;-0.708914;0.329839;1
1;-0.44104;0.391493;1
1;-0.545735;0.366854;1
1;-0.544674;0.367101;1
1;-0.612843;0.351411;1
1;-0.508839;0.375466;1
1;-0.655279;0.341801;1
1;-0.430065;0.394111;1
1;-0.595289;0.355422;1
1;-0.522361;0.3723;1
1;-0.55857;0.363878;1
1;-0.379665;0.406208;1
1;-0.694802;0.332966;1
1;-0.592759;0.356002;1
1;-0.364321;0.409914;1
1;-0.515729;0.373851;1
1;-0.572143;0.360743;1
1;-0.621865;0.349357;1
1;-0.610991;0.351833;1
1;-0.756068;0.319501;1
1;-0.997423;0.269448;1
1;-0.982169;0.272462;1
1;-0.847615;0.299933;1
1;-0.984199;0.272059;1
1;-0.743411;0.322259;1
1;-0.77996;0.314328;1
1;-0.772231;0.315997;1
1;-0.76088;0.318455;1
1;-0.986029;0.271697;1
1;-0.971574;0.274567;1
1;-0.8287;0.30392;1
1;-0.879233;0.293337;1
1;-0.725546;0.326173;1
1;-0.804243;0.309119;1
1;-0.99892;0.269154;1
1;-1.07458;0.254534;1
1;-0.924538;0.284034;1
1;-0.972819;0.274319;1
1;-0.738384;0.323358;1
1;-0.73369;0.324385;1
1;-0.912812;0.286425;1
1;-0.855519;0.298276;1
1;-0.881336;0.292901;1
1;-0.840881;0.301349;1
1;-0.790764;0.312005;1
1;-0.923726;0.284199;1
1;-0.791576;0.31183;1
1;-0.853953;0.298604;1
1;-0.750508;0.320711;1
1;-0.91249;0.286491;1
1;-0.910146;0.28697;1
1;-0.95541;0.277798;1
1;-0.794816;0.311136;1
1;-0.795212;0.311051;1
1;-0.832885;0.303035;1
1;-0.817023;0.306396;1
1;-0.947999;0.279288;1
1;-0.840685;0.301391;1
1;-0.935968;0.281716;1
1;-0.897861;0.28949;1
1;-0.79985;0.310058;1
1;-0.722755;0.326786;1
1;-0.781774;0.313938;1
1;-1.11797;0.246389;1
1;-1.35606;0.204882;1
1;-1.31148;0.212239;1
1;-1.35636;0.204832;1
1;-1.3238;0.210187;1
1;-1.45743;0.18886;1
1;-1.39063;0.199308;1
1;-1.41224;0.19588;1
1;-1.19319;0.232688;1
1;-1.46597;0.187556;1
1;-1.50096;0.182283;1
1;-1.48949;0.183998;1
1;-1.36733;0.203051;1
1;-1.52607;0.17857;1
1;-1.47267;0.186538;1
1;-1.37208;0.202284;1
1;-1.43942;0.191636;1
1;-1.35147;0.20563;1
1;-1.37695;0.201499;1
1;-1.50789;0.181252;1
1;-1.33303;0.208659;1
1;-1.33628;0.208122;1
1;-0.946684;0.279552;1
1;-0.980698;0.272753;1
1;-0.902231;0.288592;1
1;-0.82816;0.304034;1
1;-0.868985;0.295465;1
1;-0.988317;0.271245;1
1;-1.02083;0.264865;1
1;-0.879928;0.293193;1
1;-0.94932;0.279022;1
1;-0.891965;0.290705;1
1;-1.02856;0.263363;1
1;-0.885585;0.292022;1
1;-0.897013;0.289665;1
1;-0.805578;0.308834;1
1;-0.829297;0.303794;1
1;-1.04637;0.259922;1
1;-0.807729;0.308375;1
1;-0.928315;0.283267;1
1;-1.03539;0.26204;1
1;-0.836598;0.302252;1
1;-0.633668;0.346679;1
1;-0.998061;0.269323;1
1;-0.812495;0.307359;1
1;-0.921253;0.284703;1
1;-0.809766;0.30794;1
1;-0.820827;0.305588;1
1;-0.834124;0.302774;1
1;-0.849546;0.299528;1
1;-0.839612;0.301616;1
1;-0.685367;0.335064;1
1;-0.879678;0.293245;1
1;-0.564774;0.362444;1
1;-0.719169;0.327576;1
1;-0.788718;0.312444;1
1;-0.814907;0.306846;1
1;-0.595262;0.355428;1
1;-0.824677;0.304772;1
1;-0.781183;0.314065;1
1;-0.921482;0.284656;1
1;-0.629401;0.347646;1
1;-0.934785;0.281955;1
1;-0.867175;0.295842;1
1;-0.869556;0.295347;1
1;-0.881658;0.292834;1
1;-0.829717;0.303705;1
1;-0.904242;0.28818;1
1;-0.783645;0.313535;1
1;-0.810733;0.307734;1
1;-0.821356;0.305476;1
1;-0.778688;0.314603;1
1;-0.8561;0.298155;1
1;-0.886236;0.291887;1
1;-0.872225;0.294792;1
1;-0.780318;0.314251;1
1;-0.72905;0.325403;1
1;-0.763583;0.317869;1
1;-0.87636;0.293933;1
1;-0.82966;0.303717;1
1;-0.66294;0.34008;1
1;-0.789339;0.312311;1
1;-1.74013;0.149296;1
1;-1.80435;0.141323;1
1;-1.82921;0.138333;1
1;-1.62379;0.164683;1
1;-1.71355;0.152704;1
1;-1.9105;0.128925;1
1;-1.4619;0.188176;1
1;-1.72566;0.151143;1
1;-1.53758;0.176887;1
1;-1.7459;0.148565;1
1;-1.887;0.131587;1
1;-1.87732;0.132697;1
1;-1.46614;0.18753;1
1;-1.62436;0.164604;1
1;-1.46195;0.18817;1
1;-1.86955;0.133593;1
1;-1.70929;0.153256;1
1;-1.78675;0.143471;1
1;-1.56905;0.172352;1
1;-1.5143;0.180303;1
1;-1.33321;0.208629;1
1;-1.42726;0.193526;1
1;-1.28077;0.217419;1
1;-1.50151;0.1822;1
1;-1.33945;0.2076;1
1;-1.33213;0.208808;1
1;-1.21273;0.229219;1
1;-1.50668;0.181432;1
1;-1.39976;0.197854;1
1;-1.20448;0.230679;1
1;-1.38794;0.199736;1
1;-1.39678;0.198327;1
1;-1.5236;0.178932;1
1;-1.44797;0.190314;1
1;-1.42332;0.194142;1
1;-1.37394;0.201984;1
1;-1.45781;0.188803;1
1;-1.43341;0.192567;1
1;-1.4262;0.193691;1
1;-1.3551;0.205037;1
1;-1.35196;0.205549;1
1;-0.569974;0.361243;1
1;-0.52002;0.372847;1
1;-0.527907;0.371005;1
1;-0.585465;0.357676;1
1;-0.341661;0.415406;1
1;-0.485749;0.380896;1
1;-0.49142;0.379559;1
1;-0.417594;0.397093;1
1;-0.46258;0.386374;1
1;-0.526788;0.371266;1
1;-0.414726;0.39778;1
1;-0.486182;0.380793;1
1;-0.506368;0.376045;1
1;-0.675655;0.337232;1
1;-0.483476;0.381432;1
1;-0.387587;0.404298;1
1;-0.41639;0.397381;1
1;-0.358929;0.411219;1
1;-0.480186;0.382208;1
1;-0.535133;0.369321;1
1;-1.00555;0.267851;1
1;-1.29905;0.214326;1
1;-1.14666;0.241099;1
1;-1.15286;0.239966;1
1;-1.22815;0.226506;1
1;-1.19825;0.231787;1
1;-1.12225;0.245594;1
1;-1.33238;0.208767;1
1;-1.09618;0.250457;1
1;-1.1417;0.242008;1
1;-1.30465;0.213383;1
1;-1.20299;0.230943;1
1;-1.29263;0.215408;1
1;-1.22281;0.227443;1
1;-1.15414;0.239734;1
1;-1.08405;0.25274;1
1;-1.16949;0.236948;1
1;-1.23673;0.225005;1
1;-1.18906;0.233427;1
1;-1.14668;0.241095;1
1;-1.08981;0.251655;1
1;-1.17887;0.235255;1
1;-1.04962;0.259299;1
1;-1.02711;0.263645;1
1;-1.00199;0.26855;1
1;-1.13963;0.242388;1
1;-1.12145;0.245742;1
1;-1.09257;0.251135;1
1;-1.08078;0.253359;1
1;-1.07322;0.254791;1
1;-1.11379;0.247165;1
1;-1.00462;0.268035;1
1;-1.06066;0.257183;1
1;-1.15089;0.240326;1
1;-1.00364;0.268226;1
1;-0.917343;0.2855;1
1;-1.14368;0.241646;1
1;-1.12707;0.244702;1
1;-1.10734;0.248368;1
1;-1.05176;0.258887;1
1;-1.23805;0.224776;1
1;-1.31958;0.210888;1
1;-1.37059;0.202525;1
1;-1.23016;0.226154;1
1;-1.33141;0.208927;1
1;-1.32905;0.209316;1
1;-1.31547;0.211573;1
1;-1.24643;0.223319;1
1;-1.25669;0.221544;1
1;-1.20756;0.230132;1
1;-1.46303;0.188004;1
1;-1.53204;0.177695;1
1;-1.3864;0.199983;1
1;-1.13026;0.244112;1
1;-1.18843;0.23354;1
1;-1.21783;0.228318;1
1;-1.37532;0.201761;1
1;-1.49587;0.183043;1
1;-1.26657;0.219846;1
1;-1.60497;0.167288;1
1;-1.71731;0.152217;1
1;-1.64966;0.161155;1
1;-1.30081;0.214029;1
1;-1.59225;0.169067;1
1;-1.70031;0.154425;1
1;-1.56211;0.173343;1
1;-1.34121;0.207311;1
1;-1.72914;0.150698;1
1;-1.37517;0.201786;1
1;-1.68905;0.155901;1
1;-1.65206;0.16083;1
1;-1.56462;0.172984;1
1;-1.6291;0.163953;1
1;-1.80782;0.140902;1
1;-1.43689;0.192027;1
1;-1.48951;0.183995;1
1;-1.731;0.15046;1
1;-1.85037;0.135829;1
1;-1.20908;0.229864;1
1;-1.44084;0.191415;1
1;-1.72983;0.150609;1
1;-1.82798;0.138479;1
1;-1.81498;0.140038;1
1;-0.893228;0.290444;1
1;-0.997221;0.269488;1
1;-0.949168;0.279052;1
1;-0.891239;0.290854;1
1;-0.809345;0.30803;1
1;-0.895493;0.289978;1
1;-0.909061;0.287192;1
1;-0.858153;0.297725;1
1;-0.940622;0.280775;1
1;-0.950194;0.278846;1
1;-0.872177;0.294801;1
1;-0.917389;0.28549;1
1;-0.960551;0.276768;1
1;-0.697701;0.332322;1
1;-0.768183;0.316872;1
1;-0.946803;0.279528;1
1;-0.994984;0.269929;1
1;-0.920268;0.284903;1
1;0.0475161;0.511877;0
1;-0.891716;0.290756;1
1;-0.977;0.273487;1
