0;1.15532;0.760482;0
0;1.24482;0.776402;0
0;-0.478845;0.382525;1
0;1.18764;0.766318;0
0;1.20091;0.768687;0
0;1.24247;0.775993;0
0;1.29355;0.784747;0
0;1.01115;0.733245;0
0;0.925053;0.716071;0
0;1.08147;0.746772;0
0;1.35399;0.794781;0
0;1.29688;0.78531;0
0;1.13992;0.757664;0
0;0.896783;0.710288;0
0;0.961274;0.723377;0
0;1.21227;0.7707;0
0;0.183676;0.54579;0
0;0.133621;0.533356;0
0;0.0963473;0.524068;0
0;0.213969;0.553289;0
0;0.241949;0.560194;0
0;0.191254;0.547668;0
0;0.141522;0.535322;0
0;0.0939312;0.523466;0
0;0.306686;0.576076;0
0;0.212075;0.552821;0
0;0.258781;0.564337;0
0;0.225151;0.556051;0
0;0.103804;0.525928;0
0;0.303169;0.575217;0
0;0.242258;0.56027;0
0;0.148243;0.536993;0
0;0.317934;0.578821;0
0;0.167066;0.54167;0
0;0.26697;0.566349;0
0;0.148162;0.536973;0
0;0.0430169;0.510753;0
0;0.586588;0.642582;0
0;0.371242;0.591759;0
0;0.349676;0.586539;0
0;0.380604;0.594019;0
0;0.358031;0.588564;0
0;0.169286;0.542221;0
0;0.338283;0.583773;0
0;0.265894;0.566085;0
0;0.502017;0.622933;0
0;0.386008;0.595321;0
0;0.206156;0.551357;0
0;0.358484;0.588674;0
0;0.764201;0.682265;0
0;0.632707;0.653103;0
0;0.459622;0.612925;0
0;0.308549;0.576531;0
0;0.322825;0.580013;0
0;0.397903;0.598184;0
0;2.0587;0.886824;0
0;1.41912;0.8052;0
0;1.77705;0.855332;0
0;2.49734;0.923955;0
0;1.43103;0.807062;0
0;0.292351;0.572571;0
0;0.282698;0.570208;0
0;0.215377;0.553637;0
0;0.121413;0.530316;0
0;0.310217;0.576938;0
0;0.151602;0.537828;0
0;0.200835;0.550041;0
0;0.212767;0.552992;0
0;0.658483;0.65892;0
0;0.525632;0.628464;0
0;0.6822;0.66423;0
0;0.490674;0.620265;0
0;0.627123;0.651837;0
0;0.326322;0.580864;0
0;0.268365;0.566691;0
0;0.733625;0.6756;0
0;0.687086;0.665318;0
0;0.517789;0.626631;0
0;0.363307;0.589841;0
0;0.523689;0.62801;0
0;0.391722;0.596697;0
0;0.676899;0.663046;0
0;0.448474;0.610276;0
0;0.470836;0.615582;0
0;0.517071;0.626463;0
0;0.693739;0.666798;0
0;0.655195;0.65818;0
0;0.441529;0.608623;0
0;0.866811;0.704082;0
0;0.75212;0.67964;0
0;0.539757;0.631756;0
0;0.625203;0.651401;0
0;0.792359;0.688338;0
0;0.959585;0.723039;0
0;1.04723;0.740243;0
0;0.933542;0.717793;0
0;0.839398;0.698338;0
0;1.00697;0.732426;0
0;0.950094;0.721134;0
0;0.85849;0.702345;0
0;1.02437;0.735823;0
0;0.949835;0.721082;0
0;0.810551;0.692227;0
0;0.946695;0.72045;0
0;0.878842;0.706582;0
0;0.769971;0.683515;0
0;0.803445;0.690711;0
0;0.899117;0.710768;0
0;0.923549;0.715765;0
0;0.877701;0.706346;0
0;0.964615;0.724045;0
0;0.898402;0.710621;0
0;1.04578;0.739964;0
0;0.709814;0.67036;0
0;0.842638;0.699021;0
0;0.897558;0.710447;0
0;0.938457;0.718788;0
0;0.786989;0.687185;0
0;1.04742;0.74028;0
0;0.759616;0.68127;0
0;0.766226;0.682704;0
0;0.8818;0.707195;0
0;0.764089;0.682241;0
0;0.928528;0.716777;0
0;0.877304;0.706263;0
0;0.707004;0.669739;0
0;0.959971;0.723116;0
0;0.709632;0.67032;0
0;0.805074;0.691059;0
0;0.906621;0.712308;0
0;0.621577;0.650577;0
0;0.938798;0.718857;0
0;0.730705;0.67496;0
0;0.834313;0.697266;0
0;0.850451;0.700662;0
0;0.754304;0.680116;0
0;0.861891;0.703056;0
0;0.912143;0.713439;0
0;0.90933;0.712863;0
0;0.933554;0.717796;0
0;0.874431;0.705667;0
0;0.71341;0.671154;0
0;1.14906;0.759339;0
0;0.963167;0.723756;0
0;0.865213;0.703749;0
0;1.26836;0.780461;0
0;1.08688;0.747794;0
0;1.20246;0.768962;0
0;1.34823;0.79384;0
0;1.26867;0.780516;0
0;1.13397;0.756571;0
0;1.0954;0.749398;0
0;1.10448;0.751098;0
0;1.10659;0.751493;0
0;1.07021;0.744637;0
0;1.08449;0.747343;0
0;0.938902;0.718878;0
0;1.13306;0.756403;0
0;1.22186;0.77239;0
0;1.12339;0.754617;0
0;1.18231;0.765362;0
0;1.01753;0.734491;0
0;1.2391;0.775407;0
0;1.1649;0.762222;0
0;1.06659;0.743948;0
0;1.01035;0.733089;0
0;1.17221;0.763544;0
0;1.12779;0.75543;0
0;0.896465;0.710222;0
0;1.21713;0.771558;0
0;1.15047;0.759597;0
0;1.09458;0.749243;0
0;1.03068;0.737049;0
0;1.23042;0.773893;0
0;1.11871;0.753749;0
0;1.18993;0.766728;0
0;1.25855;0.778776;0
0;1.13855;0.757414;0
0;1.09007;0.748395;0
0;1.16011;0.761352;0
0;1.15979;0.761294;0
0;1.17925;0.764812;0
0;1.19117;0.76695;0
0;1.05497;0.741728;0
0;1.16423;0.762101;0
0;1.03097;0.737104;0
0;1.08536;0.747507;0
0;1.08351;0.747157;0
0;1.13886;0.75747;0
0;1.06048;0.742783;0
0;1.19845;0.768249;0
0;1.22522;0.772982;0
0;1.25034;0.777359;0
0;1.18443;0.765743;0
0;1.10382;0.750975;0
0;1.25801;0.778683;0
0;-0.160262;0.46002;1
0;-0.600069;0.354328;1
0;1.18039;0.765017;0
0;1.12439;0.754802;0
0;1.12939;0.755726;0
0;-0.059149;0.485217;1
0;-0.110096;0.472504;1
0;-0.441306;0.39143;1
0;0.269634;0.567003;0
0;-0.396621;0.402124;1
0;-0.0124455;0.496889;1
0;0.169318;0.542229;0
0;0.185763;0.546308;0
0;0.322775;0.58;0
0;-0.123406;0.469188;1
0;1.09853;0.749984;0
0;-0.506902;0.37592;1
0;-0.184832;0.453923;1
0;1.18466;0.765785;0
0;0.625558;0.651482;0
0;1.21255;0.77075;0
0;1.27016;0.780769;0
0;1.18788;0.766362;0
0;1.13208;0.756222;0
0;1.22526;0.772988;0
0;1.45692;0.811061;0
0;0.0140593;0.503515;0
0;1.26013;0.779048;0
0;-0.0446263;0.488845;1
0;1.27858;0.782208;0
0;1.30256;0.786266;0
0;1.35093;0.794282;0
0;1.27511;0.781615;0
0;1.36633;0.796787;0
0;1.33617;0.791859;0
0;1.41132;0.803973;0
0;1.32787;0.790488;0
0;1.28023;0.782488;0
0;1.30963;0.787451;0
0;1.32855;0.7906;0
0;1.44981;0.809969;0
0;1.45533;0.810817;0
0;1.14306;0.758241;0
0;0.970031;0.725126;0
0;1.25458;0.778091;0
0;1.30562;0.786779;0
0;1.34748;0.793718;0
0;1.38921;0.800466;0
0;1.20508;0.769427;0
0;1.3575;0.795353;0
0;1.38883;0.800406;0
0;1.31162;0.787784;0
0;1.30019;0.785868;0
0;1.21846;0.771792;0
0;0.853054;0.701207;0
0;0.824323;0.695153;0
0;0.944614;0.720031;0
0;0.710863;0.670592;0
0;0.873172;0.705405;0
0;0.900207;0.710992;0
0;0.944086;0.719924;0
0;0.677335;0.663144;0
0;0.876485;0.706093;0
0;0.655571;0.658265;0
0;0.829235;0.696193;0
0;0.862552;0.703194;0
0;0.939173;0.718933;0
0;0.863164;0.703321;0
0;0.877481;0.7063;0
0;0.693142;0.666666;0
0;0.860219;0.702706;0
0;0.976475;0.726408;0
0;0.895527;0.71003;0
0;1.05691;0.742099;0
0;0.961703;0.723463;0
0;0.981187;0.727344;0
0;0.795052;0.688915;0
0;0.886385;0.708144;0
0;0.96461;0.724044;0
0;0.818282;0.693871;0
0;0.948507;0.720815;0
0;0.901999;0.71136;0
0;0.816321;0.693455;0
0;0.481011;0.617987;0
0;0.927736;0.716616;0
0;0.563813;0.637334;0
0;0.697437;0.667619;0
0;0.747685;0.678674;0
0;0.885522;0.707965;0
0;0.926881;0.716442;0
0;0.644458;0.65576;0
0;0.886775;0.708224;0
0;0.530808;0.629672;0
0;0.789577;0.68774;0
0;0.918198;0.714675;0
0;0.845124;0.699543;0
0;0.695198;0.667122;0
0;0.78204;0.68612;0
0;0.742816;0.677611;0
0;0.804652;0.690969;0
0;0.880378;0.706901;0
0;0.932908;0.717665;0
0;0.770959;0.683728;0
0;0.769021;0.683309;0
0;0.71486;0.671474;0
0;0.437086;0.607564;0
0;0.829224;0.696191;0
0;1.00307;0.731661;0
0;0.787195;0.687229;0
0;0.915894;0.714205;0
0;1.56586;0.827192;0
0;1.64441;0.838134;0
0;1.73686;0.850288;0
0;1.40883;0.803582;0
0;1.68125;0.84307;0
0;1.60988;0.833394;0
0;1.72217;0.848408;0
0;1.48808;0.815791;0
0;1.62865;0.835984;0
0;1.71703;0.847746;0
0;1.70409;0.846069;0
0;1.58027;0.829242;0
0;1.4318;0.807181;0
0;1.67717;0.842529;0
0;1.76126;0.853367;0
0;1.5518;0.825174;0
0;1.59979;0.831989;0
0;1.7289;0.849271;0
0;1.71204;0.847101;0
0;1.45343;0.810525;0
0;1.41261;0.804178;0
0;1.64531;0.838256;0
0;1.78796;0.856678;0
0;1.70827;0.846611;0
0;1.50554;0.8184;0
0;1.70364;0.84601;0
0;1.51008;0.819073;0
0;1.62313;0.835227;0
0;1.69107;0.844365;0
0;1.72413;0.84866;0
0;1.39508;0.801402;0
0;1.70491;0.846175;0
0;1.66199;0.840505;0
0;1.66415;0.840794;0
0;1.58762;0.830281;0
0;1.53238;0.822355;0
0;1.46734;0.812653;0
0;1.66321;0.840669;0
0;1.71823;0.847901;0
0;1.67936;0.84282;0
0;1.57004;0.827789;0
0;1.55003;0.824918;0
0;1.62106;0.834942;0
0;1.60698;0.832992;0
0;1.63562;0.836938;0
0;1.61702;0.834383;0
0;1.70827;0.846612;0
0;1.71974;0.848095;0
0;1.59838;0.831792;0
0;1.6076;0.833078;0
0;1.82647;0.86134;0
0;1.42642;0.806343;0
0;1.72613;0.848917;0
0;1.50489;0.818303;0
0;1.62821;0.835924;0
0;1.72359;0.848591;0
0;1.61067;0.833504;0
0;1.65238;0.839212;0
0;1.65573;0.839664;0
0;1.72628;0.848935;0
0;1.65447;0.839494;0
0;1.65289;0.839281;0
0;1.62068;0.834889;0
0;1.76518;0.853857;0
0;1.50326;0.81806;0
0;1.63514;0.836873;0
0;1.58166;0.829439;0
0;1.46352;0.81207;0
0;1.47618;0.813995;0
0;1.44399;0.809071;0
0;1.49746;0.817195;0
0;1.62688;0.835742;0
0;1.42845;0.806659;0
0;1.50633;0.818516;0
0;1.69586;0.844994;0
0;1.55477;0.825602;0
0;1.67482;0.842218;0
0;1.55252;0.825277;0
0;1.43072;0.807014;0
0;1.49157;0.816313;0
0;1.50195;0.817865;0
0;1.35299;0.794617;0
0;1.40408;0.802831;0
0;1.38629;0.8;0
0;1.50418;0.818196;0
0;1.44821;0.809722;0
0;1.2365;0.774954;0
0;1.32984;0.790815;0
0;1.43115;0.80708;0
0;1.5115;0.819283;0
0;1.35001;0.794131;0
0;1.3603;0.795808;0
0;1.37344;0.797935;0
0;1.35301;0.794622;0
0;1.42743;0.806501;0
0;1.48044;0.81464;0
0;1.42956;0.806833;0
0;1.45084;0.810128;0
0;1.34881;0.793935;0
0;1.40785;0.803427;0
0;1.37211;0.79772;0
0;1.39645;0.801619;0
0;1.53642;0.822944;0
0;1.38162;0.799251;0
0;1.45466;0.810715;0
0;1.30279;0.786304;0
0;1.4125;0.80416;0
0;1.60145;0.832221;0
0;1.44461;0.809167;0
0;1.41565;0.804655;0
0;1.40221;0.802534;0
0;1.45062;0.810094;0
0;1.44191;0.80875;0
0;1.52941;0.82192;0
0;1.44337;0.808975;0
0;1.4981;0.81729;0
0;1.46304;0.811997;0
0;1.44833;0.809742;0
0;1.48608;0.815489;0
0;1.34304;0.792989;0
0;1.37555;0.798275;0
0;1.38859;0.800367;0
0;1.45502;0.810769;0
0;1.4585;0.811304;0
0;1.40807;0.803461;0
0;1.28098;0.782617;0
0;1.32824;0.790549;0
0;1.33097;0.791001;0
0;1.4217;0.805605;0
0;1.37488;0.798167;0
0;1.49718;0.817154;0
0;1.16203;0.761701;0
0;1.49896;0.817419;0
0;-1.82387;0.13897;1
0;0.179724;0.54481;0
0;-0.237532;0.440895;1
0;0.281947;0.570023;0
0;0.149863;0.537396;0
0;0.256195;0.563701;0
0;-0.194339;0.451568;1
0;0.176729;0.544068;0
0;0.61477;0.649028;0
0;0.670017;0.661507;0
0;0.701758;0.668577;0
0;0.821825;0.694624;0
0;0.732882;0.675437;0
0;0.736608;0.676254;0
0;0.846318;0.699794;0
0;0.728185;0.674407;0
0;0.619207;0.650038;0
0;0.718886;0.672362;0
0;0.707203;0.669783;0
0;0.701719;0.668569;0
0;0.729154;0.674619;0
0;0.591391;0.643684;0
0;0.605741;0.646969;0
0;0.72731;0.674215;0
0;0.412609;0.601713;0
0;0.758471;0.681022;0
0;0.659414;0.659129;0
0;0.584701;0.642148;0
0;0.706404;0.669606;0
0;0.666289;0.660672;0
0;0.739826;0.676958;0
0;0.542146;0.632311;0
0;0.514763;0.625923;0
0;0.688451;0.665622;0
0;0.708566;0.670084;0
0;0.597441;0.645071;0
0;0.578327;0.640682;0
0;0.613636;0.64877;0
0;0.602055;0.646126;0
0;0.896379;0.710205;0
0;0.473027;0.6161;0
0;0.671136;0.661757;0
0;0.668474;0.661161;0
0;0.625193;0.651399;0
0;0.518649;0.626832;0
0;0.5638;0.637331;0
0;0.520333;0.627226;0
0;0.691656;0.666335;0
0;0.747663;0.678669;0
0;0.546068;0.633223;0
0;0.63457;0.653525;0
0;0.736949;0.676328;0
0;0.665339;0.660459;0
0;0.671678;0.661879;0
0;0.661346;0.659563;0
0;0.440337;0.608339;0
0;0.365544;0.590382;0
0;0.562464;0.637023;0
0;0.543362;0.632594;0
0;0.630034;0.652497;0
0;0.416474;0.602639;0
0;0.548264;0.633733;0
0;0.671287;0.661791;0
0;0.49281;0.620768;0
0;0.491122;0.620371;0
0;0.649508;0.6569;0
0;0.451092;0.610899;0
0;0.641289;0.655045;0
0;0.663126;0.659962;0
0;0.653243;0.657741;0
0;0.651822;0.657421;0
0;0.525747;0.628491;0
0;0.595039;0.644521;0
0;0.554259;0.635123;0
0;0.662702;0.659867;0
0;0.683947;0.664619;0
0;0.362641;0.589679;0
0;0.321698;0.579738;0
0;0.362267;0.589589;0
0;0.272244;0.567644;0
0;0.423558;0.604334;0
0;0.312368;0.577463;0
0;0.711309;0.67069;0
0;0.376789;0.593098;0
0;0.411334;0.601408;0
0;0.419448;0.603351;0
0;0.402763;0.599351;0
0;0.346424;0.58575;0
0;0.262438;0.565236;0
0;0.421578;0.603861;0
0;0.379329;0.593711;0
0;0.212193;0.55285;0
0;0.306902;0.576129;0
0;0.297001;0.573709;0
0;0.47879;0.617462;0
0;0.563152;0.637182;0
0;0.392892;0.596979;0
0;0.4741;0.616354;0
0;0.506838;0.624065;0
0;0.285132;0.570804;0
0;0.30936;0.576729;0
0;0.567446;0.638174;0
0;0.313956;0.57785;0
0;0.722878;0.673241;0
0;0.509497;0.624689;0
0;0.249203;0.56198;0
0;0.328982;0.581512;0
0;0.436099;0.607329;0
0;0.271408;0.567438;0
0;0.235414;0.558583;0
0;0.244643;0.560858;0
0;0.322515;0.579937;0
0;0.396032;0.597734;0
0;0.493303;0.620884;0
0;0.306551;0.576043;0
0;0.416239;0.602583;0
0;0.397408;0.598065;0
0;0.193126;0.548132;0
0;0.28504;0.570781;0
0;0.238627;0.559375;0
0;0.432162;0.60639;0
0;0.218678;0.554453;0
0;0.302312;0.575008;0
0;0.411599;0.601471;0
0;0.32895;0.581504;0
0;0.303729;0.575354;0
0;0.212751;0.552988;0
0;0.478176;0.617317;0
0;0.433497;0.606708;0
0;0.439218;0.608073;0
0;0.248574;0.561826;0
0;0.353728;0.587521;0
0;0.459196;0.612823;0
0;0.399077;0.598466;0
0;0.2838;0.570478;0
0;0.229249;0.557063;0
0;0.336959;0.583452;0
0;0.348893;0.586349;0
0;0.42896;0.605625;0
0;0.331205;0.582053;0
0;0.284343;0.570611;0
0;0.291228;0.572297;0
0;0.437342;0.607625;0
0;0.51967;0.627071;0
0;0.485184;0.618971;0
0;0.272833;0.567788;0
0;0.83657;0.697742;0
0;0.850347;0.70064;0
0;0.824414;0.695172;0
0;0.680098;0.663761;0
0;0.965041;0.72413;0
0;0.766216;0.682702;0
0;0.723849;0.673454;0
0;0.768161;0.683123;0
0;0.901142;0.711184;0
0;0.749519;0.679074;0
0;0.913647;0.713746;0
0;0.888937;0.708671;0
0;0.921292;0.715305;0
0;0.834274;0.697258;0
0;0.758642;0.681059;0
0;0.852149;0.701018;0
0;0.783262;0.686383;0
0;0.798359;0.689623;0
0;0.929871;0.717049;0
0;0.696944;0.66751;0
0;0.866465;0.70401;0
0;0.740957;0.677205;0
0;0.982359;0.727576;0
0;0.966885;0.724498;0
0;0.747527;0.67864;0
0;0.657465;0.658691;0
0;0.755514;0.680379;0
0;0.817074;0.693615;0
0;0.945323;0.720174;0
0;0.874616;0.705705;0
0;0.771544;0.683855;0
0;0.678355;0.663371;0
0;0.746481;0.678411;0
0;0.684659;0.664778;0
0;0.89987;0.710923;0
0;0.600464;0.645763;0
0;0.724148;0.67352;0
0;0.627286;0.651874;0
0;0.636201;0.653894;0
0;0.870795;0.704911;0
0;0.781217;0.685942;0
0;0.844784;0.699472;0
0;0.701315;0.668479;0
0;0.494711;0.621216;0
0;0.618673;0.649917;0
0;0.721431;0.672922;0
0;0.702822;0.668813;0
0;0.68293;0.664392;0
0;0.694865;0.667048;0
0;0.74795;0.678732;0
0;0.740054;0.677008;0
0;0.722058;0.67306;0
0;0.719332;0.67246;0
0;0.72015;0.67264;0
0;0.690637;0.666109;0
0;0.564018;0.637382;0
0;0.466217;0.614488;0
0;0.852292;0.701048;0
0;0.766291;0.682718;0
0;0.751033;0.679404;0
0;0.622919;0.650882;0
0;0.715646;0.671647;0
0;0.719258;0.672444;0
0;0.708146;0.669991;0
0;0.795854;0.689087;0
0;0.627531;0.651929;0
0;0.68967;0.665893;0
0;0.435538;0.607195;0
0;0.301066;0.574703;0
0;-0.0128534;0.496787;1
0;0.74232;0.677503;0
0;0.602643;0.646261;0
0;0.625311;0.651425;0
0;0.776555;0.684937;0
0;0.366724;0.590667;0
0;0.347658;0.58605;0
0;-0.138841;0.465345;1
0;0.528283;0.629082;0
0;0.4358;0.607258;0
0;0.315462;0.578218;0
0;0.392109;0.59679;0
0;0.121527;0.530344;0
0;-0.685511;0.335032;1
0;0.394999;0.597486;0
0;0.380269;0.593938;0
0;0.195336;0.548679;0
0;0.538755;0.631523;0
0;0.286274;0.571084;0
0;0.472083;0.615877;0
0;0.431071;0.606129;0
0;0.427005;0.605158;0
0;0.360518;0.589166;0
0;0.478646;0.617428;0
0;0.102158;0.525517;0
0;0.149256;0.537245;0
0;0.216374;0.553883;0
0;0.230236;0.557306;0
0;-0.0903893;0.477418;1
0;0.162513;0.540539;0
0;0.280952;0.56978;0
0;0.0194225;0.504855;0
0;-0.171042;0.457343;1
0;0.0721168;0.518021;0
0;0.121081;0.530233;0
0;0.0569393;0.514231;0
0;0.150551;0.537567;0
0;0.143401;0.535789;0
0;0.128313;0.532034;0
0;0.129422;0.532311;0
0;0.0623667;0.515587;0
0;0.0405226;0.510129;0
0;0.151253;0.537741;0
0;0.20918;0.552105;0
0;0.0310139;0.507753;0
0;0.0625722;0.515638;0
0;0.0912313;0.522792;0
0;0.101125;0.52526;0
0;0.220764;0.554968;0
0;0.194722;0.548527;0
0;0.207676;0.551733;0
0;0.142693;0.535613;0
0;-0.0265243;0.493369;1
0;0.0428927;0.510722;0
0;-0.128367;0.467952;1
0;0.0994859;0.524851;0
0;-0.0882936;0.477941;1
0;1.43011;0.806919;0
0;1.38903;0.800438;0
0;1.37924;0.798868;0
0;1.30412;0.786527;0
0;1.46904;0.812912;0
0;1.05189;0.741138;0
0;1.27636;0.781829;0
0;1.46006;0.811542;0
0;1.23667;0.774983;0
0;1.30029;0.785884;0
0;1.54353;0.823978;0
0;1.53565;0.822832;0
0;1.61887;0.834639;0
0;1.48661;0.815569;0
0;1.31745;0.788758;0
0;1.47247;0.813433;0
0;1.46322;0.812025;0
0;1.17014;0.76317;0
0;1.23859;0.775318;0
0;1.42146;0.805568;0
0;1.1809;0.76511;0
0;1.16096;0.761508;0
0;1.07087;0.744763;0
0;1.11349;0.752779;0
0;1.38984;0.800567;0
0;1.54917;0.824794;0
0;1.46891;0.812892;0
0;1.49587;0.816958;0
0;1.32936;0.790735;0
0;1.4739;0.81365;0
0;1.16148;0.761601;0
0;1.08256;0.746978;0
0;1.11322;0.752729;0
0;1.39102;0.800755;0
0;1.32;0.789182;0
0;1.49152;0.816306;0
0;1.65622;0.83973;0
0;1.26716;0.780257;0
0;1.32399;0.789845;0
0;1.56887;0.827622;0
0;1.28117;0.782649;0
0;1.43723;0.808025;0
0;1.20209;0.768896;0
0;1.36766;0.797001;0
0;1.2599;0.779009;0
0;1.31608;0.788529;0
0;1.35362;0.794721;0
0;1.33518;0.791695;0
0;1.35645;0.795182;0
0;1.33782;0.792131;0
0;1.46195;0.81183;0
0;1.40695;0.803285;0
0;1.31143;0.787752;0
0;1.19053;0.766836;0
0;1.32577;0.790139;0
0;1.40606;0.803144;0
0;1.43664;0.807934;0
0;1.41414;0.804419;0
0;1.43393;0.807513;0
0;0.926101;0.716284;0
0;0.763232;0.682055;0
0;1.1571;0.760805;0
0;1.37832;0.798721;0
0;1.16899;0.762963;0
0;1.26779;0.780364;0
0;1.36711;0.796912;0
0;1.22151;0.772329;0
0;1.19986;0.768499;0
0;1.63113;0.836324;0
0;1.80351;0.858576;0
0;1.66481;0.840883;0
0;1.73747;0.850366;0
0;1.86656;0.866059;0
0;1.52783;0.821688;0
0;1.75343;0.852385;0
0;1.82155;0.860752;0
0;1.76389;0.853696;0
0;1.79151;0.857112;0
0;1.83967;0.862909;0
0;1.76174;0.853427;0
0;1.73116;0.84956;0
0;1.58307;0.829639;0
0;1.61027;0.833448;0
0;1.54751;0.824553;0
0;1.6465;0.838418;0
0;1.50579;0.818436;0
0;1.49819;0.817305;0
0;1.63402;0.83672;0
0;1.60034;0.832065;0
0;1.50557;0.818403;0
0;1.7537;0.852418;0
0;1.64365;0.838031;0
0;1.51633;0.819997;0
0;1.85454;0.864659;0
0;1.72437;0.84869;0
0;1.46081;0.811656;0
0;1.72156;0.84833;0
0;1.85674;0.864917;0
0;1.53488;0.822719;0
0;1.73486;0.850033;0
0;1.75716;0.852854;0
0;1.5228;0.82095;0
0;1.47683;0.814093;0
0;1.35055;0.79422;0
0;1.57964;0.829154;0
0;1.59675;0.831563;0
0;1.70815;0.846596;0
0;1.80628;0.858911;0
0;1.59111;0.830772;0
0;1.76484;0.853815;0
0;1.7047;0.846148;0
0;1.86709;0.866121;0
0;1.63505;0.83686;0
0;1.61533;0.83415;0
0;1.57439;0.828408;0
0;1.80701;0.859;0
0;1.92016;0.872156;0
0;1.72667;0.848986;0
0;1.82005;0.860572;0
0;1.73295;0.84979;0
0;1.58532;0.829957;0
0;1.67096;0.841703;0
0;1.72264;0.848468;0
0;1.6954;0.844933;0
0;1.7704;0.854507;0
0;1.68269;0.84326;0
0;1.71465;0.847439;0
0;1.50124;0.81776;0
0;1.71083;0.846943;0
0;1.719;0.847999;0
0;1.69455;0.844821;0
0;1.39372;0.801185;0
0;1.74161;0.850892;0
0;1.76561;0.853911;0
0;1.84096;0.863062;0
0;1.67125;0.841743;0
0;1.71967;0.848086;0
0;1.57994;0.829195;0
0;1.44893;0.809834;0
0;1.27168;0.78103;0
0;1.70952;0.846774;0
0;1.70811;0.846591;0
0;1.51484;0.819777;0
0;1.51519;0.81983;0
0;1.44839;0.80975;0
0;1.50363;0.818116;0
0;1.32956;0.790768;0
0;1.4679;0.812738;0
0;1.34589;0.793457;0
0;1.48395;0.815168;0
0;1.35726;0.795315;0
0;1.35637;0.795169;0
0;1.49794;0.817267;0
0;1.5365;0.822955;0
0;1.52086;0.820665;0
0;1.43819;0.808175;0
0;1.63504;0.836859;0
0;1.63027;0.836207;0
0;1.65607;0.83971;0
0;1.41776;0.804987;0
0;1.69857;0.845348;0
0;1.57738;0.828833;0
0;1.50704;0.818622;0
0;1.4979;0.817261;0
0;1.57688;0.828762;0
0;1.56173;0.826601;0
0;1.62691;0.835746;0
0;1.50838;0.818821;0
0;1.73681;0.850281;0
0;1.77;0.854457;0
0;1.70147;0.845726;0
0;1.62079;0.834905;0
0;-0.185879;0.453664;1
0;1.7982;0.85793;0
0;0.250965;0.562414;0
0;1.49272;0.816485;0
0;1.55458;0.825575;0
0;1.36681;0.796864;0
0;1.59094;0.830749;0
0;1.60853;0.833207;0
0;1.57342;0.82827;0
0;1.38206;0.799322;0
0;1.49211;0.816395;0
0;1.75616;0.852728;0
0;1.74751;0.851639;0
0;-0.209239;0.44788;1
0;1.31073;0.787635;0
0;1.65536;0.839614;0
0;1.62898;0.83603;0
0;1.75516;0.852603;0
0;1.55802;0.82607;0
0;1.71522;0.847512;0
0;1.55275;0.82531;0
0;1.4051;0.802992;0
0;1.41373;0.804354;0
0;1.52729;0.821609;0
0;1.30608;0.786856;0
0;1.06002;0.742695;0
0;1.37394;0.798016;0
0;1.49306;0.816537;0
0;1.45039;0.810059;0
0;1.18589;0.766005;0
0;1.01707;0.734401;0
0;1.05489;0.741713;0
0;0.791151;0.688078;0
0;1.01365;0.733734;0
0;0.859032;0.702458;0
0;0.961544;0.723431;0
0;0.817718;0.693752;0
0;0.953941;0.721907;0
0;0.96138;0.723398;0
0;0.963546;0.723831;0
0;0.977213;0.726555;0
0;0.825457;0.695394;0
0;1.06957;0.744515;0
0;0.858615;0.702371;0
0;0.839535;0.698367;0
0;0.82081;0.694408;0
0;0.784768;0.686707;0
0;0.749967;0.679171;0
0;0.793518;0.688586;0
0;0.970623;0.725244;0
0;0.846812;0.699898;0
0;0.893693;0.709652;0
0;0.899197;0.710784;0
0;0.763505;0.682114;0
0;0.933373;0.717759;0
0;0.806731;0.691413;0
0;0.802773;0.690567;0
0;0.882132;0.707264;0
0;0.854036;0.701413;0
0;0.662224;0.65976;0
0;1.03916;0.738688;0
0;0.833384;0.69707;0
0;0.777857;0.685218;0
0;0.972874;0.725692;0
0;0.828101;0.695953;0
0;0.891403;0.70918;0
0;0.97648;0.726409;0
0;0.959268;0.722975;0
0;0.962219;0.723566;0
0;0.679186;0.663557;0
0;0.886807;0.708231;0
0;0.847347;0.70001;0
0;0.859251;0.702504;0
0;0.99332;0.729743;0
0;0.952543;0.721626;0
0;0.958481;0.722818;0
0;0.923883;0.715833;0
0;0.913269;0.713669;0
0;0.981851;0.727475;0
0;0.889134;0.708712;0
0;1.03492;0.737869;0
0;0.977851;0.726682;0
0;0.998799;0.730822;0
0;1.0171;0.734408;0
0;1.05244;0.741243;0
0;0.954474;0.722014;0
0;0.850132;0.700595;0
0;0.889382;0.708763;0
0;1.10368;0.750949;0
0;0.904285;0.711829;0
0;0.959548;0.723031;0
0;0.95065;0.721246;0
0;0.962624;0.723647;0
0;0.902929;0.711551;0
0;0.999051;0.730872;0
0;0.817445;0.693694;0
0;0.94542;0.720193;0
0;0.990586;0.729204;0
0;0.980032;0.727115;0
0;0.306377;0.576001;0
0;0.674917;0.662603;0
0;0.680113;0.663764;0
0;0.63725;0.654132;0
0;0.526562;0.628681;0
0;0.375174;0.592709;0
0;0.47956;0.617644;0
0;0.392959;0.596995;0
0;0.313158;0.577656;0
0;0.404644;0.599803;0
0;0.56684;0.638034;0
0;0.660793;0.659438;0
0;0.489564;0.620004;0
0;0.39382;0.597202;0
0;0.515689;0.626139;0
0;0.658066;0.658826;0
0;0.555278;0.635359;0
0;0.293644;0.572888;0
0;0.336182;0.583263;0
0;0.677965;0.663284;0
0;0.488211;0.619685;0
0;0.504839;0.623596;0
0;0.174958;0.543628;0
0;0.433276;0.606656;0
0;0.349754;0.586558;0
0;0.333492;0.582609;0
0;-0.0948918;0.476295;1
0;0.459305;0.612849;0
0;0.548579;0.633806;0
0;-0.0251036;0.493724;1
0;0.208409;0.551914;0
0;0.288957;0.571741;0
0;0.459421;0.612877;0
0;0.614202;0.648899;0
0;0.508607;0.62448;0
0;0.576286;0.640212;0
0;0.414563;0.602181;0
0;0.906322;0.712247;0
0;0.709402;0.670269;0
0;0.989796;0.729048;0
0;0.577984;0.640603;0
0;0.737546;0.676459;0
0;0.850191;0.700607;0
0;0.826934;0.695706;0
0;0.78147;0.685997;0
0;0.683114;0.664433;0
0;0.553141;0.634864;0
0;0.728264;0.674424;0
0;0.787255;0.687242;0
0;0.759152;0.68117;0
0;0.724969;0.6737;0
0;0.617642;0.649682;0
0;0.597113;0.644995;0
0;0.519232;0.626968;0
0;0.536773;0.631061;0
0;0.823857;0.695055;0
0;0.780592;0.685808;0
0;0.569618;0.638675;0
0;0.612851;0.648591;0
0;0.588504;0.643022;0
0;0.578944;0.640824;0
0;0.521572;0.627515;0
0;0.327832;0.581232;0
0;0.577883;0.64058;0
0;0.563026;0.637152;0
0;0.620265;0.650279;0
0;0.389729;0.596218;0
0;1.5682;0.827527;0
0;1.61569;0.8342;0
0;1.61306;0.833835;0
0;1.57276;0.828176;0
0;0.990686;0.729223;0
0;1.5287;0.821816;0
0;1.79077;0.857022;0
0;1.64946;0.838818;0
0;1.56978;0.827752;0
0;1.4477;0.809644;0
0;1.46231;0.811886;0
0;1.63793;0.837253;0
0;1.54732;0.824527;0
0;1.6231;0.835223;0
0;1.54058;0.823549;0
0;1.54085;0.823588;0
0;1.56358;0.826866;0
0;1.64228;0.837845;0
0;1.65461;0.839513;0
0;1.58589;0.830037;0
0;1.60636;0.832906;0
0;1.60105;0.832165;0
0;1.57415;0.828375;0
0;1.45741;0.811136;0
0;1.44957;0.809932;0
0;1.47539;0.813875;0
0;1.57051;0.827856;0
0;1.56395;0.82692;0
0;1.47805;0.814277;0
0;1.54412;0.824062;0
0;1.48391;0.815163;0
0;1.55392;0.825479;0
0;1.50118;0.81775;0
0;1.54014;0.823485;0
0;1.57171;0.828028;0
0;1.47504;0.813822;0
0;1.42601;0.806279;0
0;1.35643;0.795179;0
0;1.46414;0.812165;0
0;1.59197;0.830893;0
0;1.51514;0.819821;0
0;1.4499;0.809984;0
0;1.53097;0.822148;0
0;1.45529;0.810811;0
0;1.45907;0.81139;0
0;1.29115;0.784342;0
0;1.54867;0.824722;0
0;1.44456;0.809159;0
0;1.55024;0.824949;0
0;1.57666;0.828731;0
0;1.45196;0.810301;0
0;1.59694;0.831591;0
0;1.3357;0.791782;0
0;1.50953;0.818992;0
0;1.62227;0.835108;0
0;1.27029;0.780793;0
0;1.41888;0.805163;0
0;1.40958;0.803699;0
0;1.42609;0.806291;0
0;1.46947;0.812977;0
0;1.33806;0.792171;0
0;1.28139;0.782686;0
0;1.57404;0.828359;0
0;1.5239;0.821112;0
0;1.21409;0.771022;0
0;1.49863;0.81737;0
0;1.02958;0.736835;0
0;0.823363;0.69495;0
0;0.866523;0.704022;0
0;0.883931;0.707636;0
0;0.935084;0.718106;0
0;0.844889;0.699494;0
0;0.882858;0.707414;0
0;0.933109;0.717706;0
0;0.824208;0.695129;0
0;1.00144;0.731341;0
0;1.07267;0.745105;0
0;0.928477;0.716766;0
0;0.836815;0.697794;0
0;0.895291;0.709981;0
0;0.931126;0.717304;0
0;0.953586;0.721836;0
0;0.861494;0.702973;0
0;0.824201;0.695127;0
0;0.92718;0.716503;0
0;0.77375;0.684332;0
0;0.767821;0.683049;0
0;0.804358;0.690906;0
0;0.888428;0.708566;0
0;1.54975;0.824877;0
0;0.889333;0.708753;0
0;0.930665;0.71721;0
0;0.883914;0.707633;0
0;0.906478;0.712279;0
0;0.832403;0.696863;0
0;0.7281;0.674388;0
0;0.71252;0.670958;0
0;0.923201;0.715694;0
0;0.472103;0.615881;0
0;0.880727;0.706973;0
0;0.681044;0.663972;0
0;0.912336;0.713478;0
0;0.809707;0.692047;0
0;0.936028;0.718297;0
0;0.927892;0.716648;0
0;0.787558;0.687307;0
0;0.759887;0.681329;0
0;0.828784;0.696098;0
0;0.811711;0.692474;0
0;0.707463;0.66984;0
0;0.721413;0.672918;0
0;0.879562;0.706732;0
0;0.929308;0.716935;0
0;0.938122;0.71872;0
0;0.890348;0.708962;0
0;0.939152;0.718928;0
0;0.831957;0.696769;0
0;0.829908;0.696335;0
0;0.978509;0.726812;0
0;0.834546;0.697315;0
0;0.819185;0.694063;0
0;0.875576;0.705905;0
0;0.886687;0.708206;0
0;0.794678;0.688835;0
0;0.692944;0.666622;0
0;0.874729;0.705729;0
0;0.938424;0.718781;0
0;0.667327;0.660904;0
0;0.869906;0.704726;0
0;0.596359;0.644823;0
0;0.562122;0.636944;0
0;0.637108;0.654099;0
0;0.8164;0.693472;0
0;0.390495;0.596402;0
0;0.166323;0.541485;0
0;0.37821;0.593441;0
0;0.48602;0.619168;0
0;0.465399;0.614294;0
0;0.239031;0.559475;0
0;0.469056;0.61516;0
0;0.418952;0.603233;0
0;0.379409;0.59373;0
0;0.675685;0.662775;0
0;0.489013;0.619874;0
0;0.494168;0.621088;0
0;0.517486;0.62656;0
0;0.413481;0.601922;0
0;0.389178;0.596085;0
0;0.521131;0.627412;0
0;0.529878;0.629455;0
0;0.527688;0.628944;0
0;0.838418;0.698132;0
0;1.05963;0.74262;0
0;1.18278;0.765447;0
0;0.780814;0.685856;0
0;0.78256;0.686232;0
0;0.791447;0.688142;0
0;0.917404;0.714513;0
0;0.859485;0.702553;0
0;0.768859;0.683274;0
0;0.607931;0.647469;0
0;0.939839;0.719067;0
0;1.22328;0.772641;0
0;0.867383;0.704201;0
0;0.762546;0.681906;0
0;0.838214;0.698089;0
0;0.831506;0.696673;0
0;0.696296;0.667366;0
0;0.878095;0.706427;0
0;0.823658;0.695012;0
0;0.756545;0.680603;0
0;0.851883;0.700962;0
0;0.962652;0.723652;0
0;0.802207;0.690446;0
0;0.849471;0.700456;0
0;0.799111;0.689784;0
0;0.929223;0.716918;0
0;0.769639;0.683443;0
0;0.713441;0.671161;0
0;0.939744;0.719048;0
0;0.781766;0.686061;0
0;0.877947;0.706397;0
0;0.768808;0.683263;0
0;0.92214;0.715478;0
0;0.741944;0.677421;0
0;0.825634;0.695431;0
0;0.760055;0.681366;0
0;0.842376;0.698965;0
0;0.85713;0.702061;0
0;0.746674;0.678454;0
0;0.69518;0.667118;0
0;0.782134;0.68614;0
0;0.579867;0.641037;0
0;0.768688;0.683237;0
0;0.784795;0.686713;0
0;0.617874;0.649735;0
0;0.873309;0.705434;0
0;0.825866;0.69548;0
0;1.04554;0.739918;0
0;0.946089;0.720328;0
0;0.759522;0.68125;0
0;0.733962;0.675674;0
0;1.176;0.764228;0
0;1.43593;0.807824;0
0;1.27173;0.781039;0
0;1.33892;0.792312;0
0;1.47298;0.813511;0
0;1.27234;0.781143;0
0;1.33842;0.79223;0
0;1.17139;0.763396;0
0;1.29284;0.784627;0
0;1.24223;0.775951;0
0;1.41069;0.803874;0
0;1.2785;0.782194;0
0;1.55454;0.825569;0
0;1.33107;0.791018;0
0;1.28806;0.783818;0
0;1.38862;0.800372;0
0;1.60799;0.833132;0
0;1.39111;0.800769;0
0;1.65637;0.83975;0
0;1.59396;0.831172;0
0;1.31255;0.78794;0
0;1.38219;0.799343;0
0;1.48105;0.814731;0
0;1.38195;0.799303;0
0;1.58854;0.830411;0
0;1.348;0.793802;0
0;1.37784;0.798645;0
0;1.39662;0.801647;0
0;1.32552;0.790099;0
0;1.44084;0.808585;0
0;1.31187;0.787825;0
0;1.52955;0.82194;0
0;1.33625;0.791873;0
0;1.53622;0.822915;0
0;1.58363;0.829718;0
0;1.42732;0.806483;0
0;1.47781;0.814242;0
0;1.52375;0.82109;0
0;1.049;0.740582;0
0;1.37631;0.798397;0
0;1.49547;0.816898;0
0;1.35856;0.795526;0
0;1.57254;0.828145;0
0;1.23799;0.775214;0
0;1.20632;0.769647;0
0;1.21922;0.771926;0
0;1.2032;0.769093;0
0;1.21414;0.771031;0
0;1.64394;0.83807;0
0;1.2252;0.772977;0
0;1.68222;0.843198;0
0;1.5388;0.823291;0
0;1.5925;0.830967;0
0;1.62836;0.835946;0
0;1.49217;0.816404;0
0;1.45135;0.810207;0
0;1.62965;0.836121;0
0;1.46872;0.812863;0
0;1.62224;0.835104;0
0;1.52054;0.820618;0
0;1.27126;0.780958;0
0;1.58249;0.829557;0
0;1.38955;0.800521;0
0;1.48982;0.816051;0
0;1.4223;0.805699;0
0;1.42594;0.806268;0
0;0.313019;0.577622;0
0;0.186125;0.546397;0
0;0.210621;0.552462;0
0;0.362235;0.589581;0
0;0.303305;0.57525;0
0;-0.0211311;0.494717;1
0;0.10645;0.526587;0
0;0.120757;0.530153;0
0;0.179608;0.544782;0
0;0.112836;0.528179;0
0;0.429038;0.605644;0
0;0.551295;0.634436;0
0;0.13294;0.533186;0
0;-0.0083821;0.497904;1
0;0.298672;0.574118;0
0;0.265326;0.565945;0
0;0.113571;0.528362;0
0;0.223224;0.555575;0
0;0.202055;0.550343;0
0;0.143662;0.535854;0
0;0.511847;0.625239;0
0;0.281132;0.569824;0
0;0.150251;0.537492;0
0;0.0801866;0.520036;0
0;0.261568;0.565022;0
0;0.234543;0.558368;0
0;0.222302;0.555348;0
0;0.167051;0.541666;0
0;0.128453;0.532069;0
0;0.156387;0.539017;0
0;0.16282;0.540615;0
0;0.171859;0.542859;0
0;0.232844;0.557949;0
0;0.175779;0.543832;0
0;0.293279;0.572799;0
0;0.205531;0.551203;0
0;0.137341;0.534281;0
0;0.283395;0.570378;0
0;0.23092;0.557475;0
0;0.179228;0.544687;0
0;0.239371;0.559559;0
0;0.25098;0.562418;0
0;0.317337;0.578675;0
0;0.11721;0.529269;0
0;0.230227;0.557304;0
0;0.180094;0.544902;0
0;0.255008;0.563409;0
0;0.121932;0.530445;0
0;0.321235;0.579625;0
0;0.188338;0.546946;0
0;0.574327;0.639761;0
0;0.14867;0.537099;0
0;0.205628;0.551227;0
0;0.127726;0.531888;0
0;0.532845;0.630146;0
0;0.484611;0.618836;0
0;0.19326;0.548165;0
0;0.11235;0.528058;0
0;0.151957;0.537916;0
0;0.12871;0.532133;0
0;0.208028;0.55182;0
0;0.0408165;0.510203;0
0;0.195104;0.548622;0
0;0.194735;0.54853;0
0;0.147366;0.536775;0
0;0.133948;0.533437;0
0;0.151361;0.537768;0
0;0.202086;0.55035;0
0;0.0147257;0.503681;0
0;0.16269;0.540583;0
0;0.475204;0.616615;0
0;0.21599;0.553788;0
0;0.356057;0.588086;0
0;0.30308;0.575195;0
0;0.594775;0.64446;0
0;0.511346;0.625122;0
0;0.324494;0.580419;0
0;0.223237;0.555579;0
0;0.469653;0.615302;0
0;0.226167;0.556302;0
0;0.431689;0.606277;0
0;0.397161;0.598005;0
0;0.541978;0.632272;0
0;0.417669;0.602925;0
0;0.176333;0.543969;0
0;0.430966;0.606104;0
0;0.228948;0.556988;0
0;0.351242;0.586919;0
0;0.34541;0.585504;0
0;0.412189;0.601613;0
0;0.433936;0.606813;0
0;0.399673;0.598609;0
0;0.344874;0.585374;0
0;0.565349;0.637689;0
0;0.331468;0.582117;0
0;0.42252;0.604086;0
0;0.300858;0.574652;0
0;0.32839;0.581368;0
0;0.370158;0.591497;0
0;0.193307;0.548177;0
0;0.265563;0.566003;0
0;0.434731;0.607003;0
0;0.19838;0.549433;0
0;0.293791;0.572924;0
0;0.289544;0.571885;0
0;0.262044;0.565139;0
0;0.268833;0.566806;0
0;0.395681;0.59765;0
0;0.237543;0.559108;0
0;0.243984;0.560695;0
0;0.428579;0.605534;0
0;0.265969;0.566103;0
0;0.188024;0.546868;0
0;0.0913772;0.522828;0
0;0.264739;0.565801;0
0;0.262965;0.565365;0
0;0.241216;0.560013;0
0;0.334295;0.582804;0
0;0.368233;0.591032;0
0;0.240813;0.559914;0
0;0.212987;0.553046;0
0;0.217144;0.554074;0
0;0.196235;0.548902;0
0;0.324601;0.580445;0
0;0.275742;0.568502;0
0;0.222576;0.555416;0
0;0.343637;0.585074;0
0;0.285916;0.570996;0
0;0.301836;0.574891;0
0;0.10817;0.527016;0
0;0.369;0.591217;0
0;0.390462;0.596394;0
0;0.325433;0.580648;0
0;0.436084;0.607326;0
0;0.21242;0.552906;0
0;0.515411;0.626074;0
0;0.379814;0.593828;0
0;0.35295;0.587333;0
0;0.236703;0.558901;0
0;0.243068;0.56047;0
0;0.337554;0.583596;0
0;0.936059;0.718303;0
0;0.889879;0.708865;0
0;1.05329;0.741405;0
0;0.869305;0.704601;0
0;0.865703;0.703851;0
0;0.996583;0.730386;0
0;0.849355;0.700432;0
0;0.892214;0.709347;0
0;0.877263;0.706255;0
0;0.826246;0.695561;0
0;0.914645;0.71395;0
0;0.898131;0.710565;0
0;0.781948;0.6861;0
0;0.87525;0.705837;0
0;0.797113;0.689357;0
0;0.854526;0.701516;0
0;0.857046;0.702043;0
0;0.759723;0.681293;0
0;0.800627;0.690109;0
0;0.676288;0.66291;0
0;0.734485;0.675789;0
0;0.840919;0.698659;0
0;0.706297;0.669582;0
0;0.885679;0.707998;0
0;0.742623;0.677569;0
0;0.6713;0.661794;0
0;0.663962;0.66015;0
0;0.860391;0.702742;0
0;0.809652;0.692035;0
0;0.617249;0.649593;0
0;0.717761;0.672114;0
0;0.754839;0.680232;0
0;0.707075;0.669755;0
0;0.697605;0.667656;0
0;0.839275;0.698313;0
0;0.87;0.704746;0
0;0.785147;0.686788;0
0;0.921069;0.71526;0
0;0.715448;0.671604;0
0;0.760609;0.681486;0
0;0.814363;0.693038;0
0;0.641099;0.655002;0
0;0.745172;0.678126;0
0;0.90497;0.71197;0
0;0.679192;0.663558;0
0;0.761537;0.681687;0
0;0.671821;0.661911;0
0;0.718119;0.672193;0
0;0.653664;0.657836;0
0;0.565576;0.637742;0
0;0.618333;0.649839;0
0;0.689456;0.665846;0
0;0.768394;0.683173;0
0;0.717958;0.672157;0
0;0.648066;0.656574;0
0;0.674195;0.662442;0
0;0.679231;0.663567;0
0;0.773996;0.684385;0
0;0.679273;0.663576;0
0;0.774289;0.684448;0
0;0.821416;0.694537;0
0;0.804925;0.691027;0
0;0.804389;0.690913;0
0;0.636405;0.65394;0
0;0.777612;0.685165;0
0;0.680175;0.663778;0
0;0.574914;0.639896;0
0;0.682876;0.66438;0
0;0.604201;0.646617;0
0;0.599158;0.645464;0
0;0.81023;0.692158;0
0;0.747398;0.678611;0
0;0.643025;0.655437;0
0;0.665466;0.660487;0
0;0.692609;0.666547;0
0;0.698953;0.667956;0
0;0.707991;0.669957;0
0;0.693892;0.666832;0
0;0.841411;0.698762;0
0;0.472117;0.615885;0
0;0.753819;0.68001;0
0;0.596535;0.644863;0
0;0.698373;0.667827;0
0;0.805553;0.691161;0
0;0.779285;0.685526;0
0;0.759847;0.681321;0
0;1.04723;0.740242;0
0;0.535373;0.630735;0
0;0.708315;0.670029;0
0;0.498702;0.622154;0
0;0.649379;0.65687;0
0;0.610553;0.648067;0
0;0.441635;0.608649;0
0;0.602557;0.646241;0
0;0.800741;0.690133;0
0;0.544215;0.632792;0
0;0.576088;0.640167;0
0;0.573295;0.639523;0
0;0.615503;0.649195;0
0;0.50547;0.623744;0
0;0.578701;0.640769;0
0;0.571956;0.639214;0
0;0.526697;0.628712;0
0;0.572503;0.63934;0
0;0.559517;0.636341;0
0;0.508128;0.624368;0
0;0.769948;0.68351;0
0;0.393754;0.597186;0
0;0.550004;0.634136;0
0;0.801775;0.690354;0
0;0.502824;0.623123;0
0;0.781271;0.685954;0
0;0.43031;0.605948;0
0;0.431589;0.606253;0
0;0.704604;0.669208;0
0;0.3902;0.596331;0
0;0.516764;0.626391;0
0;0.522629;0.627762;0
0;0.579607;0.640977;0
0;0.515479;0.62609;0
0;0.449085;0.610422;0
0;0.590864;0.643563;0
0;0.437038;0.607553;0
0;0.49134;0.620422;0
0;0.639835;0.654716;0
0;0.642238;0.655259;0
0;0.498897;0.6222;0
0;0.532875;0.630153;0
0;0.672423;0.662046;0
0;0.596006;0.644742;0
0;0.677717;0.663229;0
0;0.612741;0.648566;0
0;0.541874;0.632248;0
0;0.506067;0.623884;0
0;0.646291;0.656174;0
0;0.728988;0.674583;0
0;0.560827;0.636644;0
0;0.420345;0.603566;0
0;0.591265;0.643655;0
0;0.462872;0.613695;0
0;0.663074;0.65995;0
0;0.592566;0.643954;0
0;0.499539;0.622351;0
0;0.9862;0.728337;0
0;1.02877;0.736677;0
0;0.948887;0.720891;0
0;1.25016;0.777328;0
0;0.901908;0.711341;0
0;1.05241;0.741238;0
0;1.07796;0.746109;0
0;0.978572;0.726825;0
0;0.887073;0.708286;0
0;0.967057;0.724533;0
0;1.06352;0.743363;0
0;1.00139;0.731331;0
0;0.992713;0.729623;0
0;0.893631;0.709639;0
0;0.993924;0.729862;0
0;0.990302;0.729148;0
0;0.938768;0.718851;0
0;0.998787;0.73082;0
0;0.870157;0.704778;0
0;1.00583;0.732203;0
0;0.884504;0.707755;0
0;0.976081;0.72633;0
0;0.897744;0.710486;0
0;0.928251;0.71672;0
0;1.034;0.73769;0
0;0.982468;0.727598;0
0;0.963443;0.723811;0
0;1.13625;0.756991;0
0;0.899316;0.710809;0
0;0.98653;0.728402;0
0;1.10515;0.751224;0
0;0.892554;0.709417;0
0;1.10863;0.751873;0
0;1.1303;0.755894;0
0;1.08989;0.74836;0
0;1.09479;0.749284;0
0;1.06104;0.74289;0
0;0.960203;0.723162;0
0;1.09297;0.748941;0
0;1.1568;0.76075;0
0;1.06887;0.744382;0
0;0.995415;0.730156;0
0;1.02612;0.736163;0
0;0.929832;0.717041;0
0;1.11742;0.75351;0
0;1.04304;0.739437;0
0;1.34621;0.793509;0
0;1.31819;0.788881;0
0;1.21162;0.770585;0
0;1.27395;0.781417;0
0;0.534058;0.630429;0
0;1.24941;0.777198;0
0;0.791189;0.688087;0
0;0.720252;0.672663;0
0;0.769895;0.683498;0
0;0.92014;0.715071;0
0;0.905052;0.711987;0
0;1.05165;0.741092;0
0;0.856932;0.702019;0
0;0.943895;0.719886;0
0;1.16412;0.762081;0
0;0.776652;0.684958;0
0;0.892386;0.709382;0
0;0.965849;0.724291;0
0;1.0407;0.738985;0
0;1.04878;0.74054;0
0;1.05491;0.741718;0
0;1.09339;0.74902;0
0;0.950448;0.721205;0
0;1.02889;0.7367;0
0;1.06776;0.744171;0
0;0.657645;0.658731;0
0;1.00645;0.732325;0
0;0.767539;0.682988;0
0;0.827452;0.695816;0
0;0.319559;0.579217;0
0;0.739808;0.676954;0
0;0.523784;0.628032;0
0;0.589603;0.643274;0
0;0.890572;0.709008;0
0;0.681442;0.664061;0
0;0.557732;0.635927;0
0;0.615302;0.649149;0
0;1.07937;0.746374;0
0;0.637289;0.65414;0
0;0.700288;0.668252;0
0;0.676215;0.662893;0
0;0.893677;0.709648;0
0;1.00909;0.732842;0
0;0.929679;0.71701;0
0;1.05977;0.742646;0
0;0.718237;0.672219;0
0;0.992177;0.729518;0
0;0.761344;0.681646;0
0;0.854656;0.701543;0
0;0.780906;0.685875;0
0;1.02027;0.735025;0
0;0.994424;0.729961;0
0;0.695175;0.667117;0
0;0.673972;0.662392;0
0;0.403362;0.599495;0
0;0.625975;0.651576;0
0;0.522999;0.627849;0
0;0.820263;0.694292;0
0;1.12025;0.754035;0
0;0.818015;0.693815;0
0;0.725219;0.673755;0
0;0.750458;0.679278;0
0;0.682192;0.664228;0
0;1.02027;0.735026;0
0;0.695963;0.667292;0
0;0.880681;0.706963;0
0;0.992164;0.729515;0
0;0.828726;0.696085;0
0;0.910384;0.713079;0
0;0.685212;0.664901;0
0;1.01578;0.734149;0
0;1.05742;0.742196;0
0;0.793064;0.688489;0
0;0.882474;0.707335;0
0;0.700952;0.668399;0
0;0.993053;0.729691;0
0;1.0156;0.734114;0
0;0.536679;0.63104;0
0;0.705675;0.669445;0
0;0.623288;0.650966;0
0;0.546345;0.633287;0
0;0.926034;0.71627;0
0;0.425331;0.604758;0
0;0.63457;0.653525;0
0;0.951395;0.721396;0
0;0.776069;0.684832;0
0;0.909816;0.712963;0
0;0.908511;0.712695;0
0;0.760624;0.681489;0
0;0.937006;0.718494;0
0;0.99971;0.731002;0
0;0.858476;0.702342;0
0;0.863508;0.703393;0
0;1.03435;0.737758;0
0;0.870793;0.704911;0
0;0.857731;0.702186;0
0;0.865365;0.70378;0
0;0.716168;0.671763;0
0;0.751778;0.679566;0
0;0.726974;0.674141;0
0;0.786516;0.687083;0
0;0.804711;0.690981;0
0;0.765303;0.682504;0
0;0.869786;0.704701;0
0;0.888125;0.708503;0
0;0.881681;0.70717;0
0;0.640417;0.654848;0
0;0.824576;0.695207;0
0;0.769765;0.68347;0
0;0.989388;0.728967;0
0;0.827299;0.695783;0
0;1.08193;0.74686;0
0;0.983487;0.7278;0
0;1.05501;0.741735;0
0;0.733807;0.67564;0
0;1.01752;0.734489;0
0;0.897717;0.71048;0
0;0.910426;0.713087;0
0;0.919452;0.71493;0
0;0.834803;0.69737;0
0;0.934724;0.718033;0
0;0.81849;0.693916;0
0;0.877582;0.706321;0
0;1.08082;0.746649;0
0;0.902286;0.711419;0
0;0.967229;0.724567;0
0;0.992661;0.729613;0
0;0.996636;0.730397;0
0;1.0237;0.735693;0
0;0.786211;0.687017;0
0;1.00692;0.732417;0
0;0.949879;0.721091;0
0;0.97671;0.726455;0
0;0.953989;0.721917;0
0;0.956039;0.722328;0
0;1.06007;0.742705;0
0;0.743195;0.677694;0
0;0.949063;0.720927;0
0;0.914912;0.714004;0
0;0.95321;0.72176;0
0;0.941446;0.719392;0
0;0.91681;0.714392;0
0;0.887429;0.708359;0
0;0.899761;0.7109;0
0;0.779383;0.685547;0
0;0.769378;0.683386;0
0;0.840863;0.698647;0
0;0.742661;0.677578;0
0;0.978868;0.726884;0
0;0.870578;0.704866;0
0;0.955211;0.722162;0
0;1.05266;0.741286;0
0;1.04352;0.739529;0
0;1.01405;0.733813;0
0;0.757278;0.680763;0
0;0.964329;0.723988;0
0;0.797115;0.689357;0
0;0.872983;0.705366;0
0;0.643367;0.655514;0
0;0.507557;0.624234;0
0;0.449537;0.610529;0
0;0.423814;0.604396;0
0;0.415725;0.60246;0
0;0.460237;0.61307;0
0;0.258936;0.564375;0
0;0.304302;0.575494;0
0;0.143725;0.53587;0
0;0.21017;0.55235;0
0;0.250393;0.562273;0
0;0.105019;0.526231;0
0;0.106689;0.526647;0
0;0.119174;0.529758;0
0;0.216161;0.553831;0
0;0.461109;0.613277;0
0;0.165272;0.541224;0
0;0.403271;0.599473;0
0;0.298449;0.574063;0
0;0.0376951;0.509423;0
0;0.613443;0.648726;0
0;0.62984;0.652453;0
0;0.542825;0.632469;0
0;0.730624;0.674942;0
0;0.584291;0.642054;0
0;0.793494;0.688581;0
0;0.479644;0.617664;0
0;0.124703;0.531135;0
0;0.701975;0.668626;0
0;0.759088;0.681156;0
0;0.511339;0.62512;0
0;0.631524;0.652835;0
0;0.61995;0.650207;0
0;0.538248;0.631405;0
0;0.827619;0.695851;0
0;0.410965;0.601319;0
0;0.558824;0.63618;0
0;0.46953;0.615272;0
0;0.419982;0.603479;0
0;0.27225;0.567645;0
0;0.406361;0.600215;0
0;0.187946;0.546849;0
0;0.469249;0.615206;0
0;0.43232;0.606428;0
0;0.346725;0.585823;0
0;0.347559;0.586026;0
0;0.573079;0.639473;0
0;0.529606;0.629391;0
0;0.664879;0.660355;0
0;0.765673;0.682584;0
0;0.437185;0.607588;0
0;0.604722;0.646736;0
0;0.663465;0.660038;0
0;0.403613;0.599555;0
0;0.642162;0.655242;0
0;0.572726;0.639392;0
0;0.800573;0.690097;0
0;0.651421;0.657331;0
0;0.483382;0.618546;0
0;0.559387;0.636311;0
0;0.309095;0.576664;0
0;0.393453;0.597114;0
0;0.568047;0.638312;0
0;0.503249;0.623223;0
0;0.697749;0.667688;0
0;0.500294;0.622528;0
0;0.39845;0.598315;0
0;0.646547;0.656232;0
0;0.576125;0.640175;0
0;0.984432;0.727987;0
0;0.688122;0.665549;0
0;0.853761;0.701356;0
0;0.945732;0.720256;0
0;0.97971;0.727051;0
0;0.973453;0.725807;0
0;0.881164;0.707063;0
0;0.949484;0.721011;0
0;0.93009;0.717094;0
0;0.653876;0.657883;0
0;0.50265;0.623082;0
0;0.882418;0.707323;0
0;0.837938;0.698031;0
0;0.771815;0.683913;0
0;0.727187;0.674188;0
0;0.810682;0.692255;0
0;0.783675;0.686472;0
0;0.619743;0.65016;0
0;0.746556;0.678428;0
0;0.610613;0.648081;0
0;0.703054;0.668865;0
0;0.728616;0.674501;0
0;0.899515;0.71085;0
0;0.632625;0.653084;0
0;0.426605;0.605063;0
0;0.742071;0.677449;0
0;0.600771;0.645833;0
0;0.881416;0.707116;0
0;0.712035;0.670851;0
0;0.720243;0.672661;0
0;0.453148;0.611387;0
0;0.54795;0.63366;0
0;0.607288;0.647322;0
0;0.62019;0.650262;0
0;0.367527;0.590861;0
0;0.710469;0.670505;0
0;0.686144;0.665109;0
0;0.693605;0.666768;0
0;0.749041;0.67897;0
0;0.524808;0.628271;0
0;0.614144;0.648885;0
0;0.612398;0.648488;0
0;0.665277;0.660445;0
0;0.537838;0.631309;0
0;0.505323;0.623709;0
0;0.539804;0.631767;0
0;0.418149;0.60304;0
0;0.721308;0.672895;0
0;0.554623;0.635207;0
0;0.592987;0.64405;0
0;0.620597;0.650354;0
0;0.614509;0.648969;0
0;0.800476;0.690076;0
0;0.613295;0.648692;0
0;0.58138;0.641385;0
0;0.663837;0.660122;0
0;0.517655;0.626599;0
0;0.510365;0.624892;0
0;0.518414;0.626777;0
0;0.784525;0.686655;0
0;0.651733;0.657401;0
0;0.456017;0.612069;0
0;0.811143;0.692353;0
0;0.806933;0.691456;0
0;0.69144;0.666287;0
0;0.647257;0.656392;0
0;0.731375;0.675107;0
0;0.847432;0.700028;0
0;0.464119;0.613991;0
0;0.458856;0.612743;0
0;0.53496;0.630639;0
0;0.40696;0.600359;0
0;0.323701;0.580226;0
0;0.350217;0.58667;0
0;0.370623;0.59161;0
0;0.479484;0.617626;0
0;0.451511;0.610999;0
0;0.401868;0.599136;0
0;0.417355;0.60285;0
0;0.436726;0.607479;0
0;0.511094;0.625063;0
0;0.300415;0.574544;0
0;0.541462;0.632152;0
0;0.571785;0.639175;0
0;0.423352;0.604285;0
0;0.465213;0.61425;0
0;0.463459;0.613834;0
0;0.446109;0.609714;0
0;0.470782;0.615569;0
0;0.351825;0.58706;0
0;0.443166;0.609013;0
0;0.399794;0.598638;0
0;0.431906;0.606329;0
0;0.46972;0.615317;0
0;0.419396;0.603339;0
0;0.317373;0.578684;0
0;0.386458;0.59543;0
0;0.350556;0.586752;0
0;0.321556;0.579703;0
0;0.458951;0.612765;0
0;0.389937;0.596267;0
0;0.44261;0.608881;0
0;0.274294;0.568147;0
0;0.40111;0.598954;0
0;0.298732;0.574132;0
0;0.320779;0.579514;0
0;0.529238;0.629305;0
0;0.413158;0.601845;0
0;0.414557;0.60218;0
0;0.418615;0.603152;0
0;0.451778;0.611062;0
0;0.426107;0.604944;0
0;0.421917;0.603942;0
0;0.331875;0.582215;0
0;0.375404;0.592764;0
0;0.442638;0.608887;0
0;0.391169;0.596564;0
0;0.276395;0.568662;0
0;0.610433;0.64804;0
0;0.414036;0.602055;0
0;0.39663;0.597878;0
0;0.506661;0.624023;0
0;0.551556;0.634497;0
0;0.372622;0.592093;0
0;0.415749;0.602466;0
0;0.560927;0.636667;0
1;-0.934866;0.281938;1
1;-1.094;0.250866;1
1;-0.970583;0.274764;1
1;-1.08547;0.252472;1
1;-1.19674;0.232055;1
1;-0.917565;0.285454;1
1;-1.06444;0.256461;1
1;-1.43066;0.192995;1
1;-1.21578;0.22868;1
1;-1.37951;0.201087;1
1;-1.04013;0.261126;1
1;-1.17908;0.235218;1
1;-1.16558;0.237655;1
1;-1.38087;0.200869;1
1;-1.30287;0.213683;1
1;-0.882845;0.292589;1
1;-1.03076;0.262937;1
1;-0.344268;0.414773;1
1;-1.39604;0.198446;1
1;-0.969804;0.27492;1
1;-1.12929;0.244292;1
1;-1.0798;0.253544;1
1;-0.955114;0.277857;1
1;-0.964481;0.275982;1
1;-0.974044;0.274075;1
1;-0.829079;0.30384;1
1;-0.910373;0.286923;1
1;-0.924729;0.283995;1
1;-1.10848;0.248154;1
1;-0.818027;0.306183;1
1;-1.06111;0.257097;1
1;-0.69579;0.332746;1
1;-1.08529;0.252506;1
1;-0.946212;0.279647;1
1;-0.754097;0.319929;1
1;-0.763847;0.317812;1
1;-0.924997;0.283941;1
1;-0.939571;0.280987;1
1;-0.705598;0.330572;1
1;-1.03485;0.262144;1
1;-0.845587;0.300359;1
1;-1.10518;0.24877;1
1;-0.949377;0.27901;1
1;-0.92031;0.284895;1
1;-0.934045;0.282105;1
1;-1.13516;0.243211;1
1;-0.939802;0.28094;1
1;-0.954537;0.277973;1
1;-0.954942;0.277892;1
1;-0.0781241;0.480479;1
1;-0.0637679;0.484063;1
1;-0.120885;0.469815;1
1;-0.0472298;0.488195;1
1;-0.0594223;0.485149;1
1;-0.133821;0.466595;1
1;0.0417552;0.510437;0
1;0.0770144;0.519244;0
1;-0.0391481;0.490214;1
1;0.078043;0.519501;0
1;-0.0910821;0.477245;1
1;0.00724838;0.501812;0
1;-0.0230201;0.494245;1
1;-0.0691023;0.482731;1
1;-0.0439959;0.489003;1
1;-0.00583937;0.49854;1
1;-0.00433686;0.498916;1
1;0.0679955;0.516992;0
1;-0.0786879;0.480338;1
1;0.0809943;0.520238;0
1;-0.136237;0.465993;1
1;0.00685904;0.501715;0
1;-0.125701;0.468616;1
1;0.184191;0.545918;0
1;0.00545094;0.501363;0
1;0.0985887;0.524627;0
1;0.236675;0.558894;0
1;0.0535881;0.513394;0
1;0.117745;0.529402;0
1;0.0184598;0.504615;0
1;0.0218594;0.505465;0
1;0.00261519;0.500654;0
1;0.0102134;0.502553;0
1;-0.0734534;0.481645;1
1;0.110654;0.527635;0
1;-0.0230434;0.494239;1
1;-0.0483461;0.487916;1
1;-0.0438559;0.489038;1
1;-0.0432267;0.489195;1
1;0.0241129;0.506028;0
1;0.00769231;0.501923;0
1;0.0221505;0.505537;0
1;0.08917;0.522278;0
1;-0.0990749;0.475252;1
1;0.100089;0.525001;0
1;0.0284333;0.507108;0
1;0.0366177;0.509153;0
1;0.0937338;0.523416;0
1;-0.0290466;0.492739;1
1;-0.0174721;0.495632;1
1;0.0797;0.519914;0
1;0.0286512;0.507162;0
1;0.0347683;0.508691;0
1;-0.521491;0.372504;1
1;-0.599023;0.354567;1
1;-0.488733;0.380192;1
1;-0.630966;0.347292;1
1;-0.749663;0.320895;1
1;-0.623397;0.349009;1
1;-0.708459;0.329939;1
1;-0.942364;0.280423;1
1;-0.791771;0.311788;1
1;-0.813221;0.307205;1
1;-0.555502;0.364589;1
1;-0.600769;0.354168;1
1;-0.542452;0.367617;1
1;-0.831839;0.303256;1
1;-0.894894;0.290101;1
1;-0.849329;0.299574;1
1;-0.853577;0.298683;1
1;-0.569879;0.361265;1
1;-0.701696;0.331436;1
1;-0.806336;0.308672;1
1;-0.305443;0.424227;1
1;0.497245;0.621812;0
1;0.110485;0.527593;0
1;0.0162439;0.504061;0
1;-0.0525625;0.486862;1
1;-0.366575;0.409369;1
1;-0.391827;0.403277;1
1;-0.572047;0.360765;1
1;0.0357179;0.508929;0
1;0.0284843;0.507121;0
1;-0.167652;0.458185;1
1;-0.299608;0.425653;1
1;-0.417388;0.397142;1
1;-0.501077;0.377288;1
1;-0.723286;0.32667;1
1;-0.330271;0.418175;1
1;-0.591288;0.356339;1
1;-0.348674;0.413704;1
1;-0.432835;0.39345;1
1;-0.358583;0.411303;1
1;-0.163683;0.45917;1
1;-0.464639;0.385886;1
1;-0.392347;0.403152;1
1;-0.423725;0.395626;1
1;-0.129512;0.467667;1
1;-0.319384;0.420826;1
1;-0.26226;0.434808;1
1;-0.370849;0.408336;1
1;-0.792455;0.311642;1
1;-0.513874;0.374286;1
1;-0.357075;0.411668;1
1;-0.404202;0.400303;1
1;-0.35412;0.412384;1
1;-0.135822;0.466097;1
1;-0.477563;0.382828;1
1;-0.00439718;0.498901;1
1;-0.234641;0.441607;1
1;-0.00860288;0.497849;1
1;-0.499941;0.377555;1
1;-0.209421;0.447835;1
1;-0.406988;0.399634;1
1;-0.550674;0.365708;1
1;-0.51742;0.373456;1
1;-0.560851;0.363351;1
1;-0.469208;0.384804;1
1;-0.38299;0.405406;1
1;-0.354336;0.412331;1
1;-0.546571;0.36666;1
1;-0.492898;0.379211;1
1;-0.652943;0.342327;1
1;-0.599988;0.354346;1
1;0.244176;0.560742;0
1;-0.298366;0.425957;1
1;-0.136236;0.465994;1
1;-0.166461;0.458481;1
1;-0.043988;0.489005;1
1;-0.0374358;0.490642;1
1;-0.0727632;0.481817;1
1;-0.194093;0.451629;1
1;-0.127041;0.468282;1
1;0.129396;0.532304;0
1;0.0866439;0.521647;0
1;-0.194517;0.451523;1
1;-0.0732503;0.481696;1
1;0.160785;0.54011;0
1;-0.101596;0.474623;1
1;-0.0415266;0.48962;1
1;0.105011;0.526229;0
1;0.0741129;0.51852;0
1;0.0241585;0.506039;0
1;-0.0800429;0.48;1
1;-0.348464;0.413755;1
1;0.219998;0.554779;0
1;0.0639956;0.515993;0
1;0.110693;0.527645;0
1;-0.106866;0.473309;1
1;-0.297833;0.426087;1
1;-0.347806;0.413915;1
1;-0.149316;0.46274;1
1;-0.174094;0.456586;1
1;-0.258974;0.435616;1
1;-0.176046;0.456102;1
1;-0.15399;0.461578;1
1;-0.155411;0.461225;1
1;-0.0318701;0.492033;1
1;-0.075928;0.481027;1
1;-0.174404;0.456509;1
1;-0.196761;0.450968;1
1;-0.111813;0.472076;1
1;-0.0252004;0.4937;1
1;-0.0699685;0.482515;1
1;-0.14017;0.465015;1
1;-0.068559;0.482867;1
1;-0.0988915;0.475297;1
1;-0.182267;0.454559;1
1;-0.185783;0.453687;1
1;0.0242364;0.506059;0
1;-0.30283;0.424866;1
1;-0.398259;0.401731;1
1;-0.536194;0.369073;1
1;-0.118152;0.470496;1
1;-0.375744;0.407154;1
1;-0.0798035;0.48006;1
1;-0.344957;0.414606;1
1;-0.359656;0.411043;1
1;-0.277333;0.431108;1
1;-0.31829;0.421093;1
1;-0.0741012;0.481483;1
1;-0.274001;0.431925;1
1;-0.542941;0.367504;1
1;-0.266275;0.433822;1
1;-0.607022;0.352739;1
1;-0.473511;0.383786;1
1;-0.0914746;0.477147;1
1;-0.18413;0.454097;1
1;0.0105285;0.502632;0
1;-0.180292;0.455049;1
1;-0.121203;0.469736;1
1;-0.400121;0.401283;1
1;-0.828286;0.304008;1
1;-0.568936;0.361482;1
1;-0.612608;0.351465;1
1;-0.62701;0.348189;1
1;-0.671661;0.338125;1
1;-0.451386;0.389031;1
1;-0.560071;0.363531;1
1;-0.465488;0.385685;1
1;-0.691509;0.333697;1
1;-0.714429;0.328621;1
1;-0.624199;0.348827;1
1;-0.505183;0.376323;1
1;-0.604785;0.35325;1
1;-0.517796;0.373368;1
1;-0.629831;0.347549;1
1;-0.69505;0.332911;1
1;-0.551529;0.36551;1
1;-0.617751;0.350293;1
1;-0.684448;0.335269;1
1;-0.723044;0.326723;1
1;-0.661574;0.340386;1
1;-0.561265;0.363255;1
1;-0.663907;0.339863;1
1;-0.677437;0.336834;1
1;-0.598396;0.354711;1
1;-0.737694;0.323509;1
1;-0.671335;0.338198;1
1;-0.458359;0.387375;1
1;-0.734174;0.324279;1
1;-0.606427;0.352875;1
1;-0.475381;0.383343;1
1;-0.64;0.345247;1
1;-0.507951;0.375674;1
1;-0.593523;0.355827;1
1;-0.668937;0.338735;1
1;-0.711608;0.329244;1
1;-0.692899;0.333389;1
1;-0.575641;0.359936;1
1;-0.554436;0.364836;1
1;-0.695089;0.332902;1
1;-0.796335;0.31081;1
1;-0.681047;0.336028;1
1;-0.574536;0.360191;1
1;-0.395553;0.402381;1
1;-0.648283;0.343377;1
1;-0.702509;0.331256;1
1;-0.447292;0.390005;1
1;-0.573244;0.360489;1
1;-0.493622;0.379041;1
1;-0.562037;0.363076;1
1;-0.648575;0.343311;1
1;-0.526585;0.371314;1
1;-0.704745;0.330761;1
1;-0.672173;0.338011;1
1;-0.628037;0.347956;1
1;-0.584142;0.35798;1
1;-0.639712;0.345312;1
1;-0.627882;0.347991;1
1;-0.509615;0.375284;1
1;-0.683734;0.335428;1
1;-0.634774;0.346429;1
1;-0.961138;0.27665;1
1;-0.893756;0.290335;1
1;-0.720879;0.327199;1
1;-0.91615;0.285743;1
1;-0.801378;0.309731;1
1;-0.914753;0.286028;1
1;-1.07197;0.255029;1
1;-0.775471;0.315297;1
1;-0.947021;0.279484;1
1;-0.997374;0.269458;1
1;-0.90493;0.288038;1
1;-1.04318;0.260537;1
1;-0.709932;0.329614;1
1;-0.0634518;0.484142;1
1;-1.04062;0.261031;1
1;-0.153067;0.461808;1
1;-0.988379;0.271232;1
1;-1.02861;0.263354;1
1;-0.938576;0.281188;1
1;-1.05008;0.259211;1
1;-1.18677;0.233836;1
1;-1.079;0.253695;1
1;-1.0668;0.256012;1
1;-0.856182;0.298138;1
1;-1.33265;0.208721;1
1;-1.13649;0.242965;1
1;-0.9346;0.281992;1
1;-1.16883;0.237066;1
1;-0.995944;0.26974;1
1;-1.03741;0.261651;1
1;-1.00825;0.267322;1
1;-1.03808;0.261521;1
1;-1.06564;0.256234;1
1;-1.04297;0.260576;1
1;-1.23214;0.225807;1
1;-0.923799;0.284184;1
1;-0.752455;0.320287;1
1;-1.08584;0.252402;1
1;-0.739057;0.32321;1
1;-0.958037;0.277271;1
1;-1.13403;0.243418;1
1;-1.05793;0.257706;1
1;-1.07203;0.255016;1
1;-1.15956;0.238746;1
1;-1.28328;0.216993;1
1;-1.10528;0.248751;1
1;-1.03026;0.263033;1
1;-1.01399;0.266199;1
1;-0.920798;0.284795;1
1;-1.0273;0.263608;1
1;-1.08397;0.252755;1
1;-0.867923;0.295687;1
1;-0.966032;0.275672;1
1;-0.797687;0.310521;1
1;-1.15929;0.238796;1
1;-1.11189;0.247519;1
1;-1.02733;0.263603;1
1;-0.719183;0.327573;1
1;-0.99836;0.269264;1
1;-1.07171;0.255079;1
1;-1.09096;0.251437;1
1;-0.96442;0.275994;1
1;-1.03475;0.262164;1
1;-1.26859;0.219498;1
1;-1.11217;0.247466;1
1;-1.03993;0.261163;1
1;-1.10765;0.24831;1
1;-0.858478;0.297658;1
1;-0.292863;0.427303;1
1;-0.822723;0.305186;1
1;-0.68543;0.33505;1
1;-0.565393;0.362301;1
1;-0.713152;0.328903;1
1;-0.774841;0.315433;1
1;-0.818253;0.306135;1
1;-0.766091;0.317325;1
1;-0.881829;0.292799;1
1;-0.703234;0.331096;1
1;-0.699003;0.332033;1
1;-0.589082;0.356846;1
1;-0.538882;0.368448;1
1;-0.762796;0.31804;1
1;-0.817658;0.306261;1
1;-0.973979;0.274088;1
1;-0.806413;0.308655;1
1;-0.805337;0.308885;1
1;-0.51966;0.372932;1
1;-0.716891;0.328078;1
1;-0.773157;0.315797;1
1;-0.646627;0.34375;1
1;-0.571691;0.360847;1
1;-0.446831;0.390115;1
1;-0.627486;0.348081;1
1;-0.511505;0.374841;1
1;-0.587541;0.357199;1
1;-0.50528;0.376301;1
1;-0.339091;0.41603;1
1;-0.376871;0.406882;1
1;-0.496484;0.378367;1
1;-0.367409;0.409167;1
1;-0.367942;0.409038;1
1;-0.332762;0.417569;1
1;-0.504254;0.376541;1
1;-0.389152;0.403922;1
1;-0.345247;0.414536;1
1;-0.405984;0.399875;1
1;-0.44413;0.390757;1
1;-0.408;0.399392;1
1;-0.384235;0.405106;1
1;-0.341285;0.415497;1
1;-0.443838;0.390827;1
1;-0.463221;0.386222;1
1;-0.412748;0.398253;1
1;-0.541029;0.367948;1
1;-0.488507;0.380245;1
1;-0.504075;0.376584;1
1;-0.446328;0.390234;1
1;-0.353676;0.412491;1
1;-0.382629;0.405493;1
1;-0.508082;0.375643;1
1;-0.4493;0.389527;1
1;-0.442096;0.391242;1
1;-0.428168;0.394564;1
1;-0.378662;0.40645;1
1;-0.515616;0.373878;1
1;-0.415716;0.397542;1
1;-0.467959;0.385099;1
1;-0.470493;0.3845;1
1;-0.359149;0.411166;1
1;-0.444631;0.390638;1
1;-0.419673;0.396595;1
1;-0.32767;0.418808;1
1;-0.469589;0.384714;1
1;-0.526359;0.371366;1
1;-0.472675;0.383983;1
1;-0.364025;0.409986;1
1;-0.442353;0.39118;1
1;-0.443863;0.390821;1
1;-0.450475;0.389248;1
1;-0.446447;0.390206;1
1;-0.355437;0.412065;1
1;-0.528769;0.370804;1
1;-0.449236;0.389542;1
1;-0.409625;0.399002;1
1;-0.422585;0.395898;1
1;-0.469507;0.384733;1
1;-0.453306;0.388575;1
1;-0.58013;0.358903;1
1;-0.410862;0.398706;1
1;-0.341041;0.415557;1
1;-0.485765;0.380892;1
1;-0.388711;0.404028;1
1;-0.466549;0.385433;1
1;-0.529691;0.370589;1
1;-0.3934;0.402899;1
1;-0.469854;0.384651;1
1;-0.456183;0.387892;1
1;-0.436282;0.392627;1
1;-0.0900784;0.477496;1
1;-0.194584;0.451507;1
1;0.260555;0.564773;0
1;-0.454132;0.388379;1
1;-0.385165;0.404882;1
1;-1.01146;0.266695;1
1;-0.260268;0.435298;1
1;-0.865243;0.296245;1
1;-0.840336;0.301464;1
1;-0.930366;0.282851;1
1;0.072792;0.51819;0
1;-1.00593;0.267778;1
1;-0.12219;0.46949;1
1;-0.32689;0.418998;1
1;-0.330006;0.418239;1
1;-0.259989;0.435367;1
1;-0.424656;0.395403;1
1;-0.191772;0.452203;1
1;-1.03907;0.26133;1
1;-0.819715;0.305824;1
1;-0.97587;0.273712;1
1;-0.917622;0.285443;1
1;-0.777017;0.314963;1
1;-1.34488;0.206709;1
1;-1.153;0.239941;1
1;-1.32828;0.209445;1
1;-1.08341;0.252861;1
1;-0.707955;0.330051;1
1;-1.04164;0.260834;1
1;-0.90995;0.28701;1
1;-1.13573;0.243106;1
1;-0.960052;0.276868;1
1;-0.757254;0.319243;1
1;-0.655918;0.341657;1
1;-0.591818;0.356218;1
1;-0.401531;0.400945;1
1;-0.470551;0.384486;1
1;-0.00617912;0.498455;1
1;-0.734891;0.324122;1
1;-0.22149;0.444853;1
1;-0.55541;0.36461;1
1;-0.623411;0.349006;1
1;-0.361236;0.41066;1
1;-0.6402;0.345201;1
1;-0.344972;0.414602;1
1;-0.479628;0.38234;1
1;-0.391681;0.403313;1
1;-0.631239;0.34723;1
1;-0.628354;0.347884;1
1;-0.553263;0.365108;1
1;-0.540548;0.36806;1
1;-0.369024;0.408777;1
1;-0.620354;0.349701;1
1;-0.624165;0.348835;1
1;-0.507323;0.375821;1
1;-0.426423;0.394981;1
1;-0.499598;0.377635;1
1;-0.354301;0.41234;1
1;-0.605012;0.353198;1
1;-0.277334;0.431107;1
1;-0.346025;0.414347;1
1;-0.245763;0.438867;1
1;-0.701204;0.331545;1
1;-0.647008;0.343664;1
1;-0.654369;0.342006;1
1;-0.344659;0.414678;1
1;-0.616562;0.350564;1
1;-0.361234;0.410661;1
1;-0.546634;0.366646;1
1;-0.410737;0.398735;1
1;-0.782717;0.313735;1
1;-0.647151;0.343632;1
1;-0.318084;0.421143;1
1;-0.431569;0.393752;1
1;-0.465118;0.385772;1
1;-0.562362;0.363001;1
1;-0.700967;0.331598;1
1;-0.634919;0.346396;1
1;-0.60283;0.353696;1
1;-0.393342;0.402913;1
1;-0.718863;0.327643;1
1;-0.398836;0.401592;1
1;-0.350665;0.413221;1
1;-0.544668;0.367102;1
1;-0.506881;0.375925;1
1;-0.724723;0.326354;1
1;-0.394653;0.402598;1
1;-0.673403;0.337735;1
1;-0.406893;0.399657;1
1;-0.411447;0.398565;1
1;-0.412572;0.398296;1
1;-0.752208;0.32034;1
1;-0.40799;0.399394;1
1;-0.370401;0.408444;1
1;-0.564239;0.362567;1
1;-0.26212;0.434843;1
1;-0.681578;0.335909;1
1;-0.46271;0.386343;1
1;-0.670871;0.338302;1
1;-0.344594;0.414694;1
1;-0.592176;0.356136;1
1;-0.783117;0.313648;1
1;-0.615355;0.350839;1
1;-0.661101;0.340492;1
1;-0.658421;0.341094;1
1;-0.580085;0.358913;1
1;-0.305585;0.424193;1
1;-0.53573;0.369181;1
1;-0.668512;0.33883;1
1;-0.446751;0.390133;1
1;-0.312493;0.422506;1
1;-0.724196;0.32647;1
1;-0.619965;0.349789;1
1;-0.476688;0.383035;1
1;-1.16167;0.238363;1
1;-1.08354;0.252837;1
1;-0.448357;0.389751;1
1;-1.30442;0.213422;1
1;-0.774485;0.31551;1
1;-1.00377;0.2682;1
1;-1.01442;0.266115;1
1;-0.924642;0.284013;1
1;-0.919869;0.284985;1
1;-1.03677;0.261773;1
1;-1.00708;0.267552;1
1;-0.232967;0.44202;1
1;-0.849245;0.299591;1
1;-0.88337;0.29248;1
1;-1.05152;0.258933;1
1;-1.0351;0.262097;1
1;-1.03036;0.263015;1
1;-0.490881;0.379686;1
1;-0.989712;0.270969;1
1;-1.06314;0.25671;1
1;-0.942428;0.28041;1
1;-0.851733;0.299069;1
1;-0.977831;0.273322;1
1;-1.06827;0.255732;1
1;-0.949878;0.278909;1
1;-0.198088;0.450639;1
1;-0.972234;0.274435;1
1;-1.12556;0.244981;1
1;-0.193845;0.45169;1
1;-0.909456;0.287111;1
1;-0.994309;0.270062;1
1;-0.828973;0.303862;1
1;-1.07742;0.253995;1
1;-1.05761;0.257766;1
1;-0.6959;0.332722;1
1;-0.819761;0.305814;1
1;-0.87587;0.294034;1
1;-0.890009;0.291108;1
1;-0.890014;0.291107;1
1;-0.983256;0.272246;1
1;-0.990411;0.270831;1
1;-0.968248;0.27523;1
1;-1.1067;0.248486;1
1;-0.967991;0.275281;1
1;-1.10482;0.248838;1
1;-1.03075;0.262938;1
1;-1.14886;0.240697;1
1;-1.19852;0.231739;1
1;-1.31296;0.211992;1
1;-0.98426;0.272047;1
1;-1.13301;0.243606;1
1;-1.24008;0.224423;1
1;-1.08147;0.253228;1
1;-0.897435;0.289578;1
1;-1.1081;0.248225;1
1;-1.03427;0.262258;1
1;-0.949378;0.27901;1
1;-1.02275;0.264493;1
1;-0.897966;0.289469;1
1;-1.24144;0.224185;1
1;-1.20197;0.231125;1
1;-1.01964;0.265098;1
1;-1.13295;0.243617;1
1;-0.981896;0.272516;1
1;-1.29928;0.214286;1
1;-1.14788;0.240876;1
1;-0.516768;0.373608;1
1;-0.52226;0.372324;1
1;-0.566938;0.361944;1
1;-0.422616;0.395891;1
1;-0.393446;0.402888;1
1;-0.376033;0.407084;1
1;-0.49359;0.379048;1
1;-0.383814;0.405207;1
1;-0.576581;0.35972;1
1;-0.3388;0.416101;1
1;-0.697732;0.332315;1
1;-0.562479;0.362974;1
1;-0.514049;0.374245;1
1;-0.570094;0.361215;1
1;-0.654526;0.34197;1
1;-0.623078;0.349082;1
1;-0.281794;0.430014;1
1;-0.509139;0.375395;1
1;-0.449872;0.389391;1
1;-0.635832;0.346189;1
1;-0.313748;0.4222;1
1;-0.425445;0.395215;1
1;-0.614998;0.35092;1
1;-0.775462;0.315299;1
1;-0.951485;0.278586;1
1;-1.04267;0.260636;1
1;-0.988656;0.271178;1
1;-0.986978;0.271509;1
1;-1.23365;0.225542;1
1;-1.06943;0.255511;1
1;-0.987086;0.271488;1
1;-1.22592;0.226896;1
1;-1.16954;0.236937;1
1;-1.06578;0.256206;1
1;-1.00941;0.267095;1
1;-1.13028;0.24411;1
1;-1.17997;0.235057;1
1;-1.15182;0.240156;1
1;-1.10729;0.248377;1
1;-1.04835;0.259541;1
1;-1.21403;0.22899;1
1;-1.143;0.24177;1
1;-1.12395;0.245279;1
1;-1.12965;0.244226;1
1;-1.02585;0.263889;1
1;-1.24116;0.224235;1
1;-1.06893;0.255607;1
1;-1.07156;0.255106;1
1;-1.01308;0.266378;1
1;-1.09441;0.250788;1
1;-1.28325;0.216997;1
1;-1.07934;0.253631;1
1;-1.04908;0.259401;1
1;-1.20634;0.230348;1
1;-1.12716;0.244685;1
1;-1.16957;0.236934;1
1;-1.00436;0.268086;1
1;-1.07601;0.254262;1
1;-1.07708;0.254058;1
1;-1.072;0.255023;1
1;-0.966549;0.275569;1
1;-1.13745;0.242789;1
1;1.11166;0.752438;0
1;-1.24877;0.222913;1
1;-1.12592;0.244915;1
1;-1.21506;0.228808;1
1;-1.1778;0.235448;1
1;-0.950483;0.278788;1
1;-1.16205;0.238295;1
1;-1.02359;0.264329;1
1;-1.27804;0.217884;1
1;-1.11876;0.246241;1
1;-1.22766;0.226591;1
1;-1.22963;0.226247;1
1;-1.118;0.246383;1
1;-1.03414;0.262283;1
1;-1.48672;0.184415;1
1;-1.36526;0.203387;1
1;-1.4077;0.196597;1
1;-1.41556;0.195359;1
1;-1.3583;0.204516;1
1;-1.20802;0.230051;1
1;-1.37367;0.202027;1
1;-1.1799;0.23507;1
1;-1.21094;0.229535;1
1;-1.21586;0.228666;1
1;-1.60369;0.167466;1
1;-1.64385;0.161942;1
1;-1.51831;0.179711;1
1;-1.29568;0.214893;1
1;-1.20672;0.230282;1
1;-1.44056;0.191459;1
1;-1.1885;0.233527;1
1;-1.44954;0.190073;1
1;-1.51869;0.179654;1
1;-1.08852;0.251898;1
1;-1.42537;0.19382;1
1;-1.33145;0.20892;1
1;-1.43112;0.192924;1
1;-1.29881;0.214365;1
1;-1.0216;0.264715;1
1;-1.67494;0.157766;1
1;-1.25102;0.222523;1
1;-1.41814;0.194953;1
1;-1.3249;0.210004;1
1;-1.48579;0.184554;1
1;-1.15666;0.239274;1
1;-1.32654;0.209732;1
1;-1.36487;0.20345;1
1;-1.22091;0.227776;1
1;-1.14434;0.241525;1
1;-1.25859;0.221217;1
1;-1.14211;0.241934;1
1;-1.14249;0.241864;1
1;-1.38187;0.200709;1
1;-1.20999;0.229703;1
1;-1.46779;0.187279;1
1;-1.11424;0.247081;1
1;-1.37114;0.202436;1
1;-1.17258;0.236389;1
1;-1.07382;0.254677;1
1;-1.15055;0.240389;1
1;-1.1984;0.23176;1
1;-1.11483;0.246972;1
1;-1.08865;0.251873;1
1;-1.37408;0.201961;1
1;-1.35322;0.205344;1
1;-1.12254;0.24554;1
1;-1.17796;0.23542;1
1;-1.12517;0.245054;1
1;-1.38092;0.200861;1
1;-1.13394;0.243435;1
1;-1.43124;0.192906;1
1;-1.36283;0.20378;1
1;-0.99186;0.270545;1
1;-1.18248;0.234607;1
1;-1.10541;0.248728;1
1;-1.34676;0.206401;1
1;-1.35151;0.205624;1
1;-1.50931;0.181042;1
1;-0.558393;0.363919;1
1;-0.37899;0.40637;1
1;-0.52746;0.371109;1
1;-0.659627;0.340823;1
1;-0.833457;0.302915;1
1;-0.767932;0.316927;1
1;-0.79474;0.311152;1
1;-0.592789;0.355995;1
1;-0.611221;0.351781;1
1;-0.616794;0.350511;1
1;-0.779122;0.314509;1
1;-0.516125;0.373759;1
1;-0.532007;0.370049;1
1;-0.497567;0.378113;1
1;-0.71431;0.328647;1
1;-0.609082;0.352269;1
1;-0.593732;0.355779;1
1;-0.756296;0.319451;1
1;-0.738097;0.32342;1
1;-0.786961;0.312822;1
1;-0.634916;0.346397;1
1;-0.613981;0.351152;1
1;-1.01403;0.266192;1
1;-0.866971;0.295885;1
1;-1.16983;0.236886;1
1;-0.961692;0.276539;1
1;-1.00323;0.268306;1
1;-1.09105;0.251421;1
1;-0.951775;0.278528;1
1;-0.916233;0.285726;1
1;-0.675584;0.337248;1
1;-1.00003;0.268936;1
1;-0.952843;0.278313;1
1;-0.989642;0.270983;1
1;-1.11596;0.246762;1
1;-0.905235;0.287976;1
1;-1.11412;0.247104;1
1;-0.925384;0.283862;1
1;-0.961215;0.276635;1
1;-1.0132;0.266354;1
1;-0.843575;0.300782;1
1;-0.791516;0.311843;1
1;-0.973195;0.274244;1
1;-0.823724;0.304974;1
1;-0.917792;0.285408;1
1;-0.929396;0.283047;1
1;-1.04848;0.259516;1
1;-0.856025;0.298171;1
1;-1.05942;0.257421;1
1;-0.996284;0.269673;1
1;-0.964763;0.275926;1
1;-0.977148;0.273458;1
1;-0.92825;0.28328;1
1;-0.951053;0.278673;1
1;-1.03235;0.262628;1
1;-0.914515;0.286077;1
1;-0.911564;0.28668;1
1;-1.06039;0.257235;1
1;-1.02161;0.264714;1
1;-1.07975;0.253554;1
1;-0.881185;0.292932;1
1;-1.03582;0.261958;1
1;-1.04393;0.260392;1
1;-1.05644;0.25799;1
1;-0.968131;0.275253;1
1;-1.26741;0.219701;1
1;-0.914097;0.286162;1
1;-1.00932;0.267114;1
1;-0.818516;0.306079;1
1;-1.07423;0.2546;1
1;-0.939706;0.28096;1
1;-1.05302;0.258645;1
1;-0.934829;0.281946;1
1;-0.864381;0.296425;1
1;-1.08913;0.251782;1
1;-1.17551;0.23586;1
1;-0.922453;0.284458;1
1;-1.40268;0.197392;1
1;-0.614043;0.351137;1
1;0.534375;0.630503;0
1;-1.36206;0.203906;1
1;-1.25212;0.222333;1
1;-1.25858;0.221218;1
1;-1.46763;0.187304;1
1;-1.44401;0.190925;1
1;-1.40021;0.197782;1
1;-0.817365;0.306323;1
1;-0.933589;0.282197;1
1;-0.90106;0.288833;1
1;-1.60405;0.167416;1
1;-1.28116;0.217352;1
1;-1.30215;0.213804;1
1;-0.917808;0.285405;1
1;-1.20529;0.230536;1
1;-1.18535;0.234091;1
1;-1.54241;0.176185;1
1;-1.11842;0.246304;1
1;-1.30929;0.212606;1
1;-1.50178;0.18216;1
1;-1.44986;0.190023;1
1;-1.2561;0.221645;1
1;-1.3486;0.206099;1
1;-1.08313;0.252915;1
1;-1.22124;0.227718;1
1;-1.26701;0.21977;1
1;0.594797;0.644465;0
1;-1.09004;0.251611;1
1;-0.814591;0.306913;1
1;-1.11048;0.247781;1
1;-1.14537;0.241335;1
1;-1.14791;0.240872;1
1;-1.07501;0.254452;1
1;-0.909154;0.287173;1
1;-1.33129;0.208947;1
1;-1.16258;0.238199;1
1;-1.12166;0.245704;1
1;0.0802355;0.520048;0
1;-0.207855;0.448223;1
1;-0.265083;0.434115;1
1;-0.593911;0.355738;1
1;-0.55667;0.364318;1
1;-0.398215;0.401741;1
1;-0.484643;0.381156;1
1;-0.586502;0.357438;1
1;-0.797848;0.310486;1
1;-0.584632;0.357868;1
1;-0.382123;0.405615;1
1;-0.538608;0.368511;1
1;-0.575769;0.359907;1
1;-0.604728;0.353263;1
1;-0.494162;0.378914;1
1;-0.691879;0.333615;1
1;-0.412931;0.398209;1
1;-0.649034;0.343207;1
1;-0.538846;0.368456;1
1;-0.564637;0.362475;1
1;-0.560871;0.363346;1
1;-0.119123;0.470254;1
1;-0.574707;0.360151;1
1;-0.319108;0.420893;1
1;-0.340696;0.415641;1
1;-0.710491;0.32949;1
1;-0.704376;0.330843;1
1;-0.523251;0.372092;1
1;-1.4153;0.1954;1
1;-1.11698;0.246573;1
1;-1.33566;0.208225;1
1;-1.0664;0.256089;1
1;-1.07042;0.255322;1
1;-1.13065;0.244041;1
1;-1.16968;0.236914;1
1;-1.1587;0.238904;1
1;-0.968528;0.275174;1
1;-0.827201;0.304237;1
1;-0.9614;0.276598;1
1;-0.919452;0.28507;1
1;-0.632041;0.347048;1
1;-1.17134;0.236613;1
1;-1.57109;0.17206;1
1;-1.49496;0.183179;1
1;-1.45877;0.188655;1
1;-1.06374;0.256596;1
1;-1.08708;0.252169;1
1;-0.982564;0.272383;1
1;-1.16207;0.238291;1
1;-1.06661;0.256048;1
1;-0.772214;0.316;1
1;-1.3026;0.213727;1
1;-1.11806;0.246371;1
1;-0.943913;0.280111;1
1;-0.765615;0.317428;1
1;-1.16917;0.237004;1
1;-0.942026;0.280491;1
1;-1.51805;0.179749;1
1;-0.981457;0.272603;1
1;-0.922992;0.284349;1
1;-0.912009;0.286589;1
1;-1.05606;0.258064;1
1;-0.830325;0.303576;1
1;-0.813832;0.307075;1
1;-0.572367;0.360691;1
1;-0.615939;0.350706;1
1;-0.692839;0.333402;1
1;-0.614588;0.351013;1
1;-0.800037;0.310018;1
1;-0.710872;0.329406;1
1;-0.619097;0.349987;1
1;-0.556231;0.36442;1
1;-0.65214;0.342508;1
1;-0.651698;0.342607;1
1;-0.759904;0.318667;1
1;-0.807707;0.308379;1
1;-0.701196;0.331547;1
1;-0.300519;0.425431;1
1;-0.883047;0.292547;1
1;-1.1436;0.24166;1
1;-0.277368;0.431099;1
1;-0.866927;0.295894;1
1;-0.662549;0.340167;1
1;-0.62047;0.349675;1
1;-0.735037;0.32409;1
1;-0.87808;0.293576;1
1;-0.737279;0.323599;1
1;-1.13981;0.242355;1
1;-0.841903;0.301134;1
1;-0.633956;0.346614;1
1;-0.424044;0.395549;1
1;-0.755889;0.31954;1
1;-0.65354;0.342192;1
1;-0.518672;0.373163;1
1;-0.631804;0.347102;1
1;-0.33527;0.416959;1
1;-0.531728;0.370114;1
1;-0.583627;0.358098;1
1;-0.776194;0.315141;1
1;-0.571167;0.360968;1
1;-0.270592;0.432762;1
1;-0.558945;0.363792;1
1;-0.590786;0.356454;1
1;-0.598588;0.354667;1
1;-0.827628;0.304147;1
1;-0.646977;0.343671;1
1;-1.0531;0.258629;1
1;-0.471437;0.384276;1
1;-0.269106;0.433126;1
1;-0.813921;0.307056;1
1;-0.449681;0.389437;1
1;-0.840014;0.301532;1
1;-0.281382;0.430115;1
1;-0.305699;0.424165;1
1;-0.542567;0.367591;1
1;-2.02003;0.117116;1
1;-1.9701;0.122378;1
1;-2.02945;0.116145;1
1;-2.11053;0.108077;1
1;-2.09577;0.109509;1
1;-1.94357;0.125257;1
1;-2.1342;0.105817;1
1;-2.03247;0.115835;1
1;-1.83074;0.13815;1
1;-1.99646;0.119575;1
1;-1.77162;0.145341;1
1;-2.01131;0.118021;1
1;-2.24659;0.0956443;1
1;-1.97307;0.122059;1
1;-1.70182;0.154227;1
1;-1.82635;0.138674;1
1;-1.79511;0.142448;1
1;-1.95771;0.123715;1
1;-2.18462;0.10114;1
1;-1.86834;0.133734;1
1;-2.17611;0.101917;1
1;-2.02539;0.116563;1
1;-1.85901;0.134819;1
1;-2.16793;0.102668;1
1;-2.10005;0.109092;1
1;-2.20155;0.099611;1
1;-1.884;0.13193;1
1;-2.01812;0.117314;1
1;-1.98575;0.120707;1
1;-1.7873;0.143404;1
1;-2.04409;0.114651;1
1;-2.14392;0.104901;1
1;-2.34002;0.0878624;1
1;-1.87735;0.132694;1
1;-1.75998;0.146792;1
1;-2.09233;0.109844;1
1;-2.1676;0.102698;1
1;-1.75686;0.147184;1
1;-2.06242;0.112804;1
1;-2.16844;0.102621;1
1;-2.08684;0.110382;1
1;-2.12287;0.106893;1
1;-1.85541;0.135239;1
1;-2.0397;0.115098;1
1;-2.11638;0.107515;1
1;-1.97496;0.121857;1
1;-2.14299;0.104988;1
1;-2.21748;0.0981914;1
1;-2.1768;0.101853;1
1;-1.99442;0.11979;1
1;-2.15126;0.104214;1
1;-1.92784;0.126989;1
1;-2.09022;0.110051;1
1;-2.1878;0.100851;1
1;-1.53588;0.177135;1
1;-1.26796;0.219607;1
1;-1.3162;0.211452;1
1;-1.31944;0.210912;1
1;-1.31867;0.211039;1
1;-1.00386;0.268182;1
1;-1.39695;0.1983;1
1;-1.47751;0.185804;1
1;-1.26918;0.219398;1
1;-1.18477;0.234196;1
1;-1.63345;0.163358;1
1;-1.47099;0.186792;1
1;-1.30595;0.213166;1
1;-1.72825;0.150811;1
1;-1.51138;0.180735;1
1;-1.20102;0.231293;1
1;-1.57447;0.17158;1
1;-1.25732;0.221435;1
1;-0.934304;0.282052;1
1;-1.10471;0.248858;1
1;-1.11905;0.246187;1
1;-1.03476;0.262162;1
1;-1.0132;0.266355;1
1;-1.17105;0.236666;1
1;-1.16386;0.237967;1
1;-1.17365;0.236196;1
1;-0.79915;0.310207;1
1;-0.811951;0.307475;1
1;-0.822743;0.305182;1
1;-1.16568;0.237637;1
1;-0.860088;0.297321;1
1;-1.48356;0.18489;1
1;-1.4033;0.197293;1
1;-1.372;0.202296;1
1;-1.39334;0.198875;1
1;-1.52623;0.178545;1
1;-1.35092;0.205719;1
1;-1.12609;0.244883;1
1;-1.50338;0.181923;1
1;-1.0408;0.260996;1
1;-1.09823;0.250072;1
1;-1.11605;0.246744;1
1;-1.13404;0.243417;1
1;-0.968351;0.275209;1
1;-1.20364;0.230829;1
1;-1.14043;0.242241;1
1;-1.12891;0.244362;1
1;-0.965807;0.275717;1
1;-1.40784;0.196574;1
1;-1.4706;0.186851;1
1;-1.39542;0.198545;1
1;-1.0537;0.258514;1
1;-1.06868;0.255654;1
1;-1.29131;0.215631;1
1;-1.02015;0.264999;1
1;-0.978685;0.273153;1
1;-1.16634;0.237517;1
1;-1.56761;0.172558;1
1;-1.17632;0.235714;1
1;-1.19459;0.232438;1
1;-1.26686;0.219795;1
1;-1.10729;0.248377;1
1;-1.71991;0.151882;1
1;-1.57578;0.171394;1
1;-1.49676;0.18291;1
1;-1.55345;0.174589;1
1;-1.61933;0.165297;1
1;-1.56416;0.17305;1
1;-1.41404;0.195598;1
1;-1.59206;0.169095;1
1;-1.55665;0.174129;1
1;-1.42822;0.193377;1
1;-1.21922;0.228075;1
1;-1.53343;0.177492;1
1;-1.35162;0.205606;1
1;-1.40631;0.196817;1
1;-1.44525;0.190733;1
1;-1.43379;0.192509;1
1;-1.23091;0.226022;1
1;-1.46082;0.188342;1
1;-1.71655;0.152316;1
1;-1.57288;0.171806;1
1;-1.07781;0.25392;1
1;-1.46545;0.187635;1
1;-1.02049;0.264933;1
1;-1.26849;0.219515;1
1;-1.1853;0.2341;1
1;-1.19506;0.232355;1
1;-1.20442;0.23069;1
1;-1.38471;0.200253;1
1;-1.21165;0.229409;1
1;-1.19567;0.232247;1
1;-1.19708;0.231994;1
1;-1.22393;0.227246;1
1;-1.11131;0.247626;1
1;-1.13079;0.244016;1
1;-1.03973;0.261201;1
1;-1.14785;0.240883;1
1;-1.12094;0.245837;1
1;-1.14031;0.242264;1
1;-1.14769;0.240912;1
1;-1.16511;0.237739;1
1;-1.08091;0.253333;1
1;-1.2434;0.223845;1
1;-1.1642;0.237905;1
1;-1.1416;0.242026;1
1;-1.1434;0.241697;1
1;-1.13679;0.242911;1
1;-1.22197;0.22759;1
1;-1.0953;0.250622;1
1;-1.4547;0.18928;1
1;-1.15366;0.239822;1
1;-1.13532;0.24318;1
1;-1.05571;0.258129;1
1;-1.11167;0.24756;1
1;-1.18081;0.234906;1
1;-1.18044;0.234973;1
1;-1.14466;0.241466;1
1;-1.27245;0.218838;1
1;-1.22373;0.227281;1
1;-1.09013;0.251595;1
1;-1.07851;0.253788;1
1;-1.22604;0.226875;1
1;-1.08743;0.252103;1
1;-1.25733;0.221433;1
1;-1.06256;0.256821;1
1;-1.24566;0.223452;1
1;-1.13433;0.243362;1
1;-1.16677;0.237439;1
1;-1.08873;0.251858;1
1;-1.07304;0.254826;1
1;-1.14385;0.241614;1
1;-1.23623;0.225093;1
1;-1.271;0.219086;1
1;-1.01888;0.265246;1
1;-1.22214;0.22756;1
1;-1.10461;0.248878;1
1;-1.07913;0.25367;1
1;-1.11137;0.247616;1
1;-1.15548;0.239489;1
1;-1.70894;0.153301;1
1;-1.4844;0.184763;1
1;-1.12155;0.245724;1
1;-1.53311;0.177539;1
1;-1.35601;0.20489;1
1;-1.55738;0.174023;1
1;-1.23434;0.225422;1
1;-1.10905;0.248048;1
1;-1.48128;0.185234;1
1;-1.06548;0.256264;1
1;-1.20271;0.230994;1
1;-1.41063;0.196134;1
1;-1.36685;0.203129;1
1;-0.284247;0.429413;1
1;-0.26488;0.434165;1
1;-0.987542;0.271398;1
1;-1.41059;0.19614;1
1;-0.952471;0.278388;1
1;-1.63125;0.16366;1
1;-1.34467;0.206743;1
1;-0.868518;0.295563;1
1;-1.05551;0.258168;1
1;-1.21829;0.228237;1
1;-1.16685;0.237424;1
1;-1.34082;0.207375;1
1;-1.193;0.232722;1
1;-1.17209;0.236477;1
1;-1.33939;0.207611;1
1;-1.30728;0.212943;1
1;-1.29107;0.215672;1
1;-1.12879;0.244384;1
1;-1.10112;0.249529;1
1;-1.04781;0.259647;1
1;-1.41442;0.195537;1
1;-1.04473;0.260238;1
1;-1.20108;0.231284;1
1;-1.13392;0.243439;1
1;-1.52772;0.178328;1
1;-1.52071;0.179357;1
1;-1.33588;0.208188;1
1;-1.12436;0.245203;1
1;-0.993395;0.270242;1
1;-1.27155;0.218993;1
1;-1.09884;0.249957;1
1;-1.23923;0.22457;1
1;-1.04486;0.260213;1
1;-1.14957;0.240567;1
1;-1.13094;0.243988;1
1;-0.862716;0.296772;1
1;-0.827723;0.304127;1
1;-0.78301;0.313672;1
1;-0.8245;0.304809;1
1;-0.880122;0.293153;1
1;-0.834418;0.302712;1
1;-0.835474;0.302489;1
1;-0.830181;0.303607;1
1;-0.81415;0.307007;1
1;-0.713209;0.32889;1
1;-0.784312;0.313391;1
1;-0.850279;0.299374;1
1;-0.826432;0.3044;1
1;-0.721522;0.327058;1
1;-0.854854;0.298416;1
1;-0.806284;0.308683;1
1;-0.938554;0.281193;1
1;-0.709261;0.329762;1
1;-0.678394;0.33662;1
1;-0.902737;0.288488;1
1;-0.896369;0.289797;1
1;-0.738911;0.323242;1
1;-0.806504;0.308636;1
1;-0.915789;0.285817;1
1;-0.749387;0.320955;1
1;-0.773957;0.315624;1
1;-0.656539;0.341518;1
1;-0.794693;0.311162;1
1;-0.768513;0.316801;1
1;-0.739785;0.323051;1
1;-0.757881;0.319107;1
1;-0.869905;0.295274;1
1;-0.725944;0.326086;1
1;-0.899042;0.289247;1
1;-0.775653;0.315257;1
1;-0.78271;0.313736;1
1;-0.857504;0.297861;1
1;-0.764839;0.317597;1
1;-0.914624;0.286054;1
1;-1.90403;0.129653;1
1;-1.93985;0.125665;1
1;-1.67177;0.158189;1
1;-1.60535;0.167235;1
1;-1.83934;0.137129;1
1;-1.67751;0.157425;1
1;-1.74256;0.148988;1
1;-1.52167;0.179216;1
1;-1.74282;0.148955;1
1;-1.6428;0.162084;1
1;-1.59888;0.168138;1
1;-1.63779;0.162765;1
1;-1.33571;0.208216;1
1;-1.33642;0.208099;1
1;-1.75534;0.147374;1
1;-1.83425;0.137732;1
1;-1.58495;0.170096;1
1;-1.92507;0.127298;1
1;-1.94459;0.125144;1
1;-1.762;0.14654;1
1;-1.82304;0.13907;1
1;-1.45144;0.189781;1
1;-1.67964;0.157144;1
1;-1.83128;0.138085;1
1;-1.61653;0.165684;1
1;-1.60194;0.16771;1
1;-1.46323;0.187973;1
1;-1.33002;0.209157;1
1;-0.965618;0.275755;1
1;-0.933845;0.282145;1
1;-0.806515;0.308634;1
1;-0.930869;0.282749;1
1;-0.986113;0.27168;1
1;-1.14186;0.24198;1
1;-1.24225;0.224045;1
1;-1.23457;0.225383;1
1;-1.28946;0.215944;1
1;-0.787763;0.312649;1
1;-1.16719;0.237362;1
1;-1.24277;0.223954;1
1;-1.0113;0.266725;1
1;-1.08846;0.251909;1
1;-0.754955;0.319743;1
1;-0.840396;0.301451;1
1;-1.14031;0.242264;1
1;-1.37807;0.201318;1
1;-1.69656;0.154915;1
1;-1.1886;0.23351;1
1;-1.38845;0.199656;1
1;-1.19838;0.231764;1
1;-0.921677;0.284616;1
1;-0.924722;0.283997;1
1;-1.50629;0.18149;1
1;-1.1926;0.232795;1
1;-0.859739;0.297394;1
1;-0.817367;0.306323;1
1;-0.967252;0.275429;1
1;-1.20051;0.231385;1
1;-1.06823;0.25574;1
1;-1.29561;0.214905;1
1;-1.08783;0.252027;1
1;-1.33668;0.208056;1
1;-1.38238;0.200628;1
1;-0.407769;0.399447;1
1;-0.61122;0.351781;1
1;-0.425519;0.395197;1
1;-0.570836;0.361044;1
1;-0.783159;0.313639;1
1;-0.611154;0.351796;1
1;-0.343187;0.415036;1
1;-0.699103;0.332011;1
1;-0.616514;0.350575;1
1;-0.545509;0.366907;1
1;-0.402813;0.400637;1
1;-0.523004;0.37215;1
1;-0.686625;0.334784;1
1;-0.706193;0.330441;1
1;-0.58816;0.357057;1
1;-0.638582;0.345567;1
1;-0.580325;0.358858;1
1;-0.496645;0.378329;1
1;-0.633871;0.346633;1
1;-0.383086;0.405383;1
1;-0.559994;0.363549;1
1;-0.522232;0.37233;1
1;-0.534012;0.369582;1
1;-0.497318;0.378171;1
1;-0.719362;0.327534;1
1;-0.588992;0.356866;1
1;-0.646862;0.343697;1
1;-0.91276;0.286435;1
1;-0.870132;0.295227;1
1;-0.874545;0.294309;1
1;-0.843191;0.300863;1
1;-0.293628;0.427116;1
1;-0.93477;0.281958;1
1;-0.0516076;0.487101;1
1;-0.838622;0.301825;1
1;-0.226273;0.443672;1
1;-0.922673;0.284414;1
1;-1.03209;0.262679;1
1;-0.177869;0.45565;1
1;-0.788496;0.312492;1
1;-0.961662;0.276546;1
1;-0.85525;0.298333;1
1;-0.895329;0.290011;1
1;-1.02248;0.264545;1
1;-0.130667;0.46738;1
1;-0.945466;0.279798;1
1;-0.866607;0.295961;1
1;-0.944867;0.279918;1
1;-0.165582;0.458699;1
1;-0.205453;0.448817;1
1;-0.886192;0.291896;1
1;-1.10836;0.248177;1
1;-0.974212;0.274042;1
1;-0.140397;0.464958;1
1;-0.208763;0.447998;1
1;-0.97958;0.272975;1
1;-0.156455;0.460966;1
1;-0.943877;0.280118;1
1;-0.0185244;0.495369;1
1;-0.84787;0.29988;1
1;-0.143449;0.464199;1
1;-0.957561;0.277367;1
1;-1.09001;0.251617;1
1;-0.971159;0.27465;1
1;-0.945117;0.279868;1
1;-0.930675;0.282788;1
1;-0.986599;0.271584;1
1;-0.253728;0.436906;1
1;-0.897707;0.289522;1
1;-0.896566;0.289757;1
1;-0.838037;0.301948;1
1;-0.684118;0.335343;1
1;-1.12261;0.245528;1
1;-0.989399;0.271031;1
1;-1.46988;0.18696;1
1;-0.982165;0.272462;1
1;-0.99824;0.269288;1
1;-1.49458;0.183235;1
1;-0.529775;0.370569;1
1;-1.19809;0.231816;1
1;-1.30531;0.213272;1
1;-1.13616;0.243025;1
1;-0.692925;0.333383;1
1;-0.864669;0.296365;1
1;-1.36628;0.203222;1
1;-1.43112;0.192924;1
1;-0.747175;0.321437;1
1;-0.781328;0.314034;1
1;-1.28714;0.216337;1
1;-0.464395;0.385944;1
1;-1.10005;0.249731;1
1;-0.834231;0.302751;1
1;-0.686884;0.334727;1
1;-1.27237;0.218852;1
1;-1.21074;0.22957;1
1;-0.732058;0.324743;1
1;-0.508497;0.375546;1
1;-0.860351;0.297266;1
1;-0.960144;0.276849;1
1;-0.925152;0.283909;1
1;-0.763683;0.317847;1
1;-0.860205;0.297296;1
1;-0.74836;0.321179;1
1;-0.66537;0.339534;1
1;-0.717421;0.327961;1
1;-0.907904;0.287429;1
1;-0.779422;0.314445;1
1;-0.642669;0.344643;1
1;-1.05453;0.258357;1
1;-0.614349;0.351068;1
1;-0.458178;0.387418;1
1;-0.690374;0.33395;1
1;-0.791149;0.311922;1
1;-0.768425;0.31682;1
1;-0.813957;0.307048;1
1;-0.810862;0.307707;1
1;-0.829668;0.303715;1
1;-1.18639;0.233905;1
1;-1.21551;0.228727;1
1;-0.695353;0.332843;1
1;-1.16308;0.238108;1
1;-1.06727;0.255923;1
1;-0.857352;0.297893;1
1;-0.876696;0.293863;1
1;-0.932923;0.282332;1
1;-0.923454;0.284255;1
1;-1.22952;0.226266;1
1;-1.32712;0.209637;1
1;-0.764613;0.317646;1
1;-0.875296;0.294153;1
1;-0.90183;0.288675;1
1;-1.03967;0.261214;1
1;-0.637298;0.345858;1
1;-0.50987;0.375224;1
1;-0.428516;0.394481;1
1;-0.555718;0.364539;1
1;-0.280166;0.430413;1
1;-0.454993;0.388174;1
1;-0.311789;0.422678;1
1;-0.605017;0.353197;1
1;-0.201427;0.449813;1
1;-0.299259;0.425739;1
1;-0.120742;0.469851;1
1;-0.189038;0.452881;1
1;-0.354731;0.412236;1
1;-0.600983;0.354119;1
1;-0.893778;0.290331;1
1;-0.650707;0.34283;1
1;-0.593791;0.355765;1
1;-0.599692;0.354414;1
1;-0.566349;0.36208;1
1;-0.373644;0.407661;1
1;-0.480287;0.382184;1
1;-0.472547;0.384014;1
1;-0.679595;0.336352;1
1;-0.463767;0.386093;1
1;-0.497091;0.378225;1
1;-1.50108;0.182264;1
1;-0.624115;0.348846;1
1;-0.559427;0.36368;1
1;-0.574564;0.360184;1
1;-0.566293;0.362093;1
1;-0.524844;0.37172;1
1;-0.61011;0.352034;1
1;-1.49166;0.183673;1
1;-1.37347;0.20206;1
1;-1.64451;0.161852;1
1;-1.27535;0.218342;1
1;-1.32976;0.2092;1
1;-1.25423;0.221969;1
1;-1.41027;0.196192;1
1;-1.51889;0.179626;1
1;-1.35661;0.204792;1
1;-1.57419;0.171619;1
1;-1.29078;0.215722;1
1;-1.50235;0.182076;1
1;-1.53377;0.177443;1
1;-1.51463;0.180254;1
1;-1.63806;0.162729;1
1;-1.30542;0.213255;1
1;-1.54631;0.175619;1
1;-1.07769;0.253944;1
1;-1.20685;0.230258;1
1;-1.69472;0.155156;1
1;-1.32239;0.210422;1
1;-1.58656;0.169868;1
1;-1.45188;0.189712;1
1;-1.16047;0.238582;1
1;-1.80433;0.141325;1
1;-1.52686;0.178454;1
1;-1.28938;0.215957;1
1;-1.41887;0.194839;1
1;-1.59978;0.168012;1
1;-1.17316;0.236284;1
1;-1.38873;0.199611;1
1;-1.32045;0.210743;1
1;-1.23802;0.224781;1
1;-1.2684;0.219532;1
1;-1.18409;0.234318;1
1;-1.30639;0.213092;1
1;-1.41169;0.195968;1
1;-1.20623;0.230369;1
1;-1.08816;0.251965;1
1;-1.18473;0.234203;1
1;-1.31201;0.212151;1
1;-1.02886;0.263306;1
1;-1.51445;0.18028;1
1;-0.928066;0.283317;1
1;-1.12829;0.244477;1
1;-1.08418;0.252716;1
1;-0.847146;0.300032;1
1;-1.05899;0.257503;1
1;-1.37332;0.202083;1
1;-1.06029;0.257255;1
1;-1.11942;0.246119;1
1;-1.12931;0.244289;1
1;-0.665762;0.339446;1
1;-1.19592;0.232202;1
1;-1.11247;0.24741;1
1;-0.721485;0.327066;1
1;-0.980173;0.272857;1
1;-1.2351;0.225289;1
1;-1.16264;0.238188;1
1;-0.82144;0.305458;1
1;-1.04813;0.259585;1
1;-1.06707;0.25596;1
1;-0.818426;0.306098;1
1;-1.43489;0.192338;1
1;-1.23851;0.224695;1
1;-1.25435;0.221948;1
1;-1.32893;0.209337;1
1;-1.00409;0.268138;1
1;-1.25646;0.221584;1
1;-1.48332;0.184927;1
1;-1.17524;0.23591;1
1;-1.27347;0.218665;1
1;-1.18493;0.234167;1
1;-1.11174;0.247547;1
1;-1.20027;0.231428;1
1;-0.894041;0.290277;1
1;-1.3038;0.213527;1
1;-1.13219;0.243756;1
1;-1.35754;0.20464;1
1;-0.846601;0.300146;1
1;-1.08663;0.252253;1
1;-1.00603;0.267757;1
1;-1.34482;0.206719;1
1;-1.46565;0.187605;1
1;-1.29558;0.214909;1
1;-1.42226;0.194308;1
1;0.0594077;0.514848;0
1;-0.0624871;0.484383;1
1;0.0323608;0.508089;0
1;0.0102234;0.502556;0
1;-0.0733781;0.481664;1
1;0.0521219;0.513027;0
1;0.0844431;0.521098;0
1;0.0700178;0.517497;0
1;-0.0395739;0.490108;1
1;0.00590704;0.501477;0
1;-0.0342946;0.491427;1
1;-0.0546584;0.486339;1
1;0.0365083;0.509126;0
1;0.094198;0.523532;0
1;-0.0248115;0.493797;1
1;0.247842;0.561645;0
1;-0.127352;0.468205;1
1;0.0888037;0.522186;0
1;0.0473692;0.51184;0
1;0.0826931;0.520661;0
1;-0.0590706;0.485237;1
1;0.0690272;0.51725;0
1;0.0235638;0.505891;0
1;0.0161111;0.504028;0
1;-0.0491007;0.487727;1
1;0.0919759;0.522978;0
1;0.00847004;0.502118;0
1;0.0829537;0.520727;0
1;0.051836;0.512956;0
1;0.071717;0.517922;0
1;0.0566473;0.514158;0
1;-0.00767162;0.498082;1
1;0.0353825;0.508845;0
1;-0.06614;0.483471;1
1;-0.0523918;0.486905;1
1;0.0154938;0.503873;0
1;-0.0735262;0.481627;1
1;0.00534794;0.501337;0
1;-0.0855992;0.478613;1
1;-0.137764;0.465613;1
1;0.0231161;0.505779;0
1;-0.00877716;0.497806;1
1;-0.0723701;0.481915;1
1;-0.0654168;0.483652;1
1;0.119838;0.529924;0
1;-0.043067;0.489235;1
1;-0.0536216;0.486598;1
1;-0.169728;0.45767;1
1;-0.198705;0.450487;1
1;0.101048;0.52524;0
1;0.000232197;0.500058;0
1;-0.0470782;0.488233;1
1;0.052057;0.513011;0
1;-0.026047;0.493489;1
1;-0.0663169;0.483427;1
1;0.132997;0.5332;0
1;0.024174;0.506043;0
1;-0.0423296;0.489419;1
1;-0.108763;0.472836;1
1;-0.0952437;0.476207;1
1;-0.053073;0.486735;1
1;-0.582747;0.358301;1
1;-0.438881;0.392008;1
1;-0.451135;0.389091;1
1;-0.114291;0.471458;1
1;-0.244762;0.439113;1
1;-0.359038;0.411193;1
1;0.0446434;0.511159;0
1;-0.444655;0.390632;1
1;-0.268344;0.433314;1
1;-0.295297;0.426708;1
1;-0.776371;0.315102;1
1;-0.588872;0.356894;1
1;-0.418722;0.396823;1
1;-0.446302;0.39024;1
1;-0.286666;0.42882;1
1;-0.568387;0.361609;1
1;-0.328176;0.418685;1
1;-0.369305;0.408709;1
1;-0.449113;0.389572;1
1;-0.47885;0.382524;1
1;-0.34429;0.414768;1
1;-0.479554;0.382357;1
1;-0.440979;0.391508;1
1;-0.437023;0.392451;1
1;-0.199668;0.450248;1
1;-0.390999;0.403477;1
1;-0.459061;0.387209;1
1;-0.295768;0.426592;1
1;-0.313767;0.422195;1
1;-0.403943;0.400365;1
1;0.260943;0.564868;0
1;0.373519;0.592309;0
1;0.359549;0.588931;0
1;0.138133;0.534478;0
1;0.149647;0.537342;0
1;0.0325618;0.50814;0
1;0.0494091;0.51235;0
1;-0.0635429;0.48412;1
1;0.476394;0.616896;0
1;0.335853;0.583183;0
1;0.140391;0.53504;0
1;-0.0824778;0.479392;1
1;-0.291546;0.427625;1
1;-0.0849765;0.478769;1
1;0.308594;0.576542;0
1;0.144483;0.536058;0
1;0.340862;0.5844;0
1;-0.00499632;0.498751;1
1;0.189066;0.547126;0
1;0.338473;0.583819;0
1;0.174181;0.543435;0
1;-0.612787;0.351424;1
1;-0.620606;0.349644;1
1;-0.761764;0.318263;1
1;-0.77238;0.315965;1
1;-0.729862;0.325225;1
1;-0.889947;0.291121;1
1;-0.724478;0.326408;1
1;-0.726862;0.325884;1
1;-0.745032;0.321905;1
1;-0.849277;0.299584;1
1;-0.857356;0.297892;1
1;-0.700918;0.331609;1
1;-0.871284;0.294987;1
1;-0.652756;0.342369;1
1;-0.798985;0.310243;1
1;-0.875593;0.294092;1
1;-0.675235;0.337326;1
1;-0.788493;0.312492;1
1;-0.828191;0.304028;1
1;-0.855522;0.298276;1
1;-0.750806;0.320646;1
1;-0.744751;0.321966;1
1;-0.81186;0.307494;1
1;-0.893707;0.290345;1
1;-0.694727;0.332982;1
1;-0.822797;0.30517;1
1;-0.819507;0.305868;1
1;-0.439734;0.391804;1
1;-0.885305;0.29208;1
1;-0.878659;0.293456;1
1;-0.892829;0.290526;1
1;-0.639442;0.345373;1
1;-0.506776;0.37595;1
1;-0.608512;0.352399;1
1;-0.926361;0.283664;1
1;-0.796031;0.310875;1
1;-0.774512;0.315504;1
1;-0.800892;0.309835;1
1;-0.764406;0.31769;1
1;-0.906415;0.287734;1
1;-0.682696;0.33566;1
1;-0.775426;0.315306;1
1;-0.800387;0.309943;1
1;-0.865514;0.296189;1
1;-0.812797;0.307295;1
1;-0.795506;0.310988;1
1;-0.882432;0.292674;1
1;-0.950647;0.278755;1
1;-0.750395;0.320735;1
1;-0.752138;0.320356;1
1;-0.704781;0.330753;1
1;-0.805679;0.308812;1
1;-0.845538;0.30037;1
1;-0.713255;0.32888;1
1;-0.639643;0.345327;1
1;-0.821134;0.305523;1
1;-0.855658;0.298247;1
1;-0.74457;0.322006;1
1;-0.580166;0.358894;1
1;-1.05812;0.25767;1
1;-0.70253;0.331252;1
1;-0.833432;0.30292;1
1;-0.982096;0.272476;1
1;-0.774152;0.315582;1
1;-0.996913;0.269549;1
1;-1.19198;0.232906;1
1;-1.33041;0.209092;1
1;-0.966425;0.275594;1
1;-0.945184;0.279854;1
1;-0.599512;0.354455;1
1;-0.466562;0.38543;1
1;-1.48236;0.185072;1
1;-0.990032;0.270906;1
1;-0.855047;0.298375;1
1;-1.35382;0.205247;1
1;-1.29097;0.215688;1
1;-1.08097;0.253322;1
1;-0.754067;0.319936;1
1;-1.18445;0.234253;1
1;-0.861427;0.297041;1
1;-1.0133;0.266334;1
1;-0.751965;0.320393;1
1;-1.01028;0.266925;1
1;-0.515643;0.373872;1
1;-1.25817;0.22129;1
1;-1.20766;0.230116;1
1;-1.01224;0.266542;1
1;-0.896669;0.289735;1
1;-0.981477;0.272599;1
1;-0.897853;0.289492;1
1;-1.04693;0.259814;1
1;-0.920684;0.284819;1
1;-1.03157;0.262779;1
1;-1.00162;0.268623;1
1;-0.986785;0.271548;1
1;-1.06284;0.256766;1
1;-1.25039;0.222633;1
1;-1.12623;0.244858;1
1;-1.06368;0.256606;1
1;-1.02388;0.264272;1
1;-0.912853;0.286416;1
1;-0.883424;0.292469;1
1;-1.06894;0.255606;1
1;-0.718881;0.327639;1
1;-0.869673;0.295322;1
1;-0.933213;0.282273;1
1;-1.00703;0.267562;1
1;-1.0332;0.262463;1
1;-1.15739;0.239142;1
1;-1.17109;0.236658;1
1;-1.16818;0.237184;1
1;-0.836874;0.302194;1
1;-0.368499;0.408904;1
1;-0.472486;0.384028;1
1;-0.146387;0.463468;1
1;-0.458601;0.387318;1
1;-0.513796;0.374304;1
1;-0.237294;0.440953;1
1;-0.698239;0.332203;1
1;-0.427033;0.394835;1
1;-0.423134;0.395767;1
1;-0.311387;0.422776;1
1;0.156193;0.538969;0
1;0.573504;0.639571;0
1;-0.265801;0.433938;1
1;-0.290134;0.427971;1
1;0.396478;0.597841;0
1;0.0900497;0.522497;0
1;-0.0318539;0.492037;1
1;-0.188441;0.453029;1
1;-0.254964;0.436602;1
1;-0.0308101;0.492298;1
1;-0.0401054;0.489975;1
1;-0.237093;0.441003;1
1;-0.540601;0.368048;1
1;-0.464072;0.38602;1
1;0.0661974;0.516543;0
1;0.416304;0.602598;0
1;-0.705269;0.330645;1
1;-0.706055;0.330471;1
1;0.440297;0.60833;0
1;-1.04696;0.259809;1
1;0.22885;0.556964;0
1;0.380869;0.594083;0
1;0.251083;0.562443;0
1;0.295023;0.573225;0
1;0.331326;0.582082;0
1;-0.532927;0.369835;1
1;0.376633;0.593061;0
1;-0.603054;0.353645;1
1;0.494073;0.621065;0
1;0.321851;0.579775;0
1;0.242334;0.560289;0
1;0.265657;0.566026;0
1;0.206131;0.551351;0
1;0.226527;0.556391;0
1;0.293654;0.572891;0
1;0.0988011;0.52468;0
1;0.259966;0.564628;0
1;-0.628668;0.347813;1
1;-0.628715;0.347802;1
1;-0.793259;0.311469;1
1;-0.81113;0.30765;1
1;0.501076;0.622712;0
1;-0.478318;0.38265;1
1;0.130837;0.532663;0
1;0.181365;0.545217;0
1;0.404088;0.599669;0
1;0.311931;0.577357;0
1;-0.703222;0.331098;1
1;-0.7372;0.323617;1
1;0.3971;0.597991;0
1;0.288911;0.571729;0
1;0.432142;0.606385;0
1;-0.725481;0.326187;1
1;-0.770064;0.316465;1
1;-0.553086;0.365149;1
1;-0.083165;0.479221;1
1;0.228555;0.556891;0
1;-0.549158;0.36606;1
1;0.345419;0.585506;0
1;0.380172;0.593915;0
1;0.170651;0.54256;0
1;0.297335;0.573791;0
1;-0.526743;0.371277;1
1;-0.869052;0.295452;1
1;-1.23529;0.225257;1
1;0.243249;0.560514;0
1;-1.25227;0.222308;1
1;-1.51491;0.180213;1
1;-1.25664;0.221553;1
1;-1.57094;0.172083;1
1;-1.50436;0.181776;1
1;-1.64805;0.161372;1
1;-1.61264;0.166223;1
1;-1.53583;0.177142;1
1;-1.3889;0.199583;1
1;-1.46537;0.187647;1
1;-1.60106;0.167834;1
1;-1.81737;0.13975;1
1;-1.7874;0.143391;1
1;-1.00947;0.267083;1
1;-1.7818;0.144081;1
1;-1.09279;0.251092;1
1;-1.10442;0.248913;1
1;-0.982385;0.272419;1
1;-0.765191;0.31752;1
1;-1.80438;0.141319;1
1;-0.758561;0.318959;1
1;-0.995795;0.269769;1
1;-0.872729;0.294687;1
1;-1.32622;0.209785;1
1;-0.967464;0.275386;1
1;-0.887112;0.291706;1
1;-1.12481;0.245121;1
1;-0.852071;0.298999;1
1;-0.805315;0.30889;1
1;-0.891701;0.290759;1
1;-1.10733;0.248369;1
1;-0.825817;0.30453;1
1;-0.901195;0.288805;1
1;-1.06305;0.256728;1
1;-0.855851;0.298207;1
1;-1.08738;0.252111;1
1;-1.05385;0.258486;1
1;-1.01884;0.265253;1
1;-0.918918;0.285178;1
1;-1.09058;0.25151;1
1;-0.98758;0.27139;1
1;-1.2248;0.227092;1
1;-1.14706;0.241026;1
1;-1.029;0.263277;1
1;-1.29177;0.215553;1
1;-1.08871;0.251861;1
1;-1.29988;0.214186;1
1;-1.03962;0.261222;1
1;-0.896505;0.289769;1
1;-1.30886;0.212679;1
1;-1.18561;0.234045;1
1;-1.41382;0.195633;1
1;-1.34488;0.206709;1
1;-1.36196;0.203922;1
1;-1.40696;0.196713;1
1;-1.34012;0.207491;1
1;-0.575638;0.359937;1
1;-1.47155;0.186707;1
1;-0.64617;0.343853;1
1;-1.47815;0.185707;1
1;-1.40883;0.196419;1
1;-0.598335;0.354725;1
1;-0.485444;0.380967;1
1;-1.53796;0.176831;1
1;-1.46039;0.188408;1
1;-0.543989;0.36726;1
1;-1.49046;0.183852;1
1;-0.540774;0.368007;1
1;-0.558427;0.363912;1
1;-1.42279;0.194225;1
1;-1.27841;0.217821;1
1;-0.634712;0.346443;1
1;-1.58667;0.169853;1
1;-1.40491;0.197038;1
1;-0.458511;0.387339;1
1;-0.635623;0.346237;1
1;-0.516639;0.373638;1
1;-1.48125;0.185239;1
1;-0.678434;0.336611;1
1;-1.43341;0.192568;1
1;-1.5992;0.168094;1
1;-0.4341;0.393148;1
1;-1.14063;0.242205;1
1;-0.470305;0.384544;1
1;-1.28512;0.216679;1
1;-0.646094;0.34387;1
1;-1.56472;0.172971;1
1;-0.491818;0.379466;1
1;-1.34848;0.20612;1
1;-0.49864;0.37786;1
1;-1.2304;0.226112;1
1;-0.462659;0.386355;1
1;-1.2165;0.228553;1
1;-1.36045;0.204167;1
1;-1.42191;0.194362;1
