0;0.976733;0.726459;0
0;1.56538;0.827124;0
0;0.976733;0.726459;0
0;1.5884;0.830391;0
0;1.27317;0.781285;0
0;0.997442;0.730555;0
0;1.20118;0.768734;0
0;1.09042;0.748462;0
0;0.978464;0.726803;0
0;1.15826;0.761016;0
0;1.46076;0.811649;0
0;1.89645;0.869489;0
0;1.3381;0.792178;0
0;1.439;0.8083;0
0;1.2859;0.783452;0
0;1.7689;0.854321;0
0;2.31563;0.910163;0
0;2.75482;0.940185;0
0;2.43054;0.919127;0
0;2.29427;0.908401;0
0;2.15077;0.89574;0
0;1.90629;0.870602;0
0;2.12005;0.892836;0
0;2.54308;0.927107;0
0;2.07226;0.888178;0
0;2.55434;0.927864;0
0;1.43011;0.806919;0
0;1.74372;0.851158;0
0;2.19621;0.899909;0
0;2.04268;0.885206;0
0;2.50464;0.924466;0
0;2.74443;0.939598;0
0;2.129;0.89369;0
0;2.45512;0.920935;0
0;1.99847;0.880637;0
0;2.2066;0.900841;0
0;2.30013;0.908888;0
0;2.36925;0.914452;0
0;2.25005;0.904655;0
0;2.49504;0.923794;0
0;1.96349;0.87691;0
0;2.97522;0.951442;0
0;1.30266;0.786282;0
0;2.07284;0.888235;0
0;2.79901;0.942622;0
0;1.63375;0.836682;0
0;2.88616;0.947158;0
0;2.11702;0.892546;0
0;2.47945;0.922688;0
0;1.26174;0.779326;0
0;2.53471;0.926539;0
0;1.22243;0.772491;0
0;2.34365;0.912428;0
0;2.2437;0.904106;0
0;1.83041;0.861811;0
0;0.976733;0.726459;0
0;0.976733;0.726459;0
0;0.976733;0.726459;0
0;0.976733;0.726459;0
0;0.976733;0.726459;0
0;1.88392;0.868061;0
0;3.15501;0.959106;0
0;2.05239;0.886189;0
0;2.23606;0.903441;0
0;2.86338;0.946006;0
0;2.58011;0.929571;0
0;2.59184;0.930335;0
0;1.94514;0.874916;0
0;1.6983;0.845313;0
0;2.66953;0.935205;0
0;2.0188;0.882757;0
0;2.11852;0.89269;0
0;2.49405;0.923724;0
0;2.28547;0.907666;0
0;2.05202;0.886151;0
0;2.20344;0.900558;0
0;2.20742;0.900914;0
0;2.07634;0.888583;0
0;2.12552;0.893359;0
0;2.24817;0.904493;0
0;1.3314;0.791072;0
0;1.79878;0.858001;0
0;2.11663;0.892509;0
0;2.39902;0.916752;0
0;2.43531;0.919481;0
0;2.15008;0.895676;0
0;1.47562;0.81391;0
0;0.766973;0.682866;0
0;0.858829;0.702416;0
0;0.557861;0.635957;0
0;1.47564;0.813914;0
0;0.848798;0.700315;0
0;0.692545;0.666533;0
0;0.807476;0.691571;0
0;0.658899;0.659013;0
0;0.0571235;0.514277;0
0;0.593265;0.644114;0
0;0.415153;0.602323;0
0;0.815522;0.693285;0
0;0.533742;0.630355;0
0;0.830313;0.696421;0
0;1.09353;0.749045;0
0;0.5681;0.638325;0
0;0.716702;0.67188;0
0;-0.0108138;0.497297;1
0;0.284708;0.5707;0
0;-0.0047742;0.498806;1
0;0.904947;0.711965;0
0;0.731622;0.675161;0
0;1.93341;0.873626;0
0;0.605709;0.646961;0
0;0.495935;0.621504;0
0;-0.0420474;0.48949;1
0;1.42124;0.805532;0
0;0.539406;0.631674;0
0;1.56613;0.827231;0
0;0.354635;0.587741;0
0;1.26103;0.779204;0
0;0.692773;0.666583;0
0;0.396881;0.597938;0
0;0.243298;0.560526;0
0;-0.394468;0.402642;1
0;0.960605;0.723243;0
0;0.497862;0.621957;0
0;0.398529;0.598334;0
0;0.708038;0.669968;0
0;0.71301;0.671066;0
0;1.20682;0.769736;0
0;0.457612;0.612448;0
0;0.16914;0.542185;0
0;1.30049;0.785918;0
0;0.598616;0.64534;0
0;0.0895108;0.522363;0
0;0.508946;0.624559;0
0;1.39862;0.801964;0
0;0.533683;0.630342;0
0;1.33111;0.791024;0
0;0.863356;0.703361;0
0;0.961006;0.723323;0
0;1.10367;0.750947;0
0;0.63862;0.654442;0
0;1.57926;0.8291;0
0;-1.26552;0.220025;1
0;-0.230404;0.442653;1
0;-0.337191;0.416492;1
0;-0.433037;0.393401;1
0;-0.00601851;0.498495;1
0;-0.357259;0.411623;1
0;-0.467331;0.385248;1
0;-0.283501;0.429596;1
0;-0.835371;0.30251;1
0;-0.193916;0.451672;1
0;-0.816655;0.306474;1
0;-1.08969;0.251676;1
0;-0.940878;0.280723;1
0;-0.762578;0.318087;1
0;-0.737311;0.323592;1
0;-0.764105;0.317756;1
0;-0.116081;0.471012;1
0;-0.993907;0.270141;1
0;-0.0140096;0.496498;1
0;-0.461396;0.386655;1
0;-0.412379;0.398342;1
0;0.856709;0.701973;0
0;-0.372719;0.407884;1
0;-0.754186;0.31991;1
0;-0.315129;0.421863;1
0;-0.362559;0.41034;1
0;-0.351668;0.412978;1
0;-0.154661;0.461412;1
0;-0.269069;0.433136;1
0;-0.852702;0.298866;1
0;-0.700322;0.331741;1
0;-0.28288;0.429748;1
0;0.310621;0.577037;0
0;-0.103448;0.474161;1
0;-0.301205;0.425263;1
0;-1.54002;0.176533;1
0;-0.620082;0.349763;1
0;-0.803934;0.309185;1
0;0.133569;0.533343;0
0;-0.694512;0.33303;1
0;-0.315409;0.421795;1
0;-1.46368;0.187905;1
0;-0.134371;0.466458;1
0;-0.26856;0.433261;1
0;-0.98346;0.272206;1
0;-0.401824;0.400874;1
0;-0.217781;0.445769;1
0;-0.162263;0.459523;1
0;-0.548813;0.36614;1
0;-0.120861;0.469822;1
0;-1.04939;0.259341;1
0;-0.0397693;0.490059;1
0;-0.521014;0.372615;1
0;2.39706;0.916603;0
0;0.976733;0.726459;0
0;1.57552;0.82857;0
0;2.00489;0.88131;0
0;2.11274;0.892135;0
0;1.56368;0.82688;0
0;1.19365;0.767393;0
0;0.976733;0.726459;0
0;1.53664;0.822975;0
0;0.976733;0.726459;0
0;0.976733;0.726459;0
0;0.976733;0.726459;0
0;2.0663;0.887584;0
0;0.976733;0.726459;0
0;0.976733;0.726459;0
0;0.976733;0.726459;0
0;1.5463;0.824378;0
0;1.88806;0.868534;0
0;0.976733;0.726459;0
0;1.7669;0.854071;0
0;1.54896;0.824764;0
0;1.65634;0.839747;0
0;2.09231;0.890154;0
0;1.43909;0.808314;0
0;2.01005;0.881849;0
0;2.21026;0.901167;0
0;2.0439;0.88533;0
0;0.976733;0.726459;0
0;1.50046;0.817643;0
0;0.976733;0.726459;0
0;1.73184;0.849648;0
0;2.15981;0.896582;0
0;1.22962;0.773753;0
0;1.80348;0.858572;0
0;2.24745;0.90443;0
0;1.96654;0.877239;0
0;2.05596;0.886549;0
0;3.02601;0.953736;0
0;2.13991;0.894722;0
0;2.10878;0.891753;0
0;2.19346;0.899661;0
0;1.68735;0.843875;0
0;2.02971;0.883881;0
0;2.68846;0.936342;0
0;2.5913;0.930299;0
0;1.57403;0.828357;0
0;2.05423;0.886374;0
0;1.85195;0.864356;0
0;2.39872;0.916729;0
0;1.62234;0.835118;0
0;2.02464;0.88336;0
0;1.72933;0.849326;0
0;1.69577;0.844981;0
0;1.65426;0.839467;0
0;2.30903;0.909622;0
0;1.51542;0.819863;0
0;1.41614;0.804733;0
0;1.16864;0.762898;0
0;0.692955;0.666624;0
0;1.57025;0.827819;0
0;1.08804;0.748013;0
0;1.1235;0.754637;0
0;1.33063;0.790945;0
0;1.4143;0.804443;0
0;1.39007;0.800604;0
0;0.951983;0.721514;0
0;1.80429;0.85867;0
0;1.11493;0.753048;0
0;0.998654;0.730794;0
0;1.28582;0.783438;0
0;0.712932;0.671049;0
0;1.25064;0.77741;0
0;1.65838;0.840021;0
0;1.04721;0.740239;0
0;1.36182;0.796055;0
0;1.22705;0.773302;0
0;0.479132;0.617543;0
0;1.08845;0.74809;0
0;1.47629;0.814011;0
0;1.24484;0.776405;0
0;1.69987;0.845517;0
0;1.16835;0.762847;0
0;1.24613;0.776629;0
0;0.543359;0.632594;0
0;0.49166;0.620497;0
0;1.43766;0.808093;0
0;1.20687;0.769745;0
0;0.80413;0.690857;0
0;1.37791;0.798654;0
0;0.901018;0.711159;0
0;1.05679;0.742077;0
0;0.883343;0.707515;0
0;1.1465;0.75887;0
0;0.572489;0.639337;0
0;1.33411;0.791519;0
0;1.48884;0.815904;0
0;1.70436;0.846104;0
0;1.33365;0.791444;0
0;0.992925;0.729665;0
0;1.21733;0.771594;0
0;1.38442;0.7997;0
0;0.90984;0.712967;0
0;1.24902;0.77713;0
0;1.22858;0.77357;0
0;1.76316;0.853605;0
0;1.17299;0.763685;0
0;1.47365;0.813612;0
0;1.85319;0.864501;0
0;1.94826;0.875257;0
0;1.54005;0.823472;0
0;1.48346;0.815095;0
0;1.41556;0.804642;0
0;1.2808;0.782586;0
0;1.32044;0.789255;0
0;0.884968;0.707851;0
0;1.21602;0.771363;0
0;0.650524;0.657129;0
0;1.30628;0.786889;0
0;1.15234;0.759939;0
0;0.613536;0.648747;0
0;0.874971;0.705779;0
0;1.34867;0.793912;0
0;1.51088;0.819191;0
0;1.18231;0.765363;0
0;0.608091;0.647505;0
0;1.35051;0.794213;0
0;0.283742;0.570463;0
0;0.904589;0.711892;0
0;1.26159;0.779299;0
0;1.21341;0.770902;0
0;1.13102;0.756028;0
0;1.20988;0.770277;0
0;0.731917;0.675226;0
0;1.1309;0.756005;0
0;0.674024;0.662404;0
0;0.94409;0.719925;0
0;0.711616;0.670758;0
0;0.661374;0.659569;0
0;0.948869;0.720888;0
0;0.577011;0.640379;0
0;0.797036;0.68934;0
0;1.07999;0.746492;0
0;0.677764;0.663239;0
0;0.413666;0.601967;0
0;0.320663;0.579486;0
0;1.2885;0.783893;0
0;0.437578;0.607682;0
0;0.886458;0.708159;0
0;1.53618;0.822909;0
0;0.954878;0.722095;0
0;1.38464;0.799735;0
0;0.903361;0.71164;0
0;0.879679;0.706756;0
0;0.697402;0.667612;0
0;1.56768;0.827453;0
0;1.46663;0.812545;0
0;1.1569;0.760769;0
0;1.34836;0.793861;0
0;0.790969;0.688039;0
0;0.669601;0.661414;0
0;1.10003;0.750265;0
0;1.49017;0.816103;0
0;1.16539;0.762312;0
0;0.656866;0.658556;0
0;0.667315;0.660902;0
0;0.541662;0.632199;0
0;0.880037;0.70683;0
0;1.36327;0.79629;0
0;0.855709;0.701763;0
0;0.988017;0.728696;0
0;1.25199;0.777645;0
0;1.54419;0.824074;0
0;1.58255;0.829566;0
0;1.2972;0.785363;0
0;1.19483;0.767603;0
0;1.68753;0.843899;0
0;0.173194;0.543191;0
0;0.712859;0.671033;0
0;1.23884;0.775362;0
0;1.21187;0.77063;0
0;1.45944;0.811446;0
0;1.00006;0.731071;0
0;0.880376;0.7069;0
0;1.0961;0.749529;0
0;0.791409;0.688134;0
0;0.982043;0.727513;0
0;0.409701;0.601016;0
0;1.26942;0.780644;0
0;0.599057;0.64544;0
0;0.0204524;0.505113;0
0;1.48963;0.816023;0
0;0.603731;0.646509;0
0;0.669349;0.661357;0
0;1.26302;0.779545;0
0;0.909174;0.712831;0
0;1.63179;0.836414;0
0;0.492993;0.620811;0
0;0.881331;0.707098;0
0;1.08247;0.746962;0
0;0.903565;0.711682;0
0;1.5658;0.827184;0
0;0.656905;0.658565;0
0;0.5827;0.641688;0
0;0.850613;0.700696;0
0;0.816131;0.693415;0
0;0.401167;0.598968;0
0;0.559832;0.636414;0
0;0.132264;0.533018;0
0;0.968525;0.724825;0
0;0.543513;0.632629;0
0;0.98002;0.727112;0
0;0.516358;0.626296;0
0;0.62134;0.650523;0
0;0.721998;0.673047;0
0;1.13882;0.757464;0
0;1.05514;0.741761;0
0;0.685314;0.664924;0
0;0.995331;0.73014;0
0;0.816272;0.693444;0
0;0.812678;0.69268;0
0;0.055596;0.513895;0
0;0.922875;0.715628;0
0;1.27144;0.780988;0
0;0.593212;0.644102;0
0;0.478768;0.617457;0
0;0.424807;0.604633;0
0;0.807025;0.691475;0
0;0.124755;0.531148;0
0;1.20785;0.769918;0
0;1.20197;0.768875;0
0;0.423813;0.604395;0
0;0.550677;0.634293;0
0;0.46579;0.614387;0
0;0.678176;0.663332;0
0;0.730502;0.674915;0
0;0.852832;0.701161;0
0;0.996262;0.730323;0
0;0.820414;0.694324;0
0;0.975435;0.726201;0
0;1.054;0.741542;0
0;0.364419;0.59011;0
0;1.34237;0.792879;0
0;1.31093;0.787668;0
0;0.43207;0.606368;0
0;0.976733;0.726459;0
0;0.976733;0.726459;0
0;0.976733;0.726459;0
0;0.976733;0.726459;0
0;0.976733;0.726459;0
0;0.976733;0.726459;0
0;0.976733;0.726459;0
0;0.976733;0.726459;0
0;1.31395;0.788173;0
0;0.967809;0.724683;0
0;1.14306;0.75824;0
0;0.957631;0.722647;0
0;1.50561;0.81841;0
0;0.990148;0.729117;0
0;1.45525;0.810805;0
0;0.85715;0.702065;0
0;1.21667;0.771476;0
0;1.01303;0.733613;0
0;1.01149;0.733312;0
0;0.963019;0.723726;0
0;0.70652;0.669632;0
0;0.775957;0.684808;0
0;0.695898;0.667278;0
0;1.13067;0.755962;0
0;0.556988;0.635755;0
0;0.764767;0.682388;0
0;0.78335;0.686402;0
0;1.32013;0.789203;0
0;1.06285;0.743234;0
0;1.18251;0.765399;0
0;1.27327;0.781302;0
0;0.330467;0.581873;0
0;0.904014;0.711774;0
0;0.955184;0.722157;0
0;1.00336;0.731719;0
0;0.40011;0.598714;0
0;0.419021;0.603249;0
0;0.952655;0.721649;0
0;0.266748;0.566294;0
0;1.05073;0.740914;0
0;0.451402;0.610973;0
0;1.04497;0.739807;0
0;1.43524;0.807716;0
0;1.48902;0.815932;0
0;0.73292;0.675446;0
0;0.597558;0.645097;0
0;1.18046;0.76503;0
0;0.818621;0.693944;0
0;1.21577;0.771319;0
0;1.02417;0.735785;0
0;0.792004;0.688262;0
0;1.00999;0.733018;0
0;1.07414;0.745384;0
0;0.714089;0.671304;0
0;0.766091;0.682675;0
0;1.02701;0.736335;0
0;0.909897;0.712979;0
0;0.760721;0.68151;0
0;1.15717;0.760819;0
0;0.340158;0.584229;0
0;0.977094;0.726531;0
0;1.19795;0.76816;0
0;0.648921;0.656767;0
0;1.13246;0.756293;0
0;1.0914;0.748646;0
0;0.860762;0.70282;0
0;1.15586;0.76058;0
0;1.41262;0.80418;0
0;1.06968;0.744536;0
0;1.40336;0.802717;0
0;0.856452;0.701919;0
0;1.53204;0.822304;0
0;1.16051;0.761426;0
0;1.25022;0.777339;0
0;1.31315;0.788039;0
0;0.667637;0.660974;0
0;2.12912;0.893701;0
0;1.5197;0.820494;0
0;1.4359;0.807818;0
0;1.24134;0.775797;0
0;1.09794;0.749873;0
0;1.39656;0.801637;0
0;1.7414;0.850865;0
0;1.88798;0.868525;0
0;1.35027;0.794173;0
0;1.73569;0.850138;0
0;1.1273;0.755341;0
0;1.60864;0.833223;0
0;1.83169;0.861963;0
0;1.15138;0.759762;0
0;1.15651;0.760698;0
0;1.4885;0.815854;0
0;1.22639;0.773187;0
0;1.35185;0.794433;0
0;1.31887;0.788994;0
0;1.62444;0.835407;0
0;1.33526;0.791709;0
0;1.45402;0.810616;0
0;1.19848;0.768254;0
0;1.24436;0.776322;0
0;1.61238;0.833741;0
0;1.77408;0.854964;0
0;1.65597;0.839696;0
0;1.54811;0.824641;0
0;1.62534;0.83553;0
0;1.27223;0.781125;0
0;0.941914;0.719486;0
0;1.74653;0.851514;0
0;1.64604;0.838355;0
0;1.4145;0.804475;0
0;1.45109;0.810166;0
0;1.0896;0.748307;0
0;1.0593;0.742557;0
0;1.47186;0.81334;0
0;1.18184;0.765278;0
0;1.31512;0.788369;0
0;1.08324;0.747107;0
0;1.66048;0.840303;0
0;1.29077;0.784277;0
0;1.29598;0.785158;0
0;1.55344;0.825411;0
0;1.49901;0.817427;0
0;1.20702;0.769771;0
0;1.4516;0.810245;0
0;1.7275;0.849092;0
0;1.36743;0.796965;0
0;1.94318;0.874702;0
0;1.7328;0.84977;0
0;1.46754;0.812683;0
0;1.06504;0.743652;0
0;1.36861;0.797155;0
0;1.07734;0.745991;0
0;1.28091;0.782605;0
0;1.35859;0.795531;0
0;1.64508;0.838225;0
0;1.76323;0.853613;0
0;1.47538;0.813874;0
0;1.33657;0.791925;0
0;1.3861;0.799969;0
0;1.59852;0.831812;0
0;1.25923;0.778894;0
0;1.42879;0.806713;0
0;1.25201;0.777647;0
0;1.57995;0.829197;0
0;1.40863;0.803551;0
0;1.95703;0.876211;0
0;0.663863;0.660128;0
0;0.716284;0.671788;0
0;0.77783;0.685212;0
0;0.571106;0.639018;0
0;0.973803;0.725877;0
0;1.14516;0.758625;0
0;0.153162;0.538216;0
0;0.855221;0.701661;0
0;1.00327;0.731701;0
0;1.25632;0.778391;0
0;0.863051;0.703298;0
0;1.17632;0.764286;0
0;0.902319;0.711426;0
0;1.03063;0.737039;0
0;1.17454;0.763966;0
0;0.681996;0.664184;0
0;1.05678;0.742075;0
0;0.975013;0.726118;0
0;0.770043;0.68353;0
0;0.841095;0.698696;0
0;0.780496;0.685787;0
0;0.714713;0.671442;0
0;0.80505;0.691054;0
0;0.358506;0.588679;0
0;0.894257;0.709768;0
0;0.921045;0.715255;0
0;0.902709;0.711506;0
0;0.897654;0.710467;0
0;0.999544;0.730969;0
0;0.887515;0.708377;0
0;0.652992;0.657684;0
0;0.446143;0.609722;0
0;0.660968;0.659478;0
0;0.405298;0.59996;0
0;0.792619;0.688393;0
0;1.22547;0.773024;0
0;0.583302;0.641827;0
0;0.695668;0.667227;0
0;-0.133037;0.46679;1
0;0.95836;0.722793;0
0;0.756683;0.680633;0
0;1.24877;0.777087;0
0;0.69718;0.667562;0
0;1.23849;0.775301;0
0;0.413842;0.602009;0
0;0.777857;0.685218;0
0;1.10743;0.75165;0
0;0.438739;0.607959;0
0;0.72805;0.674377;0
0;0.809487;0.692;0
0;0.725647;0.673849;0
0;1.09648;0.749599;0
0;1.30914;0.787369;0
0;0.27308;0.567849;0
0;0.658373;0.658895;0
0;1.2523;0.777699;0
0;0.763039;0.682013;0
0;0.76767;0.683017;0
0;0.876632;0.706124;0
0;0.494999;0.621283;0
0;0.723236;0.673319;0
0;1.60747;0.833059;0
0;1.21489;0.771163;0
0;1.07957;0.746412;0
0;0.611421;0.648265;0
0;0.808306;0.691748;0
0;0.56294;0.637132;0
0;1.34743;0.793709;0
0;1.29201;0.784488;0
0;0.629229;0.652315;0
0;0.185987;0.546363;0
0;0.271336;0.567421;0
0;0.659974;0.659254;0
0;0.133683;0.533371;0
0;0.393188;0.59705;0
0;-0.0369135;0.490773;1
0;0.592824;0.644013;0
0;1.4953;0.816873;0
0;1.36326;0.796289;0
0;1.61928;0.834695;0
0;1.26699;0.780227;0
0;0.976733;0.726459;0
0;0.976733;0.726459;0
0;1.85394;0.864589;0
0;1.86327;0.865678;0
0;1.56812;0.827515;0
0;1.92519;0.872717;0
0;1.55111;0.825073;0
0;1.31825;0.78889;0
0;1.80012;0.858164;0
0;1.88653;0.86836;0
0;1.78256;0.856013;0
0;1.41087;0.803903;0
0;1.58872;0.830436;0
0;2.1559;0.896218;0
0;1.28634;0.783527;0
0;1.28261;0.782894;0
0;1.48502;0.815329;0
0;1.37617;0.798375;0
0;1.26684;0.780202;0
0;1.19355;0.767375;0
0;1.65744;0.839894;0
0;-0.929609;0.283004;1
0;1.16797;0.762777;0
0;1.55097;0.825053;0
0;0.145112;0.536215;0
0;0.839448;0.698349;0
0;1.01926;0.734829;0
0;1.4568;0.811043;0
0;1.44289;0.808902;0
0;1.62301;0.83521;0
0;0.288545;0.57164;0
0;0.947985;0.72071;0
0;1.25143;0.777548;0
0;1.4624;0.8119;0
0;1.77649;0.855263;0
0;1.69695;0.845136;0
0;1.09698;0.749694;0
0;1.29966;0.785777;0
0;0.852327;0.701055;0
0;0.764444;0.682318;0
0;0.854047;0.701415;0
0;2.05813;0.886766;0
0;1.87609;0.867161;0
0;1.99688;0.880469;0
0;1.5654;0.827127;0
0;1.44114;0.808632;0
0;1.50647;0.818537;0
0;1.67953;0.842842;0
0;1.83347;0.862174;0
0;1.56515;0.827091;0
0;1.83967;0.862909;0
0;1.48261;0.814967;0
0;1.64429;0.838118;0
0;1.94012;0.874365;0
0;1.50859;0.818852;0
0;1.29223;0.784524;0
0;0.960455;0.723213;0
0;1.00102;0.73126;0
0;1.31843;0.788921;0
0;1.32825;0.790551;0
0;1.23703;0.775046;0
0;1.95906;0.876431;0
0;1.40531;0.803025;0
0;1.07228;0.74503;0
0;1.47322;0.813547;0
0;2.4021;0.916987;0
0;2.20761;0.900931;0
0;1.07264;0.745098;0
0;1.81925;0.860476;0
0;1.28922;0.784015;0
0;1.92648;0.872859;0
0;1.25228;0.777694;0
0;1.73656;0.85025;0
0;1.35442;0.794851;0
0;1.38989;0.800574;0
0;1.63816;0.837284;0
0;1.75568;0.852667;0
0;2.14277;0.894991;0
0;1.74404;0.8512;0
0;1.48836;0.815833;0
0;1.61935;0.834705;0
0;1.23396;0.774511;0
0;2.38903;0.915987;0
0;1.93625;0.87394;0
0;1.72569;0.84886;0
0;1.8291;0.861654;0
0;1.39582;0.80152;0
0;1.29748;0.78541;0
0;1.82554;0.861229;0
0;2.37542;0.914934;0
0;1.2614;0.779268;0
0;1.66879;0.841414;0
0;1.71551;0.84755;0
0;1.58739;0.830249;0
0;1.99804;0.880592;0
0;2.03797;0.884726;0
0;1.87233;0.866727;0
0;1.78417;0.856211;0
0;2.13302;0.894071;0
0;2.04764;0.885709;0
0;2.14983;0.895653;0
0;1.91392;0.871459;0
0;1.81753;0.86027;0
0;1.33441;0.791569;0
0;0.865113;0.703728;0
0;1.14926;0.759376;0
0;1.87134;0.866613;0
0;1.2779;0.782093;0
0;0.875795;0.70595;0
0;1.60572;0.832816;0
0;1.37515;0.79821;0
0;1.97362;0.878;0
0;1.4967;0.817082;0
0;1.45549;0.810842;0
0;0.993702;0.729819;0
0;0.637206;0.654122;0
0;0.152492;0.538049;0
0;0.74375;0.677815;0
0;1.67218;0.841867;0
0;1.14731;0.75902;0
0;0.819066;0.694038;0
0;1.51725;0.820134;0
0;1.47154;0.813291;0
0;1.13983;0.757648;0
0;1.06551;0.743743;0
0;0.60474;0.64674;0
0;0.588331;0.642982;0
0;0.681626;0.664101;0
0;1.31505;0.788357;0
0;1.02737;0.736405;0
0;0.647905;0.656538;0
0;0.901522;0.711262;0
0;0.825389;0.695379;0
0;0.523545;0.627976;0
0;1.17737;0.764475;0
0;0.921974;0.715444;0
0;0.775566;0.684724;0
0;1.66234;0.840552;0
0;1.06368;0.743392;0
0;0.0962926;0.524055;0
0;1.36062;0.795861;0
0;0.639069;0.654543;0
0;0.8658;0.703871;0
0;0.56004;0.636462;0
0;1.49355;0.816611;0
0;0.659869;0.659231;0
0;1.10435;0.751074;0
0;0.911568;0.713321;0
0;1.4841;0.815191;0
0;0.937384;0.718571;0
0;1.67253;0.841913;0
0;1.68028;0.842942;0
0;1.14764;0.759079;0
0;1.26753;0.78032;0
0;1.26571;0.780007;0
0;1.24022;0.775602;0
0;1.99015;0.879759;0
0;1.81022;0.859389;0
0;1.53739;0.823085;0
0;1.18371;0.765614;0
0;1.74409;0.851206;0
0;1.46977;0.813022;0
0;1.35024;0.794168;0
0;1.45902;0.811382;0
0;1.43915;0.808323;0
0;1.6275;0.835827;0
0;1.78043;0.855749;0
0;1.83992;0.862939;0
0;1.5895;0.830546;0
0;1.06526;0.743694;0
0;1.76694;0.854077;0
0;2.09735;0.890646;0
0;1.53804;0.823179;0
0;1.46355;0.812075;0
0;1.68718;0.843854;0
0;1.32697;0.79034;0
0;1.5539;0.825476;0
0;1.41918;0.805209;0
0;1.84493;0.863531;0
0;1.91202;0.871246;0
0;1.36796;0.797051;0
0;2.13959;0.894692;0
0;2.16852;0.897386;0
0;1.9113;0.871165;0
0;1.59814;0.831758;0
0;2.2946;0.908429;0
0;1.79144;0.857103;0
0;1.49514;0.816848;0
0;1.61628;0.834281;0
0;1.94893;0.875329;0
0;1.60316;0.83246;0
0;1.44361;0.809013;0
0;2.19782;0.900054;0
0;1.99989;0.880786;0
0;2.28587;0.9077;0
0;2.02915;0.883824;0
0;1.47525;0.813854;0
0;2.28973;0.908023;0
0;2.30574;0.909352;0
0;1.98403;0.87911;0
0;2.03298;0.884216;0
0;1.89699;0.869551;0
0;2.05499;0.886451;0
0;1.27558;0.781697;0
0;1.44672;0.809494;0
0;2.02477;0.883373;0
0;1.69187;0.844469;0
0;1.66317;0.840663;0
0;2.43934;0.919779;0
0;1.53249;0.82237;0
0;1.69855;0.845346;0
0;1.88782;0.868506;0
0;1.63036;0.836219;0
0;1.37665;0.798453;0
0;2.20695;0.900872;0
0;1.75712;0.852848;0
0;1.58109;0.829359;0
0;1.74802;0.851703;0
0;1.87121;0.866598;0
0;1.78072;0.855786;0
0;2.02223;0.883112;0
0;1.66486;0.840889;0
0;1.7597;0.853172;0
0;1.9203;0.872172;0
0;1.47502;0.81382;0
0;1.79026;0.856959;0
0;1.94799;0.875227;0
0;1.82178;0.86078;0
0;1.96287;0.876844;0
0;1.96384;0.876948;0
0;1.65731;0.839877;0
0;1.94616;0.875027;0
0;1.80686;0.858982;0
0;1.88095;0.867721;0
0;1.81799;0.860325;0
0;1.86417;0.865782;0
0;1.95467;0.875955;0
0;1.676;0.842374;0
0;1.83717;0.862614;0
0;1.79809;0.857917;0
0;1.82372;0.861012;0
0;1.8675;0.866169;0
0;1.78492;0.856303;0
0;1.87439;0.866965;0
0;1.49074;0.816189;0
0;2.08213;0.889154;0
0;1.65799;0.839969;0
0;1.65818;0.839994;0
0;1.52675;0.82153;0
0;1.86102;0.865416;0
0;2.26908;0.906283;0
0;1.58263;0.829577;0
0;2.29659;0.908594;0
0;2.08657;0.889591;0
0;1.7144;0.847406;0
0;2.27021;0.90638;0
0;2.22043;0.90207;0
0;1.66374;0.840739;0
0;1.4252;0.806152;0
0;1.53668;0.822982;0
0;1.61439;0.83402;0
0;2.11459;0.892313;0
0;1.93756;0.874084;0
0;2.15261;0.895912;0
0;2.35149;0.913053;0
0;1.32556;0.790105;0
0;1.91949;0.872082;0
0;2.37471;0.914878;0
0;1.58945;0.830539;0
0;2.55639;0.928001;0
0;2.04595;0.885537;0
0;1.78596;0.856431;0
0;1.43513;0.8077;0
0;1.79094;0.857043;0
0;1.35969;0.795709;0
0;1.86281;0.865624;0
0;1.18497;0.76584;0
0;1.50517;0.818344;0
0;1.50701;0.818618;0
0;1.40285;0.802636;0
0;1.70721;0.846474;0
0;1.71392;0.847343;0
0;0.969459;0.725012;0
0;1.82482;0.861143;0
0;2.02898;0.883807;0
0;1.62877;0.836001;0
0;1.17467;0.763988;0
0;1.84347;0.863358;0
0;1.45601;0.810922;0
0;1.69705;0.845149;0
0;1.9559;0.876088;0
0;1.3821;0.799328;0
0;1.76249;0.853522;0
0;1.58612;0.83007;0
0;2.00852;0.881689;0
0;2.00869;0.881706;0
0;2.00005;0.880802;0
0;1.78561;0.856388;0
0;1.84214;0.863202;0
0;0.97513;0.726141;0
0;1.18711;0.766224;0
0;1.48575;0.81544;0
0;1.572;0.828068;0
0;1.16222;0.761737;0
0;2.34111;0.912225;0
0;2.17493;0.897976;0
0;1.65104;0.839032;0
0;1.59924;0.831912;0
0;1.90746;0.870733;0
0;1.98627;0.879348;0
0;1.99049;0.879795;0
0;1.43359;0.807459;0
0;1.95443;0.875929;0
0;1.95072;0.875525;0
0;1.59373;0.83114;0
0;1.73085;0.849521;0
0;0.689444;0.665843;0
0;0.590373;0.643451;0
0;0.850208;0.700611;0
0;1.07688;0.745904;0
0;0.711517;0.670736;0
0;0.444704;0.609379;0
0;0.526358;0.628633;0
0;0.0133389;0.503335;0
0;0.283586;0.570425;0
0;0.529426;0.629349;0
0;0.744739;0.678031;0
0;0.00484384;0.501211;0
0;0.277983;0.569052;0
0;0.715226;0.671555;0
0;1.19716;0.76802;0
0;0.607542;0.64738;0
0;0.607957;0.647475;0
0;0.551059;0.634381;0
0;0.429077;0.605653;0
0;0.442885;0.608946;0
0;0.341008;0.584435;0
0;-0.0775751;0.480616;1
0;0.692252;0.666468;0
0;0.768261;0.683145;0
0;0.919259;0.714891;0
0;0.238587;0.559365;0
0;0.527768;0.628962;0
0;-0.182169;0.454583;1
0;0.803645;0.690754;0
0;0.871583;0.705075;0
0;0.824821;0.695259;0
0;-0.100658;0.474857;1
0;1.37968;0.798939;0
0;0.496939;0.62174;0
0;0.975092;0.726133;0
0;0.802992;0.690614;0
0;0.157891;0.539391;0
0;0.417851;0.602969;0
0;0.0847858;0.521184;0
0;0.441389;0.60859;0
0;0.214639;0.553455;0
0;0.375291;0.592737;0
0;0.263843;0.565581;0
0;-0.20153;0.449787;1
0;0.563963;0.637369;0
0;0.389301;0.596115;0
0;-0.206159;0.448642;1
0;-0.671497;0.338162;1
0;-0.701414;0.331499;1
0;0.586235;0.642501;0
0;-0.191625;0.45224;1
0;-0.624699;0.348714;1
0;-0.0274502;0.493138;1
0;0.135206;0.53375;0
0;0.709617;0.670317;0
0;-0.402898;0.400616;1
0;0.446679;0.609849;0
0;0.451442;0.610982;0
0;-0.139893;0.465084;1
0;0.691994;0.66641;0
0;0.935262;0.718142;0
0;0.57462;0.639829;0
0;0.565499;0.637724;0
0;0.297864;0.57392;0
0;0.465157;0.614237;0
0;0.796001;0.689118;0
0;0.524146;0.628117;0
0;1.08803;0.748011;0
0;1.53168;0.822252;0
0;1.71101;0.846967;0
0;1.94033;0.874388;0
0;0.10621;0.526527;0
0;2.05683;0.886636;0
0;1.58078;0.829315;0
0;1.59341;0.831095;0
0;1.59075;0.830722;0
0;1.094;0.749133;0
0;1.48446;0.815245;0
0;2.01603;0.88247;0
0;1.61473;0.834068;0
0;1.13259;0.756316;0
0;1.63746;0.83719;0
0;1.46683;0.812576;0
0;1.69383;0.844728;0
0;1.576;0.828637;0
0;1.29157;0.784413;0
0;1.22294;0.772581;0
0;0.951776;0.721472;0
0;1.61569;0.8342;0
0;1.16508;0.762254;0
0;1.5501;0.824928;0
0;1.40208;0.802514;0
0;1.2269;0.773275;0
0;1.51653;0.820027;0
0;1.63828;0.837301;0
0;1.0186;0.734699;0
0;1.09263;0.748876;0
0;1.62977;0.836138;0
0;1.73998;0.850685;0
0;1.58014;0.829224;0
0;1.36166;0.796029;0
0;0.804961;0.691035;0
0;1.60994;0.833402;0
0;1.23281;0.774311;0
0;2.13168;0.893945;0
0;0.91561;0.714147;0
0;1.36165;0.796028;0
0;1.62512;0.8355;0
0;1.08598;0.747624;0
0;0.997391;0.730545;0
0;1.07867;0.746242;0
0;1.59689;0.831583;0
0;1.21611;0.771379;0
0;0.98605;0.728307;0
0;1.34911;0.793984;0
0;1.01352;0.733709;0
0;1.74043;0.850741;0
0;1.63932;0.837442;0
0;1.39281;0.801041;0
0;1.8736;0.866874;0
0;2.17655;0.898124;0
0;1.27858;0.782207;0
0;1.84582;0.863635;0
0;1.22831;0.773523;0
0;1.25031;0.777353;0
0;1.24222;0.77595;0
0;1.48131;0.81477;0
0;1.7884;0.856731;0
0;1.32885;0.790651;0
0;1.26033;0.779082;0
0;1.07898;0.746301;0
0;1.55891;0.826197;0
0;1.1238;0.754693;0
0;1.72399;0.848642;0
0;1.79527;0.857572;0
0;1.99854;0.880643;0
0;1.28351;0.783047;0
0;2.28538;0.907659;0
0;1.64753;0.838557;0
0;2.70199;0.937144;0
0;2.41787;0.91818;0
0;1.83757;0.862661;0
0;1.40128;0.802387;0
0;1.89636;0.869479;0
0;1.86718;0.866131;0
0;2.19681;0.899963;0
0;2.12589;0.893394;0
0;1.80703;0.859002;0
0;1.66721;0.841204;0
0;1.76995;0.854451;0
0;1.56223;0.826673;0
0;1.81613;0.860101;0
0;1.83096;0.861876;0
0;2.5407;0.926946;0
0;2.16396;0.896966;0
0;2.21299;0.90141;0
0;0.976733;0.726459;0
0;1.70383;0.846035;0
0;2.47695;0.92251;0
0;1.38156;0.799241;0
0;2.02161;0.883047;0
0;1.57044;0.827846;0
0;2.0235;0.883242;0
0;1.61136;0.8336;0
0;1.97829;0.878499;0
0;1.61588;0.834227;0
0;2.48508;0.923089;0
0;1.92384;0.872566;0
0;1.83258;0.862069;0
0;1.66508;0.840919;0
0;1.69576;0.84498;0
0;2.36076;0.913785;0
0;1.26956;0.780667;0
0;1.95696;0.876203;0
0;1.59719;0.831625;0
0;1.97991;0.878672;0
0;1.51332;0.819553;0
0;2.00232;0.88104;0
0;2.04856;0.885802;0
0;1.86451;0.865822;0
0;2.35401;0.913253;0
0;2.06978;0.887931;0
0;1.61613;0.834261;0
0;1.66246;0.840567;0
0;1.7271;0.849042;0
0;1.74452;0.85126;0
0;1.72404;0.848648;0
0;1.79187;0.857156;0
0;1.61223;0.833721;0
0;1.41985;0.805315;0
0;1.82646;0.861339;0
0;2.03675;0.884602;0
0;2.1819;0.898612;0
0;2.43102;0.919162;0
0;1.93298;0.873579;0
0;1.96095;0.876636;0
0;2.06075;0.887029;0
0;2.36685;0.914264;0
0;2.34667;0.912669;0
0;1.81958;0.860515;0
0;0.891235;0.709145;0
0;0.934534;0.717994;0
0;1.4056;0.803071;0
0;1.20808;0.769959;0
0;1.16259;0.761803;0
0;1.4438;0.809043;0
0;1.32385;0.789822;0
0;1.43843;0.808211;0
0;1.17116;0.763355;0
0;1.51462;0.819744;0
0;1.27709;0.781954;0
0;1.15953;0.761247;0
0;1.63038;0.836222;0
0;1.41407;0.804407;0
0;1.56339;0.82684;0
0;1.0149;0.733979;0
0;1.33283;0.791308;0
0;1.3645;0.79649;0
0;1.58125;0.829382;0
0;1.64502;0.838217;0
0;1.39839;0.801929;0
0;1.38533;0.799846;0
0;2.17045;0.897564;0
0;2.09383;0.890302;0
0;2.16974;0.897499;0
0;1.90557;0.87052;0
0;1.63915;0.837419;0
0;1.61525;0.834139;0
0;1.40278;0.802625;0
0;1.08729;0.747871;0
0;1.69541;0.844934;0
0;2.40163;0.916952;0
0;1.90888;0.870893;0
0;2.36707;0.914281;0
0;1.96296;0.876853;0
0;1.89547;0.869378;0
0;1.3568;0.795239;0
0;1.38251;0.799393;0
0;1.46518;0.812324;0
0;1.56644;0.827276;0
0;1.90786;0.870778;0
0;1.9266;0.872873;0
0;2.19078;0.899419;0
0;1.79267;0.857254;0
0;2.12286;0.893105;0
0;2.26121;0.905613;0
0;1.733;0.849796;0
0;1.87743;0.867315;0
0;2.50945;0.924801;0
0;1.66254;0.840579;0
0;2.39766;0.916649;0
0;2.30847;0.909576;0
0;1.9474;0.875163;0
0;1.92612;0.872819;0
0;1.77377;0.854926;0
0;1.83596;0.86247;0
0;1.68954;0.844164;0
0;1.24673;0.776733;0
0;1.90639;0.870613;0
0;1.46429;0.812187;0
0;1.74953;0.851894;0
0;1.75451;0.852521;0
0;2.16391;0.896961;0
0;1.8338;0.862214;0
0;2.57588;0.929293;0
0;1.45017;0.810024;0
0;1.84402;0.863423;0
0;1.87669;0.867231;0
0;1.64833;0.838665;0
0;1.30247;0.78625;0
0;1.57435;0.828403;0
0;0.929202;0.716913;0
0;1.38454;0.79972;0
0;0.941737;0.71945;0
0;0.523252;0.627908;0
0;1.24603;0.776611;0
0;0.4776;0.617181;0
0;0.846908;0.699918;0
0;0.408917;0.600828;0
0;0.804081;0.690847;0
0;0.11495;0.528706;0
0;1.40417;0.802845;0
0;0.854821;0.701577;0
0;0.539246;0.631637;0
0;0.996566;0.730383;0
0;0.968138;0.724748;0
0;0.695536;0.667197;0
0;0.741389;0.6773;0
0;0.442911;0.608953;0
0;0.922895;0.715632;0
0;-0.0430559;0.489238;1
0;0.514434;0.625845;0
0;1.34523;0.793348;0
0;1.3494;0.794032;0
0;0.770937;0.683723;0
0;0.887301;0.708333;0
0;1.07419;0.745394;0
0;0.923476;0.71575;0
0;1.35725;0.795312;0
0;0.03078;0.507694;0
0;0.379951;0.593861;0
0;0.687876;0.665494;0
0;0.878522;0.706516;0
0;0.999296;0.73092;0
0;0.389715;0.596214;0
0;1.23316;0.774371;0
0;1.13924;0.757541;0
0;0.749295;0.679025;0
0;1.10094;0.750437;0
0;1.19102;0.766924;0
0;0.946195;0.720349;0
0;1.06844;0.7443;0
0;0.168463;0.542017;0
0;0.584957;0.642207;0
0;0.595074;0.644528;0
0;0.460574;0.61315;0
0;1.09702;0.749701;0
0;0.86685;0.70409;0
0;0.656762;0.658533;0
0;0.241171;0.560002;0
0;1.41248;0.804157;0
0;0.790783;0.687999;0
0;1.45666;0.811021;0
0;1.43589;0.807818;0
0;0.702412;0.668722;0
0;0.75788;0.680893;0
0;0.796491;0.689223;0
0;1.2756;0.781699;0
0;0.879023;0.70662;0
0;0.199272;0.549654;0
0;0.925537;0.716169;0
0;0.498785;0.622174;0
0;0.508561;0.624469;0
0;0.590624;0.643508;0
0;0.378211;0.593441;0
0;1.51447;0.819723;0
0;1.47829;0.814315;0
0;0.463655;0.613881;0
0;0.653551;0.65781;0
0;1.92339;0.872516;0
0;1.26212;0.77939;0
0;1.23303;0.774349;0
0;1.32254;0.789605;0
0;1.77455;0.855022;0
0;1.2907;0.784265;0
0;1.62096;0.834927;0
0;1.68504;0.843571;0
0;1.05536;0.741803;0
0;1.30561;0.786777;0
0;1.57909;0.829076;0
0;1.33527;0.791711;0
0;0.709385;0.670265;0
0;1.47945;0.814489;0
0;1.14635;0.758843;0
0;2.0735;0.8883;0
0;1.19495;0.767624;0
0;1.21411;0.771026;0
0;1.50475;0.818282;0
0;1.13133;0.756084;0
0;1.4732;0.813543;0
0;0.655917;0.658343;0
0;0.60277;0.64629;0
0;1.70653;0.846385;0
0;1.41277;0.804202;0
0;0.885533;0.707967;0
0;1.22427;0.772814;0
0;1.1393;0.75755;0
0;1.51724;0.820132;0
0;1.10501;0.751198;0
0;1.25199;0.777644;0
0;0.711961;0.670834;0
0;1.35123;0.794331;0
0;1.12821;0.755509;0
0;1.3982;0.801899;0
0;1.02519;0.735983;0
0;1.30884;0.787319;0
0;1.23168;0.774112;0
0;0.890782;0.709051;0
0;1.20631;0.769645;0
0;0.707329;0.669811;0
0;0.951894;0.721496;0
0;0.877069;0.706215;0
0;1.4304;0.806963;0
0;1.72536;0.848818;0
0;1.23299;0.774341;0
0;1.01398;0.733798;0
0;0.831049;0.696577;0
0;1.48474;0.815287;0
0;0.78548;0.68686;0
0;0.894304;0.709778;0
0;0.995818;0.730236;0
0;0.419162;0.603283;0
0;0.902723;0.711509;0
0;1.13615;0.756972;0
0;0.940128;0.719126;0
0;1.11664;0.753364;0
0;1.3148;0.788315;0
0;1.57355;0.828289;0
0;0.866422;0.704001;0
0;0.532251;0.630008;0
0;1.03484;0.737854;0
0;1.0354;0.737961;0
0;0.902474;0.711458;0
0;0.846694;0.699873;0
0;1.30162;0.786107;0
0;1.59289;0.831023;0
0;1.67751;0.842574;0
0;1.1061;0.751401;0
0;1.27572;0.781721;0
0;0.924761;0.716011;0
0;0.762253;0.681843;0
0;1.17706;0.764419;0
0;0.624516;0.651245;0
0;0.300874;0.574656;0
0;-0.152456;0.46196;1
0;0.554989;0.635292;0
0;0.160429;0.540022;0
0;0.530947;0.629704;0
0;1.0408;0.739005;0
0;0.961;0.723322;0
0;0.910993;0.713203;0
0;1.22755;0.773389;0
0;1.36143;0.795992;0
0;1.48754;0.815709;0
0;0.821664;0.69459;0
0;0.592965;0.644045;0
0;0.242008;0.560208;0
0;0.391162;0.596562;0
0;1.05577;0.741882;0
0;0.476495;0.61692;0
0;0.194886;0.548568;0
0;-0.256232;0.43629;1
0;0.879498;0.706718;0
0;0.0197367;0.504934;0
0;0.301238;0.574745;0
0;1.76761;0.85416;0
0;0.757904;0.680899;0
0;0.455372;0.611916;0
0;1.52536;0.821327;0
0;0.623477;0.651009;0
0;1.11846;0.753702;0
0;0.942102;0.719524;0
0;1.28587;0.783448;0
0;1.50101;0.817726;0
0;-0.143874;0.464093;1
0;0.747943;0.67873;0
0;0.665251;0.660439;0
0;1.71207;0.847104;0
0;0.987446;0.728583;0
0;1.60338;0.83249;0
0;0.860028;0.702667;0
0;1.30173;0.786125;0
0;0.476676;0.616963;0
0;0.754253;0.680105;0
0;0.695156;0.667113;0
0;0.483827;0.618651;0
0;0.56644;0.637941;0
0;1.29788;0.785479;0
0;0.592373;0.64391;0
0;0.0863758;0.521581;0
0;0.943018;0.719709;0
0;0.663889;0.660134;0
0;0.670809;0.661684;0
0;0.396071;0.597743;0
0;1.62104;0.834938;0
0;1.18605;0.766033;0
0;1.31524;0.788388;0
0;1.22827;0.773515;0
0;1.20953;0.770216;0
0;0.246661;0.561355;0
0;0.689357;0.665824;0
0;0.387328;0.595639;0
0;1.24617;0.776636;0
0;1.71257;0.847169;0
0;1.08355;0.747166;0
0;0.819776;0.694189;0
0;2.07922;0.888867;0
0;1.52484;0.821249;0
0;2.35513;0.913341;0
0;1.68199;0.843168;0
0;1.62411;0.835361;0
0;1.64863;0.838706;0
0;2.36806;0.914359;0
0;1.39495;0.801381;0
0;1.74714;0.851592;0
0;1.78378;0.856163;0
0;2.06388;0.887343;0
0;1.55661;0.825866;0
0;1.52112;0.820703;0
0;2.32809;0.911177;0
0;2.0881;0.889741;0
0;1.94981;0.875426;0
0;2.30412;0.909218;0
0;2.2924;0.908246;0
0;2.16873;0.897406;0
0;1.51274;0.819467;0
0;2.13252;0.894024;0
0;1.62373;0.835309;0
0;1.26864;0.78051;0
0;2.03552;0.884476;0
0;2.02511;0.883409;0
0;2.38348;0.915559;0
0;1.5865;0.830124;0
0;1.91654;0.871752;0
0;1.84626;0.863687;0
0;1.7201;0.848141;0
0;1.92904;0.873143;0
0;1.64104;0.837677;0
0;1.58372;0.829731;0
0;1.5343;0.822634;0
0;1.81246;0.859658;0
0;1.85352;0.86454;0
0;1.72279;0.848488;0
0;1.8889;0.86863;0
0;2.19521;0.899819;0
0;1.90588;0.870555;0
0;2.38473;0.915655;0
0;2.1942;0.899728;0
0;1.5643;0.826969;0
0;2.02361;0.883254;0
0;1.54225;0.823791;0
0;1.99168;0.87992;0
0;1.87468;0.866999;0
0;2.4148;0.917949;0
0;1.54745;0.824546;0
0;1.64981;0.838866;0
0;1.52792;0.821702;0
0;1.82562;0.86124;0
0;1.33579;0.791798;0
0;1.93963;0.874312;0
0;1.9633;0.876889;0
0;1.65407;0.839441;0
0;1.65858;0.840047;0
0;1.84154;0.86313;0
0;1.52864;0.821807;0
0;1.45672;0.81103;0
0;1.68646;0.843758;0
0;2.12049;0.892878;0
0;1.74832;0.851741;0
0;1.31439;0.788247;0
0;1.4966;0.817067;0
0;1.936;0.873912;0
0;2.62225;0.93228;0
0;1.6603;0.840279;0
0;1.89313;0.869112;0
0;1.74705;0.851581;0
0;1.8223;0.860842;0
0;2.21441;0.901537;0
0;1.54854;0.824702;0
0;0.0386306;0.509656;0
0;-0.0544358;0.486394;1
0;-0.188196;0.453089;1
0;-0.111323;0.472198;1
0;0.103464;0.525843;0
0;-0.261678;0.434951;1
0;-0.292967;0.427278;1
0;-0.00393688;0.499016;1
0;0.124209;0.531012;0
0;-0.344564;0.414701;1
0;-0.644319;0.344271;1
0;-0.0041319;0.498967;1
0;-0.143682;0.464141;1
0;0.225618;0.556167;0
0;-0.114389;0.471434;1
0;0.250543;0.56231;0
0;-0.00457441;0.498856;1
0;-0.0103336;0.497417;1
0;-0.238429;0.440674;1
0;0.17597;0.543879;0
0;-0.669292;0.338655;1
0;-0.0136427;0.496589;1
0;-0.35833;0.411364;1
0;-0.190677;0.452475;1
0;-0.379832;0.406167;1
0;0.149436;0.53729;0
0;0.101402;0.525329;0
0;-0.0817562;0.479572;1
0;0.0710946;0.517766;0
0;-0.0487112;0.487825;1
0;-0.0806895;0.479839;1
0;0.100231;0.525037;0
0;0.103656;0.525891;0
0;-0.127145;0.468257;1
0;-0.273959;0.431935;1
0;0.148819;0.537136;0
0;0.109833;0.527431;0
0;0.181011;0.54513;0
0;-0.472083;0.384123;1
0;0.13284;0.533161;0
0;0.842694;0.699032;0
0;-0.385156;0.404884;1
0;0.304841;0.575625;0
0;-0.317415;0.421306;1
0;-0.141707;0.464632;1
0;0.370737;0.591637;0
0;0.0934953;0.523357;0
0;-0.133041;0.466789;1
0;0.080913;0.520217;0
0;0.395617;0.597634;0
0;0.174998;0.543638;0
0;0.304709;0.575593;0
0;-0.35779;0.411495;1
0;0.697043;0.667532;0
0;0.319113;0.579108;0
0;0.41403;0.602054;0
0;-0.281778;0.430018;1
0;-0.197872;0.450693;1
0;-0.0474991;0.488127;1
0;-0.702552;0.331247;1
0;0.311125;0.57716;0
0;0.540045;0.631823;0
0;0.261301;0.564956;0
0;-0.137123;0.465773;1
0;-0.0556713;0.486086;1
0;0.145323;0.536267;0
0;0.17612;0.543917;0
0;-0.101733;0.474589;1
0;0.225653;0.556175;0
0;-0.367878;0.409054;1
0;0.374101;0.59245;0
0;0.356876;0.588284;0
0;0.558054;0.636002;0
0;1.10039;0.750334;0
0;-0.0524965;0.486879;1
0;0.202498;0.550452;0
0;0.21349;0.553171;0
0;0.288454;0.571618;0
0;0.19191;0.547831;0
0;-0.147984;0.463071;1
0;0.136973;0.53419;0
0;0.785945;0.68696;0
0;-0.1495;0.462694;1
0;0.641076;0.654997;0
0;0.100356;0.525068;0
0;0.939635;0.719026;0
0;0.638899;0.654505;0
0;0.875264;0.70584;0
0;0.609697;0.647872;0
0;0.918613;0.714759;0
0;0.462759;0.613669;0
0;0.68296;0.664399;0
0;0.524594;0.628221;0
0;0.22511;0.556041;0
0;0.333202;0.582538;0
0;0.535402;0.630742;0
0;0.279234;0.569358;0
0;0.479452;0.617619;0
0;-0.0256513;0.493588;1
0;0.843673;0.699238;0
0;1.45844;0.811295;0
0;0.677742;0.663235;0
0;0.885035;0.707865;0
0;-0.0639847;0.484009;1
0;0.464023;0.613968;0
0;0.302487;0.57505;0
0;-0.0231541;0.494212;1
0;0.544064;0.632757;0
0;0.390538;0.596412;0
0;0.591773;0.643772;0
0;0.484476;0.618804;0
0;0.758805;0.681094;0
0;0.469553;0.615278;0
0;0.756526;0.680599;0
0;0.456669;0.612224;0
0;-0.414868;0.397745;1
0;0.0790628;0.519755;0
0;0.292791;0.572679;0
0;0.242459;0.56032;0
0;0.4455;0.609569;0
0;0.107317;0.526803;0
0;-0.0891184;0.477735;1
0;0.296314;0.573541;0
0;0.221249;0.555088;0
0;0.118348;0.529552;0
0;0.430015;0.605877;0
0;0.204314;0.550902;0
0;0.237976;0.559215;0
0;0.414623;0.602196;0
0;0.312204;0.577423;0
0;1.05227;0.741211;0
0;0.391222;0.596577;0
0;0.739098;0.676799;0
0;0.684738;0.664795;0
0;0.628407;0.652128;0
0;0.741634;0.677353;0
0;0.102066;0.525494;0
0;-0.393656;0.402838;1
0;0.145367;0.536278;0
0;-0.34052;0.415683;1
0;0.195525;0.548726;0
0;-0.519478;0.372974;1
0;0.468167;0.61495;0
0;0.127502;0.531832;0
0;0.0337709;0.508442;0
0;-1.67482;0.157782;1
0;-0.0532201;0.486698;1
0;-0.213032;0.446943;1
0;-0.819021;0.305971;1
0;0.827512;0.695829;0
0;0.326144;0.580821;0
0;0.393475;0.597119;0
0;-0.0358092;0.491049;1
0;0.472274;0.615922;0
0;-0.493323;0.379111;1
0;0.371419;0.591802;0
0;1.12804;0.755478;0
0;0.769575;0.683429;0
0;0.56543;0.637708;0
0;0.067501;0.516869;0
0;0.70764;0.66988;0
0;0.321041;0.579578;0
0;0.270196;0.567141;0
0;0.090413;0.522588;0
0;-0.0378743;0.490533;1
0;-0.00502073;0.498745;1
0;0.609458;0.647817;0
0;-0.217924;0.445734;1
0;-0.330276;0.418174;1
0;0.50676;0.624047;0
0;0.0767595;0.51918;0
0;0.386363;0.595407;0
0;0.359218;0.588851;0
0;0.393484;0.597121;0
0;0.672906;0.662154;0
0;0.481309;0.618057;0
0;0.258413;0.564246;0
0;-0.251106;0.437551;1
0;0.148832;0.537139;0
0;0.839096;0.698275;0
0;-0.589763;0.356689;1
0;0.016086;0.504021;0
0;1.06766;0.744151;0
0;-0.203955;0.449187;1
0;0.201971;0.550322;0
0;0.0448834;0.511219;0
0;0.439155;0.608058;0
0;-0.160723;0.459906;1
0;0.35257;0.587241;0
0;0.789484;0.68772;0
0;0.0512692;0.512814;0
0;0.00408471;0.501021;0
0;0.151079;0.537698;0
0;-0.00273072;0.499317;1
0;0.516739;0.626385;0
0;-0.0837847;0.479066;1
0;-0.41924;0.396699;1
0;-0.437178;0.392413;1
0;0.320848;0.579531;0
0;0.0535139;0.513375;0
0;0.0818137;0.520442;0
0;-0.271043;0.432651;1
0;0.115278;0.528788;0
0;0.142336;0.535524;0
0;0.399005;0.598449;0
0;0.30703;0.57616;0
0;0.198852;0.54955;0
0;0.0533222;0.513327;0
0;0.0595383;0.51488;0
0;0.500394;0.622552;0
0;0.0625171;0.515624;0
0;1.38911;0.80045;0
0;1.48938;0.815985;0
0;0.760663;0.681498;0
0;1.29769;0.785446;0
0;1.03538;0.737958;0
0;1.62034;0.834843;0
0;0.855419;0.701703;0
0;0.8988;0.710703;0
0;1.38955;0.80052;0
0;1.03301;0.737499;0
0;0.933509;0.717787;0
0;1.07868;0.746245;0
0;1.33816;0.792187;0
0;1.03909;0.738674;0
0;1.20208;0.768895;0
0;1.35853;0.795521;0
0;1.0054;0.73212;0
0;1.60283;0.832414;0
0;2.04778;0.885723;0
0;1.66724;0.841207;0
0;1.1124;0.752575;0
0;0.945311;0.720171;0
0;1.32495;0.790005;0
0;1.32711;0.790361;0
0;0.860517;0.702769;0
0;0.883492;0.707545;0
0;0.696844;0.667488;0
0;0.582527;0.641649;0
0;1.25379;0.777955;0
0;1.45642;0.810985;0
0;1.03262;0.737424;0
0;1.4895;0.816004;0
0;1.16277;0.761835;0
0;1.41322;0.804274;0
0;0.916086;0.714244;0
0;1.11922;0.753844;0
0;1.0128;0.733568;0
0;0.939217;0.718942;0
0;1.28553;0.783389;0
0;1.26154;0.779292;0
0;2.00067;0.880867;0
0;0.771597;0.683866;0
0;1.06415;0.743483;0
0;1.39056;0.800681;0
0;0.888796;0.708642;0
0;0.775164;0.684637;0
0;0.821024;0.694454;0
0;1.40912;0.803627;0
0;0.806287;0.691318;0
0;1.5183;0.820288;0
0;0.864915;0.703687;0
0;0.68882;0.665704;0
0;1.22559;0.773046;0
0;1.22971;0.773767;0
0;1.01888;0.734755;0
0;1.1454;0.75867;0
0;0.759359;0.681215;0
0;1.0515;0.741062;0
0;1.47369;0.813618;0
0;1.36655;0.796822;0
0;0.756985;0.680699;0
0;0.989046;0.7289;0
0;1.63754;0.837201;0
0;0.492059;0.620591;0
0;1.22713;0.773316;0
0;1.16938;0.763034;0
0;1.12222;0.7544;0
0;1.09385;0.749106;0
0;1.40957;0.803698;0
0;0.811305;0.692388;0
0;1.26228;0.779418;0
0;0.692617;0.666549;0
0;1.34303;0.792988;0
0;1.52168;0.820786;0
0;0.835256;0.697465;0
0;0.923119;0.715677;0
0;1.04498;0.73981;0
0;1.46949;0.81298;0
0;0.783763;0.686491;0
0;1.21338;0.770897;0
0;0.889241;0.708734;0
0;1.21593;0.771346;0
0;0.917895;0.714613;0
0;1.04054;0.738953;0
0;0.63955;0.654652;0
0;0.853848;0.701374;0
0;1.47233;0.813411;0
0;1.19945;0.768427;0
0;1.30322;0.786376;0
0;1.47616;0.813991;0
0;1.55499;0.825633;0
0;0.475417;0.616665;0
0;1.92309;0.872483;0
0;-0.441689;0.391339;1
0;0.704438;0.669171;0
0;1.46603;0.812453;0
0;1.21045;0.770379;0
0;2.182;0.898621;0
0;1.77905;0.85558;0
0;2.07584;0.888532;0
0;1.54326;0.823939;0
0;1.39651;0.80163;0
0;0.866334;0.703982;0
0;1.1755;0.764138;0
0;1.28832;0.783862;0
0;1.21939;0.771957;0
0;0.921175;0.715281;0
0;1.34;0.792489;0
0;1.41976;0.805301;0
0;0.866729;0.704065;0
0;1.09781;0.749849;0
0;1.51742;0.820158;0
0;1.63409;0.836729;0
0;1.14864;0.759262;0
0;1.48021;0.814605;0
0;0.719811;0.672565;0
0;0.813873;0.692934;0
0;0.932162;0.717514;0
0;1.03555;0.73799;0
0;0.844329;0.699376;0
0;1.01133;0.733281;0
0;1.0503;0.740832;0
0;0.832236;0.696828;0
0;0.81895;0.694013;0
0;1.1968;0.767955;0
0;1.54582;0.82431;0
0;1.66282;0.840616;0
0;0.926517;0.716368;0
0;1.7072;0.846473;0
0;0.648181;0.6566;0
0;1.5491;0.824784;0
0;0.764887;0.682414;0
0;1.2833;0.78301;0
0;1.61136;0.8336;0
0;1.92488;0.872682;0
0;1.51615;0.819971;0
0;1.96159;0.876705;0
0;1.47806;0.814279;0
0;1.20487;0.76939;0
0;1.92245;0.872412;0
0;1.72349;0.848578;0
0;1.77545;0.855135;0
0;1.66039;0.84029;0
0;1.57214;0.828088;0
0;1.76443;0.853764;0
0;1.21475;0.771138;0
0;2.32658;0.911054;0
0;1.71884;0.84798;0
0;1.74218;0.850964;0
0;1.3694;0.797284;0
0;2.11847;0.892686;0
0;1.55224;0.825238;0
0;1.01719;0.734426;0
0;1.44372;0.80903;0
0;1.58395;0.829764;0
0;1.1515;0.759784;0
0;1.92729;0.872949;0
0;1.79303;0.857298;0
0;1.3624;0.796149;0
0;1.18689;0.766184;0
0;1.67294;0.841968;0
0;1.90045;0.869943;0
0;1.39962;0.802123;0
0;0.988968;0.728884;0
0;1.23171;0.774119;0
0;1.70062;0.845616;0
0;1.49123;0.816263;0
0;1.58532;0.829957;0
0;1.42235;0.805707;0
0;1.65843;0.840027;0
0;1.19251;0.767189;0
0;1.70404;0.846061;0
0;1.46702;0.812604;0
0;2.16558;0.897116;0
0;1.6696;0.841522;0
0;0.868669;0.704469;0
0;1.84857;0.863959;0
0;1.27846;0.782188;0
0;1.61589;0.834228;0
0;1.61247;0.833754;0
0;1.84453;0.863483;0
0;1.75341;0.852383;0
0;1.00628;0.732291;0
0;2.08344;0.889283;0
0;1.22318;0.772623;0
0;1.44094;0.808599;0
0;1.73288;0.849781;0
0;1.59251;0.830969;0
0;2.11541;0.892392;0
0;2.07855;0.888801;0
0;1.98405;0.879112;0
0;1.20166;0.768821;0
0;1.11506;0.753072;0
0;1.83967;0.86291;0
0;2.45366;0.920829;0
0;1.50725;0.818653;0
0;1.91713;0.871819;0
0;1.80434;0.858676;0
0;1.93172;0.873439;0
0;1.54675;0.824444;0
0;0.648547;0.656683;0
0;0.511578;0.625176;0
0;-0.25577;0.436404;1
0;0.145257;0.53625;0
0;-0.170256;0.457539;1
0;0.067947;0.51698;0
0;0.336393;0.583314;0
0;-0.268983;0.433157;1
0;0.388835;0.596002;0
0;0.012278;0.503069;0
0;-0.0856911;0.47859;1
0;-0.300988;0.425316;1
0;-0.607933;0.352531;1
0;0.191098;0.54763;0
0;-0.334016;0.417264;1
0;-0.284268;0.429408;1
0;-0.0503575;0.487413;1
0;0.108326;0.527055;0
0;-0.547723;0.366393;1
0;-0.0132028;0.496699;1
0;0.0345305;0.508632;0
0;-0.270323;0.432828;1
0;-0.199961;0.450176;1
0;0.253927;0.563143;0
0;-0.180872;0.454905;1
0;0.346027;0.585654;0
0;0.173507;0.543268;0
0;-0.145345;0.463728;1
0;0.0488645;0.512214;0
0;0.62554;0.651478;0
0;0.146458;0.536549;0
0;-0.444858;0.390584;1
0;0.391769;0.596708;0
0;0.0707089;0.51767;0
0;-0.29013;0.427972;1
0;-0.371456;0.408189;1
0;0.0414311;0.510356;0
0;0.260698;0.564808;0
0;-0.339305;0.415978;1
0;-0.279824;0.430497;1
0;-0.330883;0.418026;1
0;0.0863193;0.521566;0
0;-0.00945794;0.497636;1
0;0.248645;0.561843;0
0;-0.809841;0.307924;1
0;-0.552303;0.36533;1
0;-0.0660142;0.483502;1
0;-0.106515;0.473396;1
0;-0.259678;0.435443;1
0;0.109971;0.527465;0
0;0.376298;0.59298;0
0;0.486032;0.619171;0
0;-0.0210384;0.494741;1
0;0.598173;0.645238;0
0;0.799134;0.689789;0
0;-0.061021;0.484749;1
0;0.341336;0.584515;0
0;-0.0502599;0.487438;1
1;-1.43861;0.19176;1
1;-1.71608;0.152377;1
1;-0.931946;0.28253;1
1;-1.7804;0.144254;1
1;-0.931378;0.282645;1
1;-0.995018;0.269922;1
1;-0.687814;0.33452;1
1;-1.78857;0.143248;1
1;-1.57642;0.171303;1
1;-1.06764;0.255852;1
1;-1.58974;0.169421;1
1;-1.74338;0.148884;1
1;-1.8793;0.132469;1
1;-1.76877;0.145696;1
1;-1.32243;0.210414;1
1;-1.89908;0.130213;1
1;-1.71282;0.152798;1
1;-1.69638;0.154939;1
1;-1.86742;0.133841;1
1;-1.17573;0.235822;1
1;-1.2978;0.214536;1
1;-1.91897;0.127977;1
1;-2.79297;0.0577054;1
1;-1.29258;0.215416;1
1;-1.42554;0.193795;1
1;-2.05758;0.113288;1
1;-2.19388;0.100301;1
1;-1.54202;0.176242;1
1;-2.61032;0.0684771;1
1;-2.75894;0.059584;1
1;-1.97547;0.121802;1
1;-1.86053;0.134642;1
1;-2.33338;0.0883961;1
1;-1.47281;0.186515;1
1;-2.06214;0.112831;1
1;-2.75066;0.0600492;1
1;-1.65478;0.160464;1
1;-1.47627;0.185992;1
1;-2.59606;0.0693925;1
1;-3.04799;0.0453042;1
1;-1.25127;0.222481;1
1;-1.51808;0.179745;1
1;-1.5886;0.169582;1
1;-2.74859;0.0601665;1
1;-1.70814;0.153405;1
1;-1.77593;0.144806;1
1;-2.16268;0.103152;1
1;-1.79096;0.142955;1
1;-1.35619;0.204861;1
1;-2.79351;0.0576759;1
1;-1.18332;0.234455;1
1;-3.23809;0.0377574;1
1;-2.71084;0.0623365;1
1;-1.61834;0.165434;1
1;-2.99218;0.0477803;1
1;-2.99201;0.0477879;1
1;-0.755933;0.31953;1
1;-4.23444;0.014281;1
1;-1.83163;0.138044;1
1;-2.30174;0.0909791;1
1;-3.1021;0.0430208;1
1;-2.76301;0.0593559;1
1;-2.7185;0.0618907;1
1;-2.71936;0.0618404;1
1;-3.70274;0.0240627;1
1;-4.21233;0.0145956;1
1;-5.30173;0.00495825;1
1;-4.3572;0.0126521;1
1;-0.751919;0.320403;1
1;-3.28721;0.0360125;1
1;-3.87795;0.0202737;1
1;-0.609305;0.352218;1
1;-3.2196;0.0384346;1
1;-1.53306;0.177546;1
1;-6.04792;0.0023572;1
1;-4.41886;0.0119045;1
1;-0.596302;0.35519;1
1;-3.9516;0.0188613;1
1;-3.89036;0.0200286;1
1;-3.81006;0.0216669;1
1;-2.62442;0.0675833;1
1;-4.49236;0.0110703;1
1;-3.11486;0.0424985;1
1;-2.67809;0.0642785;1
1;-1.65031;0.161068;1
1;-4.93079;0.00716905;1
1;-1.11791;0.246399;1
1;0.399059;0.598462;0
1;-1.16382;0.237974;1
1;-2.50122;0.0757727;1
1;-1.36049;0.204161;1
1;-1.96267;0.123178;1
1;-2.19382;0.100307;1
1;-0.844885;0.300507;1
1;-2.595;0.0694612;1
1;-4.64046;0.00956093;1
1;-2.22088;0.0978908;1
1;-0.231107;0.442479;1
1;-3.87986;0.0202358;1
1;-5.92174;0.00267336;1
1;-6.7614;0.00115627;1
1;-3.79778;0.0219289;1
1;-0.938823;0.281138;1
1;-0.783244;0.313621;1
1;-1.12834;0.244468;1
1;-1.18504;0.234148;1
1;-1.02461;0.264131;1
1;-1.13917;0.242473;1
1;-1.04294;0.260583;1
1;-1.12076;0.24587;1
1;-0.559075;0.363762;1
1;-0.975759;0.273734;1
1;-1.22478;0.227097;1
1;-2.04292;0.11477;1
1;-0.829883;0.30367;1
1;-1.25588;0.221684;1
1;-1.31395;0.211826;1
1;-0.18787;0.45317;1
1;-0.999246;0.26909;1
1;-0.258717;0.435679;1
1;-1.01837;0.265346;1
1;-0.824494;0.30481;1
1;-1.26535;0.220055;1
1;-0.300542;0.425425;1
1;-0.431171;0.393847;1
1;-0.357481;0.411569;1
1;-0.427534;0.394715;1
1;-0.526972;0.371223;1
1;-1.08133;0.253254;1
1;-0.761365;0.31835;1
1;-0.725782;0.326121;1
1;-1.10624;0.248573;1
1;-0.76053;0.318531;1
1;-0.452748;0.388708;1
1;-1.01226;0.266537;1
1;-1.8567;0.135088;1
1;-1.24323;0.223874;1
1;-1.26737;0.219708;1
1;-1.43076;0.19298;1
1;-1.94091;0.125548;1
1;-1.31829;0.211103;1
1;-1.77259;0.14522;1
1;-1.04578;0.260037;1
1;-1.43599;0.192167;1
1;-1.3739;0.201991;1
1;-1.29811;0.214483;1
1;-1.37028;0.202575;1
1;-1.12499;0.245087;1
1;-1.68143;0.156906;1
1;-1.68076;0.156994;1
1;-1.50171;0.182171;1
1;-1.21461;0.228886;1
1;-1.46845;0.187178;1
1;-1.4463;0.190571;1
1;-2.17249;0.102248;1
1;-1.26957;0.219331;1
1;-1.61527;0.165859;1
1;-1.28376;0.216911;1
1;-0.903584;0.288314;1
1;-1.4681;0.187232;1
1;-1.5438;0.175984;1
1;-1.53891;0.176694;1
1;-1.75997;0.146794;1
1;-1.39573;0.198495;1
1;-1.67158;0.158213;1
1;-1.05068;0.259095;1
1;-2.31686;0.0897359;1
1;-1.03844;0.26145;1
1;-1.10352;0.24908;1
1;-1.61468;0.16594;1
1;-1.01201;0.266587;1
1;-1.37133;0.202404;1
1;-1.76111;0.146652;1
1;-0.925804;0.283777;1
1;-2.30588;0.0906368;1
1;-2.18153;0.101421;1
1;-2.63507;0.066915;1
1;-3.71161;0.0238551;1
1;-2.79739;0.0574655;1
1;-1.80912;0.140745;1
1;-1.60271;0.167604;1
1;-2.24484;0.0957955;1
1;-2.5919;0.0696618;1
1;-0.522114;0.372358;1
1;-2.87373;0.0534676;1
1;-3.36824;0.0333029;1
1;-1.54863;0.175284;1
1;-1.65594;0.160308;1
1;-2.92469;0.0509465;1
1;-1.5187;0.179652;1
1;-1.63311;0.163404;1
1;-1.2842;0.216836;1
1;-3.5183;0.0287959;1
1;-2.81886;0.0563132;1
1;-0.802939;0.309397;1
1;-4.69969;0.00901609;1
1;-2.88304;0.0529984;1
1;-3.71965;0.0236687;1
1;0.738317;0.676628;0
1;0.278373;0.569147;0
1;0.416399;0.602621;0
1;0.222384;0.555368;0
1;0.294768;0.573163;0
1;0.376956;0.593139;0
1;0.416597;0.602669;0
1;0.461808;0.613443;0
1;0.99621;0.730313;0
1;0.672736;0.662116;0
1;0.136209;0.534;0
1;0.816832;0.693563;0
1;0.647748;0.656503;0
1;0.170461;0.542512;0
1;0.47414;0.616363;0
1;0.499337;0.622303;0
1;0.449981;0.610635;0
1;0.123024;0.530717;0
1;0.551942;0.634586;0
1;0.363932;0.589992;0
1;0.356543;0.588203;0
1;0.440791;0.608448;0
1;0.453812;0.611545;0
1;0.597872;0.645169;0
1;0.78793;0.687387;0
1;-0.471771;0.384197;1
1;-0.0151175;0.496221;1
1;0.523707;0.628014;0
1;-0.134513;0.466422;1
1;0.0422565;0.510563;0
1;0.577546;0.640503;0
1;0.431882;0.606323;0
1;0.0190054;0.504751;0
1;0.765451;0.682536;0
1;0.813546;0.692865;0
1;0.788081;0.687419;0
1;1.07485;0.745519;0
1;0.799277;0.68982;0
1;0.600567;0.645786;0
1;0.519221;0.626966;0
1;-0.366782;0.409319;1
1;0.532123;0.629978;0
1;0.137542;0.534331;0
1;-0.776613;0.31505;1
1;-2.74888;0.0601499;1
1;-2.99998;0.0474267;1
1;-3.04563;0.0454067;1
1;-2.46734;0.0781797;1
1;-3.35245;0.0338151;1
1;-1.87713;0.132718;1
1;-2.63068;0.0671898;1
1;-3.206;0.0389407;1
1;-4.4347;0.0117196;1
1;-2.71441;0.0621286;1
1;-3.23489;0.0378736;1
1;-3.07455;0.0441693;1
1;-2.48762;0.0767305;1
1;-0.80425;0.309117;1
1;-3.38001;0.0329259;1
1;-2.76745;0.0591085;1
1;-5.97732;0.00252921;1
1;-1.2107;0.229577;1
1;-2.62018;0.0678508;1
1;-2.3499;0.0870736;1
1;-2.54977;0.0724419;1
1;-2.29123;0.0918523;1
1;-3.47609;0.0300002;1
1;-3.07887;0.0439874;1
1;-2.89163;0.052569;1
1;-3.24911;0.0373589;1
1;-3.8822;0.0201894;1
1;-2.86879;0.053718;1
1;-0.956877;0.277504;1
1;-0.42677;0.394898;1
1;-2.63807;0.0667281;1
1;-5.15246;0.00575187;1
1;-3.79996;0.021882;1
1;-1.86505;0.134115;1
1;-2.94853;0.0498058;1
1;-5.30933;0.00492092;1
1;-0.465772;0.385617;1
1;-3.43956;0.0310818;1
1;-4.19283;0.0148787;1
1;-5.41437;0.0044324;1
1;-3.79862;0.0219109;1
1;-3.92116;0.0194329;1
1;-3.2378;0.0377677;1
1;-1.71266;0.152819;1
1;-2.75771;0.0596527;1
1;-2.20438;0.0993575;1
1;-3.14332;0.0413554;1
1;-2.91598;0.0513691;1
1;-2.98871;0.0479387;1
1;-2.36632;0.0857775;1
1;-6.78513;0.00112919;1
1;-2.95632;0.0494388;1
1;-3.24668;0.0374462;1
1;-4.44623;0.0115869;1
1;-1.92946;0.12681;1
1;-2.37229;0.08531;1
1;-3.41848;0.0317229;1
1;-3.22759;0.0381407;1
1;-2.05031;0.114021;1
1;-1.19389;0.232564;1
1;-1.13463;0.243307;1
1;-0.915035;0.285971;1
1;-0.918756;0.285211;1
1;-0.570944;0.361019;1
1;-1.43312;0.192614;1
1;-1.01766;0.265484;1
1;-1.32935;0.209267;1
1;-0.671192;0.33823;1
1;-0.929528;0.28302;1
1;-1.26953;0.219338;1
1;0.587225;0.642728;0
1;-0.859309;0.297484;1
1;-1.04673;0.259853;1
1;-0.867958;0.295679;1
1;-0.975748;0.273736;1
1;-0.561348;0.363236;1
1;-1.20312;0.230921;1
1;-0.533989;0.369587;1
1;-0.729615;0.325279;1
1;-1.92765;0.127011;1
1;-0.702863;0.331178;1
1;-0.881833;0.292798;1
1;-1.31417;0.21179;1
1;-1.12529;0.245032;1
1;-0.0500911;0.48748;1
1;-0.422473;0.395925;1
1;-1.29315;0.21532;1
1;-1.19153;0.232985;1
1;-0.909036;0.287197;1
1;-1.45087;0.189868;1
1;-0.373402;0.407719;1
1;-1.28247;0.217129;1
1;-1.25196;0.22236;1
1;-1.25327;0.222135;1
1;-1.00116;0.268714;1
1;-1.4869;0.184387;1
1;-1.00522;0.267916;1
1;-0.824562;0.304796;1
1;-1.74655;0.148483;1
1;-1.28288;0.21706;1
1;-1.22294;0.22742;1
1;-1.37129;0.202411;1
1;-1.70829;0.153386;1
1;-1.831;0.138119;1
1;-1.33723;0.207966;1
1;-1.6893;0.155868;1
1;-1.88413;0.131915;1
1;-1.67466;0.157804;1
1;-0.593997;0.355718;1
1;-0.967323;0.275414;1
1;-1.19504;0.232359;1
1;-1.40339;0.197279;1
1;-1.26599;0.219945;1
1;-0.859402;0.297464;1
1;-1.64377;0.161953;1
1;-1.52487;0.178746;1
1;-0.947183;0.279452;1
1;-1.10471;0.248858;1
1;-1.30576;0.213198;1
1;-0.857284;0.297907;1
1;-0.649372;0.343131;1
1;-0.428275;0.394538;1
1;-1.33591;0.208183;1
1;-1.59176;0.169137;1
1;-1.17039;0.236785;1
1;-0.0771083;0.480733;1
1;-1.31883;0.211013;1
1;-3.49935;0.0293307;1
1;-2.22911;0.097167;1
1;-4.59154;0.0100355;1
1;-2.73876;0.0607245;1
1;-2.19257;0.10042;1
1;-0.252306;0.437256;1
1;-2.62091;0.067805;1
1;-1.84701;0.136225;1
1;-2.13891;0.105372;1
1;-2.52928;0.0738311;1
1;-2.43261;0.0807196;1
1;-3.07347;0.0442149;1
1;-4.16594;0.0152781;1
1;-0.768893;0.316719;1
1;-2.07699;0.111354;1
1;-3.79456;0.021998;1
1;-3.12948;0.0419076;1
1;-2.80206;0.0572127;1
1;-2.76511;0.0592391;1
1;-2.97577;0.0485326;1
1;-1.76371;0.146327;1
1;-3.05945;0.0448113;1
1;-4.30252;0.0133536;1
1;-2.11106;0.108026;1
1;-1.95019;0.124533;1
1;-2.30779;0.0904796;1
1;-3.78854;0.0221278;1
1;-2.79382;0.0576591;1
1;-3.90157;0.0198098;1
1;-3.1375;0.0415868;1
1;-1.86287;0.134369;1
1;-5.05059;0.00636476;1
1;-6.5818;0.00138344;1
1;-4.44472;0.0116041;1
1;-3.88846;0.0200661;1
1;-5.25614;0.00518832;1
1;-1.04862;0.25949;1
1;-0.393861;0.402788;1
1;-1.56042;0.173587;1
1;-6.05712;0.00233567;1
1;-3.29726;0.0356652;1
1;-5.49438;0.00409298;1
1;-3.51633;0.0288513;1
1;-4.79231;0.00822507;1
1;-4.96111;0.00695641;1
1;-1.23903;0.224606;1
1;-4.46094;0.0114196;1
1;-2.82705;0.0558796;1
1;-1.6734;0.157971;1
1;-4.99387;0.00673373;1
1;-6.66673;0.00127093;1
1;-4.72262;0.00881349;1
1;-5.07918;0.00618652;1
1;-0.132965;0.466808;1
1;-4.10552;0.0162142;1
1;-4.40583;0.0120588;1
1;-6.07582;0.0022925;1
1;-4.84764;0.00778579;1
1;-2.9345;0.0504741;1
1;-2.04457;0.114602;1
1;-4.38861;0.0122657;1
1;-5.159;0.00571463;1
1;-4.0671;0.0168386;1
1;-1.99953;0.119252;1
1;-4.86865;0.00762517;1
1;-2.89585;0.052359;1
1;-2.87527;0.0533897;1
1;-4.18417;0.0150062;1
1;-6.67019;0.00126656;1
1;-3.04353;0.0454976;1
1;-6.37996;0.00169232;1
1;-5.82698;0.0029383;1
1;-1.3749;0.201829;1
1;-3.22178;0.0383543;1
1;-6.10201;0.00223337;1
1;-2.014;0.11774;1
1;-3.87512;0.02033;1
1;-5.46031;0.00423421;1
1;-6.22384;0.00197771;1
1;-4.11593;0.016049;1
1;-4.80141;0.00815119;1
1;-4.23141;0.0143237;1
1;-4.28428;0.0135962;1
1;-5.47719;0.00416367;1
1;-1.93332;0.126383;1
1;-3.98066;0.0183311;1
1;-4.40043;0.0121233;1
1;-2.43182;0.0807785;1
1;-7.33259;0.000653451;1
1;-6.06682;0.00231316;1
1;-4.46229;0.0114043;1
1;-1.12985;0.244189;1
1;-3.68749;0.0244234;1
1;-1.45703;0.188922;1
1;-0.114503;0.471406;1
1;-1.78731;0.143403;1
1;-1.68431;0.156526;1
1;-1.52697;0.178438;1
1;-1.02719;0.263629;1
1;-1.13263;0.243677;1
1;-0.705298;0.330639;1
1;-1.21657;0.22854;1
1;-1.23672;0.225008;1
1;-1.08833;0.251932;1
1;-1.37634;0.201598;1
1;-4.15905;0.0153821;1
1;-3.25424;0.0371747;1
1;-2.50143;0.0757582;1
1;-1.52919;0.178113;1
1;-1.44149;0.191314;1
1;-0.924922;0.283956;1
1;-2.08313;0.110747;1
1;-1.40816;0.196524;1
1;-1.53993;0.176545;1
1;-1.15964;0.238732;1
1;-2.15848;0.103541;1
1;-4.5975;0.00997645;1
1;-0.988861;0.271137;1
1;-2.28621;0.0922718;1
1;-1.40542;0.196957;1
1;-1.08256;0.253022;1
1;-1.69636;0.154941;1
1;-2.28403;0.0924546;1
1;-2.02843;0.11625;1
1;-2.67514;0.0644566;1
1;-2.39756;0.0833592;1
1;-1.62105;0.165061;1
1;-2.01378;0.117764;1
1;0.0738546;0.518455;0
1;-2.72545;0.0614885;1
1;-2.60394;0.0688852;1
1;-3.6595;0.0250993;1
1;-2.44045;0.08014;1
1;-3.77148;0.0225;1
1;-2.32647;0.0889545;1
1;-1.8282;0.138453;1
1;-2.11935;0.10723;1
1;-1.77077;0.145446;1
1;-2.17942;0.101614;1
1;-2.81743;0.0563895;1
1;-2.72422;0.0615592;1
1;-3.04839;0.0452871;1
1;-2.24018;0.0961999;1
1;-0.881602;0.292846;1
1;-1.55332;0.174608;1
1;-2.98392;0.0481576;1
1;-1.6819;0.156844;1
1;-0.617869;0.350266;1
1;-3.97805;0.0183781;1
1;-0.687565;0.334575;1
1;-3.49479;0.0294609;1
1;-5.30004;0.0049666;1
1;-2.7117;0.0622867;1
1;-4.97692;0.00684803;1
1;-1.70286;0.154092;1
1;-3.54806;0.0279754;1
1;-4.52758;0.0106913;1
1;-3.84375;0.0209642;1
1;-1.44091;0.191404;1
1;-2.92501;0.0509311;1
1;-2.89619;0.0523422;1
1;-2.87803;0.0532506;1
1;-4.346;0.0127927;1
1;-2.72472;0.0615303;1
1;-5.5739;0.00378129;1
1;-2.74203;0.0605381;1
1;-3.0333;0.045944;1
1;-1.51139;0.180733;1
1;-2.94511;0.0499683;1
1;-3.25888;0.037009;1
1;-1.62212;0.164913;1
1;-3.14754;0.0411884;1
1;-2.90164;0.0520725;1
1;-3.86877;0.0204568;1
1;-4.65259;0.00944676;1
1;-2.2661;0.0939701;1
1;-2.34546;0.0874269;1
1;-2.05282;0.113767;1
1;-3.95343;0.0188275;1
1;-3.03984;0.045658;1
1;-3.12511;0.0420834;1
1;-3.98935;0.0181752;1
1;-3.51231;0.0289639;1
1;-0.493288;0.379119;1
1;-0.638616;0.34556;1
1;-3.67575;0.0247047;1
1;-3.80852;0.0216996;1
1;-5.59469;0.00370378;1
1;-3.38524;0.0327599;1
1;-3.18154;0.0398663;1
1;-4.83951;0.00784881;1
1;-2.31437;0.0899398;1
1;-2.53177;0.0736605;1
1;-4.07654;0.016683;1
1;-4.43965;0.0116625;1
1;-2.78631;0.0580682;1
1;-1.16404;0.237933;1
1;-5.69288;0.00335856;1
1;-2.77723;0.058567;1
1;-3.46236;0.0304025;1
1;-4.60857;0.00986774;1
1;-3.21779;0.0385016;1
1;-3.49242;0.0295288;1
1;-1.20274;0.230988;1
1;-1.93144;0.126591;1
1;-1.20673;0.230281;1
1;-0.373368;0.407727;1
1;-0.320664;0.420514;1
1;-0.565778;0.362212;1
1;-0.990997;0.270715;1
1;-1.34527;0.206644;1
1;-0.374997;0.407334;1
1;-0.306996;0.423848;1
1;-0.506937;0.375912;1
1;0.118616;0.529619;0
1;-1.00282;0.268387;1
1;-0.599531;0.354451;1
1;-0.202535;0.449539;1
1;-0.80168;0.309666;1
1;-1.038;0.261536;1
1;-1.07766;0.25395;1
1;-1.27011;0.219239;1
1;-1.17548;0.235867;1
1;-1.16474;0.237807;1
1;-0.835664;0.302449;1
1;-1.04112;0.260933;1
1;-0.994304;0.270063;1
1;-0.143815;0.464108;1
1;-0.965393;0.2758;1
1;-0.883839;0.292383;1
1;-1.18598;0.233979;1
1;-0.672642;0.337905;1
1;-1.09745;0.250219;1
1;-0.457975;0.387466;1
1;-0.408548;0.39926;1
1;-0.681171;0.336;1
1;-1.5624;0.173303;1
1;-1.25387;0.22203;1
1;-1.56432;0.173028;1
1;-1.82129;0.13928;1
1;-1.2349;0.225325;1
1;-0.824381;0.304835;1
1;-1.43652;0.192084;1
1;-1.46195;0.188169;1
1;-1.03465;0.262183;1
1;-1.01143;0.266699;1
1;-1.59122;0.169212;1
1;-1.26225;0.220588;1
1;-1.01316;0.266362;1
1;-1.29663;0.214733;1
1;-1.19962;0.231543;1
1;-0.915087;0.28596;1
1;-1.26837;0.219536;1
1;-1.10465;0.24887;1
1;-1.26813;0.219577;1
1;-1.24648;0.22331;1
1;-0.815627;0.306693;1
1;-1.07152;0.255115;1
1;-1.61754;0.165545;1
1;-1.5866;0.169862;1
1;-1.26549;0.22003;1
1;-1.41857;0.194885;1
1;-1.40751;0.196627;1
1;-1.007;0.267567;1
1;-0.869128;0.295436;1
1;-0.94038;0.280824;1
1;-1.06209;0.256911;1
1;-1.44492;0.190785;1
1;-0.516063;0.373773;1
1;-1.10715;0.248402;1
1;-1.07258;0.254912;1
1;-2.00639;0.118534;1
1;-2.93299;0.0505468;1
1;-2.2443;0.0958419;1
1;-1.56655;0.172708;1
1;-1.3949;0.198627;1
1;-4.45887;0.011443;1
1;-3.54062;0.0281783;1
1;-2.28045;0.0927551;1
1;-3.00302;0.0472897;1
1;-3.93551;0.0191614;1
1;-3.67634;0.0246903;1
1;-2.1877;0.100861;1
1;-0.293664;0.427107;1
1;-1.05651;0.257978;1
1;-2.31781;0.0896588;1
1;-2.23556;0.0966023;1
1;-2.05446;0.113602;1
1;-1.95059;0.124489;1
1;-2.73182;0.0611215;1
1;-2.13325;0.105907;1
1;-3.09724;0.0432214;1
1;-4.6973;0.00903743;1
1;-2.60716;0.0686792;1
1;-2.26516;0.0940495;1
1;-2.77297;0.0588025;1
1;-1.61246;0.166248;1
1;0.531516;0.629837;0
1;-2.47093;0.0779217;1
1;-0.907083;0.287597;1
1;-0.543387;0.3674;1
1;-4.35123;0.0127269;1
1;-2.50611;0.0754309;1
1;-0.685093;0.335126;1
1;-1.5157;0.180096;1
1;-4.45915;0.0114398;1
1;-0.125778;0.468597;1
1;-1.7853;0.14365;1
1;0.102729;0.52566;0
1;-2.06971;0.112076;1
1;-2.94845;0.04981;1
1;-2.58641;0.0700179;1
1;-3.35677;0.0336743;1
1;-5.01041;0.00662403;1
1;-2.42793;0.0810672;1
1;-3.80708;0.0217302;1
1;-1.45897;0.188624;1
1;-1.96561;0.122862;1
1;-5.2075;0.00544554;1
1;-3.13015;0.0418804;1
1;-2.62387;0.067618;1
1;-0.305443;0.424228;1
1;-0.430913;0.393908;1
1;-1.48044;0.185361;1
1;1.21036;0.770363;0
1;-1.53054;0.177915;1
1;-3.585;0.0269881;1
1;-1.93339;0.126376;1
1;-4.8905;0.00746157;1
1;-3.1881;0.039616;1
1;-4.90318;0.00736828;1
1;1.22552;0.773033;0
1;-2.11682;0.107473;1
1;-0.993917;0.270139;1
1;-3.38465;0.0327788;1
1;-0.834008;0.302798;1
1;-2.6077;0.0686445;1
1;-2.83723;0.0553452;1
1;-2.82648;0.0559101;1
1;-2.68156;0.0640703;1
1;-1.77302;0.145167;1
1;-1.40466;0.197077;1
1;-4.51974;0.0107745;1
1;-2.41835;0.0817844;1
1;-0.990588;0.270796;1
1;0.24771;0.561613;0
1;-2.17321;0.102182;1
1;-0.969523;0.274976;1
1;-0.863482;0.296612;1
1;-0.882554;0.292649;1
1;-0.742462;0.322466;1
1;-1.02313;0.264419;1
1;-1.18015;0.235025;1
1;-1.82678;0.138622;1
1;-1.9644;0.122991;1
1;-0.41723;0.39718;1
1;-0.626663;0.348268;1
1;-1.16016;0.238638;1
1;-1.59939;0.168066;1
1;-0.669354;0.338641;1
1;-1.24934;0.222815;1
1;-1.17826;0.235366;1
1;-1.69329;0.155343;1
1;-0.413643;0.398039;1
1;-1.04569;0.260054;1
1;-0.702912;0.331167;1
1;-0.698681;0.332105;1
1;-1.14547;0.241317;1
1;-0.843925;0.300709;1
1;-1.03833;0.261472;1
1;-1.18186;0.234717;1
1;-0.834559;0.302682;1
1;-1.29734;0.214613;1
1;-0.762152;0.318179;1
1;-0.581583;0.358569;1
1;-0.877472;0.293702;1
1;-1.08103;0.253312;1
1;-1.45239;0.189633;1
1;-2.34012;0.0878542;1
1;-1.48434;0.184773;1
1;-1.53065;0.177899;1
1;-1.36119;0.204048;1
1;-1.52951;0.178066;1
1;-1.89586;0.130578;1
1;-1.76366;0.146333;1
1;-1.47401;0.186334;1
1;-1.82226;0.139163;1
1;-1.58979;0.169414;1
1;-1.80641;0.141073;1
1;-1.65843;0.159973;1
1;-1.17524;0.235909;1
1;-2.08262;0.110797;1
1;-1.79057;0.143003;1
1;-1.04574;0.260044;1
1;-1.06902;0.25559;1
1;-2.17193;0.1023;1
1;-1.08835;0.251929;1
1;-1.23704;0.224951;1
1;-1.65452;0.160498;1
1;-1.6192;0.165316;1
1;-1.21095;0.229533;1
1;-1.64467;0.161831;1
1;-1.44861;0.190215;1
1;-1.75796;0.147046;1
1;-1.47971;0.185472;1
1;-1.24437;0.223676;1
1;-1.33048;0.20908;1
1;-0.94181;0.280535;1
1;-1.15062;0.240375;1
1;-1.72568;0.151141;1
1;-1.5686;0.172416;1
1;-3.03354;0.0459336;1
1;-2.93005;0.0506877;1
1;-1.09635;0.250424;1
1;-1.32168;0.210538;1
1;-2.79626;0.0575264;1
1;-3.69102;0.0243393;1
1;-3.15248;0.0409938;1
1;-2.07529;0.111522;1
1;-0.71521;0.328449;1
1;-1.75687;0.147183;1
1;-1.10888;0.24808;1
1;-1.60958;0.166646;1
1;-2.55785;0.071901;1
1;-1.51884;0.179632;1
1;-1.77366;0.145087;1
1;-2.12223;0.106955;1
1;-0.27692;0.431209;1
1;-3.01307;0.0468387;1
1;-2.39835;0.0832989;1
1;-1.95104;0.124441;1
1;-1.07947;0.253606;1
1;-1.50474;0.18172;1
1;-1.86352;0.134294;1
1;-2.18694;0.100929;1
1;-5.43391;0.004347;1
1;-4.63114;0.00964966;1
1;-4.53555;0.0106073;1
1;-0.14228;0.46449;1
1;-1.01053;0.266876;1
1;-0.980597;0.272773;1
1;-5.5279;0.00395859;1
1;-2.43598;0.0804699;1
1;-0.626514;0.348301;1
1;-3.26903;0.0366491;1
1;-2.0659;0.112456;1
1;-2.84932;0.0547165;1
1;-2.07671;0.111381;1
1;-5.01856;0.0065706;1
1;-3.4551;0.0306171;1
1;-4.29019;0.0135171;1
1;-3.03598;0.0458268;1
1;-3.06277;0.0446693;1
1;-2.39905;0.0832452;1
1;-1.75472;0.147453;1
1;-3.37746;0.0330074;1
1;-3.28636;0.0360423;1
1;-2.83307;0.055563;1
1;-2.9501;0.049732;1
1;-3.58193;0.027069;1
1;-4.22756;0.0143782;1
1;-1.60114;0.167823;1
1;-3.33467;0.0344007;1
1;-1.78477;0.143715;1
1;-1.02556;0.263946;1
1;-3.34531;0.0340492;1
1;-4.04155;0.0172668;1
1;1.12479;0.754876;0
1;-1.92015;0.127845;1
1;-2.64775;0.0661275;1
1;-2.93358;0.0505184;1
1;-3.69535;0.0242367;1
1;-3.44327;0.0309701;1
1;-1.29409;0.215162;1
1;-1.97138;0.12224;1
1;-1.9946;0.119771;1
1;-3.16868;0.0403613;1
1;-0.496918;0.378265;1
1;-3.35561;0.0337119;1
1;-2.90373;0.0519697;1
1;-2.50903;0.0752274;1
1;-3.12926;0.0419164;1
1;-1.52837;0.178233;1
1;-3.87802;0.0202723;1
1;-4.06142;0.0169329;1
1;-2.24119;0.0961118;1
1;-3.07983;0.0439468;1
1;-2.775;0.0586904;1
1;-2.01031;0.118125;1
1;-1.52453;0.178795;1
1;-0.613064;0.351361;1
1;-1.16291;0.238139;1
1;-1.15627;0.239346;1
1;-1.17612;0.23575;1
1;-1.79946;0.141917;1
1;-1.45527;0.189192;1
1;-1.48968;0.18397;1
1;-1.23913;0.224587;1
1;-2.22863;0.0972085;1
1;-0.877236;0.293751;1
1;-1.63168;0.1636;1
1;-1.46819;0.187218;1
1;-0.844897;0.300504;1
1;-1.38007;0.200997;1
1;-0.931573;0.282606;1
1;-0.898401;0.289379;1
1;-1.49415;0.1833;1
1;-1.2615;0.220716;1
1;-1.32791;0.209505;1
1;-1.57344;0.171727;1
1;-0.944692;0.279954;1
1;-1.43983;0.191572;1
1;-2.50552;0.0754722;1
1;-2.02068;0.117049;1
1;-1.50943;0.181023;1
1;-1.69284;0.155403;1
1;-1.27362;0.218639;1
1;-1.41076;0.196113;1
1;-0.908056;0.287398;1
1;-1.33137;0.208934;1
1;-1.87339;0.133149;1
1;-0.871394;0.294964;1
1;-1.33152;0.208908;1
1;-1.78065;0.144222;1
1;-1.93623;0.126062;1
1;-1.08002;0.253502;1
1;-1.54762;0.17543;1
1;-1.73572;0.149858;1
1;-0.184118;0.4541;1
1;-2.06356;0.112689;1
1;-1.5663;0.172745;1
1;-0.908797;0.287246;1
1;-0.82229;0.305278;1
1;-2.13184;0.106041;1
1;-2.71612;0.0620291;1
1;-0.929901;0.282945;1
1;-1.84907;0.135982;1
1;-1.0772;0.254036;1
1;-0.764756;0.317615;1
1;-1.37682;0.201521;1
1;-1.51697;0.179908;1
1;-1.57714;0.171201;1
1;-1.49108;0.18376;1
1;-1.63081;0.16372;1
1;-1.30403;0.213487;1
1;-1.9026;0.129814;1
1;-1.16228;0.238253;1
1;-2.17119;0.102368;1
1;-0.849911;0.299452;1
1;-0.955182;0.277844;1
1;-2.49656;0.0760999;1
1;0.00847329;0.502118;0
1;-2.46676;0.0782215;1
1;-4.36177;0.0125951;1
1;-0.567201;0.361883;1
1;-1.17911;0.235212;1
1;-1.0942;0.250829;1
1;-1.2803;0.217499;1
1;-1.32196;0.210493;1
1;-1.30743;0.212917;1
1;-1.39576;0.198491;1
1;-1.03477;0.262161;1
1;-0.680366;0.33618;1
1;-0.748082;0.321239;1
1;-0.681722;0.335877;1
1;-0.476987;0.382964;1
1;-1.14619;0.241186;1
1;-1.35852;0.204481;1
1;-0.698695;0.332102;1
1;-0.622538;0.349204;1
1;-1.74553;0.148612;1
1;-0.613772;0.351199;1
1;-1.45173;0.189735;1
1;-0.880735;0.293025;1
1;-0.800235;0.309975;1
1;-1.3628;0.203786;1
1;-1.15305;0.239932;1
1;-0.455094;0.38815;1
1;-0.712313;0.329088;1
1;-0.690243;0.333979;1
1;-0.959228;0.277033;1
1;-0.231838;0.442299;1
1;-1.68488;0.156451;1
1;-1.46735;0.187346;1
1;-0.972896;0.274304;1
1;-1.55504;0.17436;1
1;-0.779985;0.314323;1
1;-1.21785;0.228315;1
1;-0.490027;0.379887;1
1;-1.50671;0.181427;1
1;-0.31399;0.422141;1
1;-0.291423;0.427656;1
1;-1.84302;0.136694;1
1;-0.709159;0.329785;1
1;-0.241166;0.439999;1
1;-1.4457;0.190664;1
1;-1.00782;0.267407;1
1;-0.632254;0.347;1
1;-0.987505;0.271405;1
1;-1.06022;0.257268;1
1;-0.354889;0.412197;1
1;-0.469107;0.384828;1
1;-1.05483;0.258298;1
1;-0.44604;0.390303;1
1;-0.123201;0.469239;1
1;-1.70348;0.154011;1
1;-0.628756;0.347793;1
1;-0.98977;0.270957;1
1;-0.357911;0.411465;1
1;-0.571562;0.360876;1
1;-1.13784;0.242717;1
1;-0.709983;0.329603;1
1;-1.83275;0.13791;1
1;-0.426124;0.395052;1
1;-0.171621;0.4572;1
1;-0.213637;0.446793;1
1;-3.16265;0.0405957;1
1;-2.65301;0.0658039;1
1;-1.39531;0.198562;1
1;-2.53043;0.0737525;1
1;-3.54909;0.0279473;1
1;-3.47889;0.0299189;1
1;-4.29475;0.0134564;1
1;-1.27396;0.21858;1
1;-3.09469;0.0433269;1
1;-1.32199;0.210488;1
1;-3.3377;0.0343002;1
1;-3.69835;0.0241659;1
1;-1.0465;0.259897;1
1;-3.02873;0.0461445;1
1;-3.96674;0.0185832;1
1;-3.51471;0.0288965;1
1;-5.72555;0.00325096;1
1;-2.0921;0.109867;1
1;-2.71676;0.0619915;1
1;-3.41378;0.0318677;1
1;-2.57962;0.0704616;1
1;-2.93566;0.0504186;1
1;-3.49541;0.0294432;1
1;-1.42933;0.193203;1
1;-1.9961;0.119613;1
1;-2.92833;0.0507708;1
1;-1.84691;0.136236;1
1;-4.19712;0.014816;1
1;-3.13754;0.0415849;1
1;-2.60831;0.0686053;1
1;-3.18523;0.0397255;1
1;-6.15833;0.00211132;1
1;-0.015683;0.496079;1
1;-1.79407;0.142574;1
1;-1.62018;0.165181;1
1;-3.00418;0.0472374;1
1;-3.60717;0.0264119;1
1;-4.51584;0.0108162;1
1;-0.230963;0.442515;1
1;-3.10047;0.0430879;1
1;-1.68114;0.156944;1
1;-1.5986;0.168177;1
1;-1.29035;0.215793;1
1;-4.64311;0.00953588;1
1;-2.45328;0.0791993;1
1;-0.848739;0.299697;1
1;-3.7287;0.0234605;1
1;-4.39199;0.0122248;1
1;-5.52724;0.00396119;1
1;-0.591008;0.356404;1
1;-3.65751;0.025148;1
1;-3.94059;0.0190662;1
1;-2.78086;0.0583673;1
1;-3.1746;0.040133;1
1;-2.75882;0.0595905;1
1;-2.61486;0.0681879;1
1;-2.14082;0.105192;1
1;-7.46081;0.000574861;1
1;-4.16566;0.0152822;1
1;-4.95467;0.00700106;1
1;-2.3759;0.0850292;1
1;-3.73361;0.0233483;1
1;-4.56871;0.0102649;1
1;-3.39736;0.0323782;1
1;-1.29437;0.215114;1
1;-4.23528;0.0142691;1
1;-1.12172;0.245693;1
1;-5.7381;0.00321055;1
1;-2.5389;0.0731759;1
1;-0.916116;0.28575;1
1;-3.06047;0.0447678;1
1;-3.05972;0.0447996;1
1;-3.87333;0.0203657;1
1;-2.53307;0.073572;1
1;-3.71128;0.0238629;1
1;-3.99252;0.0181188;1
1;-5.69211;0.00336112;1
1;-3.46663;0.0302769;1
1;-6.051;0.00234996;1
1;-2.28245;0.092587;1
1;-1.67697;0.157498;1
1;-1.43364;0.192532;1
1;-0.885422;0.292056;1
1;-0.942046;0.280487;1
1;-1.41157;0.195986;1
1;-1.48937;0.184016;1
1;-1.3976;0.198198;1
1;-1.12588;0.244923;1
1;-0.565073;0.362374;1
1;-1.22947;0.226275;1
1;-1.29492;0.215022;1
1;-1.16923;0.236995;1
1;-1.01456;0.266089;1
1;-2.02624;0.116476;1
1;-1.3214;0.210585;1
1;-1.1471;0.241019;1
1;-1.43487;0.192342;1
1;-0.504474;0.37649;1
1;-0.749764;0.320873;1
1;-1.0498;0.259264;1
1;-0.227062;0.443477;1
1;-0.268913;0.433174;1
1;-0.0966357;0.47586;1
1;-0.328384;0.418634;1
1;-0.174806;0.45641;1
1;-0.0315024;0.492125;1
1;-0.39641;0.402175;1
1;-0.267038;0.433634;1
1;-0.97452;0.27398;1
1;-0.281412;0.430108;1
1;-0.644493;0.344231;1
1;-2.75711;0.0596861;1
1;-2.52894;0.0738541;1
1;-1.2924;0.215447;1
1;-0.370722;0.408367;1
1;-0.511562;0.374827;1
1;-0.118047;0.470523;1
1;-0.498508;0.377891;1
1;-1.2115;0.229436;1
1;-0.147228;0.463259;1
1;-0.313653;0.422223;1
1;-1.3081;0.212805;1
1;-1.50251;0.182051;1
1;-0.885833;0.291971;1
1;-1.39285;0.198953;1
1;-1.36691;0.20312;1
1;-1.52531;0.178681;1
1;-1.65781;0.160056;1
1;-0.743552;0.322228;1
1;-1.40317;0.197313;1
1;-0.932192;0.28248;1
1;-1.00524;0.267913;1
1;-1.09728;0.25025;1
1;-0.131815;0.467094;1
1;-1.09064;0.251498;1
1;-1.13211;0.243771;1
1;-1.22984;0.226209;1
1;-0.98287;0.272323;1
1;-0.319328;0.420839;1
1;-0.744051;0.322119;1
1;-0.970862;0.274709;1
1;-0.59009;0.356614;1
1;-1.31891;0.211;1
1;-1.68492;0.156445;1
1;-2.54404;0.072828;1
1;-1.74631;0.148514;1
1;-0.386934;0.404456;1
1;-2.01058;0.118097;1
1;-1.8122;0.140372;1
1;-2.06672;0.112373;1
1;-1.70339;0.154023;1
1;-0.820745;0.305606;1
1;-3.87234;0.0203855;1
1;-2.62164;0.0677584;1
1;-1.39496;0.198617;1
1;-2.47815;0.077404;1
1;-1.73551;0.149885;1
1;-2.16813;0.102649;1
1;-1.01441;0.266118;1
1;-1.15653;0.239299;1
1;-2.85735;0.0543028;1
1;-2.7847;0.0581567;1
1;-2.34041;0.0878308;1
1;-2.44982;0.0794519;1
1;-0.727643;0.325712;1
1;-3.00211;0.0473306;1
1;-0.984242;0.272051;1
1;-2.92598;0.0508842;1
1;-1.68796;0.156045;1
1;-3.19107;0.0395033;1
1;-4.89074;0.0074598;1
1;-2.19606;0.100105;1
1;-4.1746;0.0151483;1
1;-5.42047;0.00440557;1
1;-3.63749;0.0256435;1
1;-2.02753;0.116342;1
1;-1.78812;0.143303;1
1;-2.79257;0.0577268;1
1;-3.24918;0.0373563;1
1;-1.12812;0.244508;1
1;-4.98746;0.00677674;1
1;-1.36132;0.204025;1
1;-2.76643;0.0591654;1
1;-2.36447;0.0859226;1
1;-4.45266;0.0115134;1
1;-5.37284;0.00461951;1
1;-3.62537;0.0259479;1
1;-4.18247;0.0150314;1
1;-5.38919;0.0045449;1
1;1.04203;0.739241;0
1;-0.111051;0.472266;1
1;-5.76644;0.00312112;1
1;1.19112;0.766941;0
1;-6.07962;0.00228381;1
1;-2.93188;0.0506001;1
1;-2.0573;0.113317;1
1;-1.04556;0.260078;1
1;-2.36619;0.0857876;1
1;-3.64062;0.0255653;1
1;-3.78089;0.0222941;1
1;-2.5031;0.0756412;1
1;-3.81753;0.0215092;1
1;-1.21889;0.228131;1
1;-0.502169;0.377031;1
1;-5.01679;0.00658213;1
1;-4.63965;0.00956866;1
1;-1.06317;0.256705;1
1;-2.8174;0.0563911;1
1;-5.38207;0.00457727;1
1;-5.9262;0.00266151;1
1;-3.52521;0.0286034;1
1;-3.57197;0.0273324;1
1;-4.91166;0.0073065;1
1;-1.79193;0.142836;1
1;-3.52539;0.0285984;1
1;-2.23528;0.0966271;1
1;-2.84444;0.0549694;1
1;-4.60463;0.0099063;1
1;-1.52907;0.17813;1
1;-1.22738;0.226641;1
1;-1.45083;0.189874;1
1;-1.1107;0.247741;1
1;-1.31982;0.210848;1
1;-1.50695;0.181391;1
1;-1.47851;0.185653;1
1;-1.04453;0.260277;1
1;-1.95037;0.124513;1
1;-1.82503;0.138831;1
1;-1.85931;0.134784;1
1;-1.05986;0.257336;1
1;-1.65607;0.16029;1
1;-0.674948;0.33739;1
1;-1.65039;0.161056;1
1;-0.62989;0.347535;1
1;-1.14775;0.240901;1
1;-1.06823;0.25574;1
1;-0.988503;0.271208;1
1;-0.897731;0.289517;1
1;-0.690647;0.333889;1
1;-0.580662;0.35878;1
1;-0.685598;0.335013;1
1;-0.814105;0.307016;1
1;-1.64093;0.162338;1
1;-0.359074;0.411184;1
1;-2.28359;0.0924913;1
1;-2.86253;0.0540371;1
1;-3.42261;0.0315963;1
1;-1.75946;0.146858;1
1;-2.36489;0.0858896;1
1;-2.92426;0.0509675;1
1;-1.82757;0.138528;1
1;-2.21502;0.0984098;1
1;-0.209972;0.447699;1
1;-3.05515;0.0449958;1
1;-1.55635;0.174171;1
1;-1.08829;0.251941;1
1;-2.70385;0.0627466;1
1;-1.6823;0.156791;1
1;-2.36918;0.0855536;1
1;-1.47712;0.185863;1
1;-2.03594;0.115481;1
1;-1.44292;0.191094;1
1;-2.70299;0.0627974;1
1;-2.07053;0.111994;1
1;-2.62573;0.0675008;1
1;-1.99528;0.1197;1
1;-2.18189;0.101389;1
1;-1.89972;0.13014;1
1;-1.50328;0.181936;1
1;-5.23708;0.00528767;1
1;-2.6404;0.0665833;1
1;-4.84295;0.00782211;1
1;-0.669831;0.338535;1
1;-3.28322;0.0361513;1
1;-2.96424;0.0490678;1
1;-0.473005;0.383905;1
1;-4.57682;0.0101828;1
1;-1.97787;0.121546;1
1;-3.10781;0.0427864;1
1;-2.60396;0.0688841;1
1;-5.72949;0.00323821;1
1;-4.53751;0.0105868;1
1;-2.04833;0.114221;1
1;-1.3685;0.202863;1
1;-2.94754;0.0498531;1
1;-3.04882;0.0452684;1
1;-3.02635;0.0462497;1
1;-3.37267;0.0331606;1
1;-4.46927;0.011326;1
1;-3.77233;0.0224813;1
1;-3.40648;0.0320937;1
1;-3.9161;0.0195296;1
1;-4.0347;0.0173835;1
1;-2.62955;0.0672606;1
1;-3.37165;0.0331934;1
1;-1.55187;0.174817;1
1;-4.4154;0.0119453;1
1;-3.14543;0.0412716;1
1;-0.540859;0.367988;1
1;-4.71286;0.00889915;1
1;-4.81241;0.00806274;1
1;-4.54312;0.0105282;1
1;-4.07875;0.0166469;1
1;-6.59946;0.00135925;1
1;-5.2328;0.00531021;1
1;-3.53638;0.0282946;1
1;-3.03644;0.0458066;1
1;-1.17748;0.235506;1
1;-1.03304;0.262495;1
1;-1.42537;0.193821;1
1;-1.37322;0.2021;1
1;-1.35358;0.205286;1
1;-1.42253;0.194266;1
1;-1.14178;0.241994;1
1;-1.51709;0.17989;1
1;-1.09677;0.250345;1
1;-1.2974;0.214603;1
1;-1.29834;0.214445;1
1;-1.10851;0.248148;1
1;-1.6441;0.161908;1
1;-1.18033;0.234992;1
1;-1.30071;0.214046;1
1;-1.37618;0.201623;1
1;-1.09588;0.250512;1
1;-1.49584;0.183046;1
1;-1.22676;0.226749;1
1;-1.28403;0.216865;1
1;-1.17771;0.235465;1
1;-0.809601;0.307976;1
1;-0.996214;0.269686;1
1;-1.14956;0.240569;1
1;-1.21109;0.229508;1
1;-1.07332;0.254771;1
1;-0.93484;0.281944;1
1;-1.39404;0.198764;1
1;-1.19691;0.232026;1
1;-0.927993;0.283332;1
1;-1.22794;0.226542;1
1;-0.179583;0.455225;1
1;-1.58114;0.170634;1
1;-1.9332;0.126397;1
1;-1.50835;0.181183;1
1;-0.617315;0.350392;1
1;-1.54067;0.176437;1
1;-1.23319;0.225624;1
1;-1.30862;0.212717;1
1;-1.05979;0.25735;1
1;-1.1676;0.237289;1
1;-1.14341;0.241694;1
1;-0.275092;0.431657;1
1;-0.722006;0.326951;1
1;-1.58703;0.169802;1
1;-1.65234;0.160793;1
1;-1.14164;0.242019;1
1;-2.00447;0.118734;1
1;-0.718612;0.327699;1
1;-0.592895;0.355971;1
1;-0.423948;0.395572;1
1;-0.0090407;0.49774;1
1;-1.5246;0.178785;1
1;-1.22564;0.226946;1
1;-0.809717;0.307951;1
1;-0.806406;0.308657;1
1;-0.957025;0.277474;1
1;-0.872841;0.294663;1
1;-1.48975;0.183959;1
1;-2.25102;0.0952615;1
1;-1.13671;0.242925;1
1;-0.407129;0.399601;1
1;-1.67304;0.158019;1
1;-0.977317;0.273424;1
1;-1.20212;0.231099;1
1;-0.929083;0.283111;1
1;-0.441894;0.39129;1
1;-1.25786;0.221343;1
1;-0.391937;0.403251;1
1;-1.45959;0.18853;1
1;-1.25457;0.22191;1
1;-1.68273;0.156735;1
1;-0.738053;0.32343;1
1;-1.39658;0.19836;1
1;-1.84976;0.135901;1
1;-0.522276;0.37232;1
1;-1.74855;0.14823;1
1;-2.10288;0.108817;1
1;-0.727991;0.325636;1
1;-1.23335;0.225596;1
1;-1.51274;0.180533;1
1;-1.3216;0.210552;1
1;-2.61844;0.0679608;1
1;-1.53738;0.176916;1
1;-2.23801;0.0963885;1
1;-1.02344;0.264359;1
1;-0.499059;0.377762;1
1;-2.27637;0.0930994;1
1;-2.08606;0.110459;1
1;-1.29517;0.214979;1
1;-4.72495;0.00879318;1
1;0.426886;0.60513;0
1;-4.07249;0.0167496;1
1;-3.53425;0.0283532;1
1;-4.45584;0.0114773;1
1;-2.47085;0.0779273;1
1;-4.98236;0.00681118;1
1;-2.008;0.118366;1
1;-6.37042;0.00170851;1
1;-6.22689;0.00197169;1
1;-5.93597;0.00263568;1
1;-3.43845;0.0311151;1
1;-5.64968;0.00350629;1
1;-4.41221;0.011983;1
1;-2.08826;0.110243;1
1;1.32411;0.789864;0
1;-5.01315;0.00660597;1
1;-0.876422;0.29392;1
1;-3.92711;0.0193199;1
1;-4.27295;0.0137489;1
1;-2.44668;0.0796816;1
1;-1.8714;0.13338;1
1;-4.05691;0.0170082;1
1;-2.64846;0.0660837;1
1;-5.82732;0.00293729;1
1;-2.5754;0.0707386;1
1;-4.35327;0.0127013;1
1;-0.848939;0.299655;1
1;-2.6723;0.064628;1
1;-1.50847;0.181165;1
1;-3.85368;0.0207613;1
1;-4.49012;0.0110948;1
1;-3.47733;0.0299641;1
1;-1.36776;0.202983;1
1;-2.78924;0.0579086;1
1;-2.71375;0.0621671;1
1;-3.46934;0.0301973;1
1;-3.10062;0.0430819;1
1;-1.78016;0.144283;1
1;-4.7794;0.00833106;1
1;-3.92286;0.0194005;1
1;-5.06652;0.00626482;1
1;-1.66776;0.158723;1
1;-1.81042;0.140587;1
1;-0.490775;0.379711;1
1;-1.28692;0.216374;1
1;-0.696632;0.332559;1
1;-0.960113;0.276856;1
1;-1.8291;0.138345;1
1;-1.31447;0.21174;1
1;-1.44548;0.190698;1
1;-0.299743;0.42562;1
1;-1.96709;0.122702;1
1;-0.855927;0.298191;1
1;-1.76997;0.145546;1
1;-0.858562;0.29764;1
1;-1.33639;0.208104;1
1;-1.20392;0.230779;1
1;-1.76964;0.145587;1
1;-0.466209;0.385514;1
1;-1.11868;0.246256;1
1;-0.963556;0.276167;1
1;-0.821073;0.305536;1
1;-1.10604;0.248611;1
1;-1.67823;0.157329;1
1;0.518832;0.626875;0
1;-0.965558;0.275767;1
1;-1.06842;0.255705;1
1;-0.740919;0.322803;1
1;-0.168363;0.458008;1
1;-0.690036;0.334025;1
1;-0.136791;0.465856;1
1;-0.314167;0.422098;1
1;-0.558024;0.364005;1
1;-0.23606;0.441258;1
1;-0.0210363;0.494741;1
1;0.319527;0.579209;0
1;0.368778;0.591164;0
1;-0.733249;0.324482;1
1;-0.242095;0.43977;1
1;-0.90301;0.288432;1
1;-1.69765;0.154772;1
1;-1.04176;0.260811;1
1;-0.836465;0.30228;1
1;-0.804986;0.30896;1
1;-1.39841;0.198068;1
1;-0.756475;0.319412;1
1;-0.168316;0.45802;1
1;-0.231018;0.442501;1
1;-0.409132;0.39912;1
1;-0.805797;0.308787;1
1;-0.474008;0.383668;1
1;-0.4172;0.397187;1
1;-1.6068;0.167034;1
1;-0.791324;0.311885;1
1;-0.981177;0.272658;1
1;-1.0985;0.250021;1
1;-1.05962;0.257382;1
1;-0.878999;0.293385;1
1;-0.488885;0.380156;1
1;-0.834995;0.30259;1
1;0.00803507;0.502009;0
1;-0.617535;0.350342;1
1;-0.718679;0.327684;1
1;-0.222948;0.444493;1
1;-2.42873;0.0810082;1
1;-1.16081;0.23852;1
1;-1.30697;0.212994;1
1;-2.03993;0.115074;1
1;-2.32033;0.089453;1
1;-2.33134;0.0885603;1
1;-2.86842;0.0537369;1
1;-1.89542;0.130627;1
1;-1.34597;0.20653;1
1;-2.07167;0.111881;1
1;-0.255619;0.436441;1
1;-1.95984;0.123484;1
1;-2.51309;0.0749454;1
1;-1.45036;0.189946;1
1;-2.02707;0.11639;1
1;-2.81579;0.056477;1
1;-2.32507;0.0890682;1
1;-1.00015;0.268912;1
1;-2.33043;0.0886337;1
1;-2.38286;0.0844889;1
1;-3.03562;0.0458422;1
1;-1.22507;0.227046;1
1;-2.62569;0.0675034;1
1;-1.50206;0.182118;1
1;-1.68033;0.157051;1
1;-0.160176;0.460041;1
1;-5.5857;0.0037371;1
1;-3.66455;0.0249758;1
1;-3.33036;0.0345441;1
1;-2.9908;0.0478434;1
1;-3.12191;0.0422124;1
1;-3.02938;0.046116;1
1;-1.11755;0.246466;1
1;-4.01606;0.0177047;1
1;-1.3043;0.213441;1
1;-0.845438;0.300391;1
1;-1.15307;0.239929;1
1;-1.0073;0.267509;1
1;-1.67099;0.158292;1
1;-0.623088;0.349079;1
1;-1.06657;0.256056;1
1;-0.58242;0.358376;1
1;-0.399946;0.401325;1
1;-1.38126;0.200807;1
1;-1.33062;0.209057;1
1;-0.800455;0.309928;1
1;-0.854535;0.298482;1
1;-2.11398;0.107745;1
1;-1.03541;0.262037;1
1;-0.984046;0.27209;1
1;-0.636726;0.345987;1
1;-1.05437;0.258386;1
1;-0.96573;0.275732;1
1;-1.47492;0.186196;1
1;-1.42021;0.194628;1
1;-0.967793;0.275321;1
1;-0.782486;0.313784;1
1;-0.65374;0.342147;1
1;-1.10956;0.247953;1
1;-0.806861;0.30856;1
1;-1.04329;0.260516;1
1;-0.96802;0.275275;1
1;-1.04097;0.260963;1
1;-1.03672;0.261783;1
1;-0.609308;0.352217;1
1;-0.877828;0.293628;1
1;-0.632115;0.347031;1
1;-1.0014;0.268667;1
1;-1.01297;0.2664;1
1;-0.515252;0.373963;1
1;-1.18428;0.234284;1
1;-1.93356;0.126358;1
1;-0.272655;0.432255;1
1;-0.937957;0.281313;1
1;-0.377385;0.406758;1
1;-0.641925;0.344812;1
1;-1.07326;0.254783;1
1;-1.32344;0.210247;1
1;-0.0104681;0.497383;1
1;-1.55668;0.174123;1
1;0.260569;0.564776;0
1;-1.16449;0.237852;1
1;-1.04602;0.259991;1
1;-1.90452;0.129598;1
1;-1.69289;0.155396;1
1;-0.941663;0.280565;1
1;-1.46941;0.187032;1
1;-0.75541;0.319644;1
1;-0.876102;0.293986;1
1;-0.576919;0.359642;1
1;-0.243546;0.439413;1
1;-2.62227;0.067719;1
1;-1.52998;0.177997;1
1;-1.12835;0.244465;1
1;0.113552;0.528357;0
1;-0.667488;0.33906;1
1;-2.5601;0.0717509;1
1;-1.78297;0.143937;1
1;-2.00757;0.11841;1
1;-0.970865;0.274708;1
1;-0.720973;0.327179;1
1;-1.01123;0.266739;1
1;-2.04526;0.114532;1
1;-1.68984;0.155796;1
1;-1.51614;0.18003;1
1;-1.0874;0.252108;1
1;-1.85603;0.135166;1
1;-1.01029;0.266923;1
1;-2.62692;0.0674261;1
1;-1.36842;0.202876;1
1;-2.29286;0.0917163;1
1;-0.930945;0.282733;1
1;-0.80567;0.308814;1
1;-1.61457;0.165955;1
1;-0.348811;0.413671;1
1;-1.56697;0.172649;1
1;-1.27895;0.217729;1
1;-2.24415;0.0958555;1
1;-3.94467;0.0189901;1
1;-3.09287;0.0434023;1
1;-3.60301;0.0265191;1
1;-3.88879;0.0200594;1
1;-3.64331;0.0254984;1
1;-4.04803;0.0171572;1
1;-2.11019;0.108111;1
1;-2.85805;0.0542666;1
1;-2.79707;0.0574826;1
1;-3.19717;0.0392725;1
1;-2.31184;0.0901472;1
1;-1.24969;0.222754;1
1;-3.01065;0.0469472;1
1;-0.999396;0.26906;1
1;-3.84455;0.0209478;1
1;-3.32854;0.0346051;1
1;-2.24714;0.0955961;1
1;-3.51404;0.0289153;1
1;-3.02643;0.0462462;1
1;-1.57829;0.171038;1
1;-3.29279;0.0358192;1
1;-4.0843;0.0165562;1
1;-3.83601;0.0211238;1
1;-1.8464;0.136296;1
1;-1.75127;0.147887;1
1;-4.0858;0.0165318;1
1;-2.77736;0.0585598;1
1;-2.91364;0.0514835;1
1;-3.61121;0.0263084;1
1;-2.09142;0.109933;1
1;-1.41596;0.195295;1
1;-2.30651;0.0905853;1
1;-1.72118;0.151719;1
1;-2.84715;0.0548288;1
1;-1.42156;0.194417;1
1;-2.51155;0.0750526;1
1;-1.9138;0.128555;1
1;-5.6208;0.00360868;1
1;-2.03259;0.115823;1
1;-2.1237;0.106814;1
1;-1.45458;0.189298;1
1;-4.24888;0.0140792;1
1;-1.92164;0.127678;1
1;-1.63706;0.162866;1
1;-3.67262;0.0247802;1
1;-1.89495;0.130681;1
1;-3.28944;0.0359351;1
1;-1.72196;0.151619;1
1;-2.63102;0.0671686;1
1;-3.05902;0.0448297;1
1;-3.08639;0.043672;1
1;-1.22215;0.227558;1
1;-3.16562;0.0404801;1
1;-3.35587;0.0337036;1
1;-2.10093;0.109006;1
1;-1.89945;0.130171;1
1;-1.70112;0.154318;1
1;-3.02841;0.0461587;1
1;-3.08921;0.0435546;1
1;-5.03074;0.00649157;1
1;-1.39287;0.198949;1
1;-0.650505;0.342876;1
1;-1.04509;0.260169;1
1;-1.67046;0.158362;1
1;-1.40724;0.19667;1
1;-0.997229;0.269487;1
1;-1.22043;0.227862;1
1;-0.916198;0.285733;1
1;-1.42891;0.193268;1
1;-0.384857;0.404956;1
1;-0.738501;0.323332;1
1;-1.37639;0.20159;1
1;-0.795106;0.311073;1
1;-1.35237;0.205483;1
1;-0.763633;0.317858;1
1;-0.506089;0.376111;1
1;-0.244789;0.439107;1
1;-1.31383;0.211847;1
1;-0.836841;0.302201;1
1;-1.43998;0.191548;1
1;-1.54496;0.175815;1
1;-1.14783;0.240886;1
1;-0.179962;0.45513;1
1;-1.39044;0.199338;1
1;-1.05094;0.259044;1
1;-1.54008;0.176524;1
1;-0.659632;0.340822;1
1;-1.17209;0.236477;1
1;-2.43766;0.0803459;1
1;-1.00683;0.267601;1
1;-0.875564;0.294098;1
1;-2.49658;0.0760984;1
1;-1.97202;0.122172;1
1;-0.39526;0.402452;1
1;-2.65759;0.065523;1
1;-1.17533;0.235893;1
1;-2.30698;0.0905467;1
1;-1.30043;0.214093;1
1;-1.14299;0.241771;1
1;-1.62668;0.164286;1
1;-1.09574;0.25054;1
1;-1.70739;0.153503;1
1;-1.44784;0.190334;1
1;-2.66981;0.0647785;1
1;-2.16086;0.103321;1
1;-2.38768;0.0841172;1
1;-1.49753;0.182794;1
1;-2.78384;0.0582039;1
1;-2.0824;0.110819;1
1;-1.3223;0.210436;1
1;-1.22706;0.226696;1
1;-1.04614;0.259967;1
1;-4.75731;0.00851556;1
1;-5.57914;0.00376159;1
1;-3.89513;0.0199352;1
1;-2.65995;0.0653781;1
1;-5.2229;0.00536274;1
1;-1.51083;0.180816;1
1;-3.62319;0.026003;1
1;-2.02696;0.116401;1
1;-2.74361;0.0604486;1
1;-2.46761;0.0781599;1
1;-2.92636;0.0508656;1
1;-4.07148;0.0167663;1
1;-0.660369;0.340657;1
1;-4.58531;0.0100976;1
1;-5.12542;0.00590859;1
1;-3.58596;0.0269628;1
1;-2.43484;0.0805546;1
1;-2.11202;0.107934;1
1;-2.12999;0.106216;1
1;-2.54178;0.072981;1
1;-2.59144;0.069691;1
1;-5.53178;0.00394331;1
1;-2.83666;0.0553749;1
1;-1.45857;0.188686;1
1;-2.293;0.0917041;1
1;-3.13031;0.0418743;1
1;-2.77584;0.0586439;1
1;-3.43568;0.0311987;1
1;-3.7473;0.023038;1
1;-4.34532;0.0128014;1
1;-3.5455;0.0280449;1
1;-4.28743;0.013554;1
1;-0.21345;0.446839;1
1;-5.6476;0.00351358;1
1;-2.30845;0.0904257;1
1;-3.46357;0.0303667;1
1;-3.19098;0.0395066;1
1;-4.58783;0.0100724;1
1;-3.71771;0.0237136;1
1;-2.64415;0.0663507;1
1;-4.46518;0.0113718;1
1;-2.96311;0.0491208;1
1;-1.69635;0.154943;1
1;-5.6042;0.00366884;1
1;-2.57726;0.0706163;1
1;0.401409;0.599026;0
1;-5.27969;0.00506819;1
1;0.636795;0.654029;0
1;-2.53514;0.0734314;1
1;-1.73179;0.150359;1
1;-4.51101;0.010868;1
1;-4.73652;0.00869292;1
1;-5.42219;0.00439803;1
1;-3.15733;0.0408036;1
1;-1.65638;0.160248;1
1;-0.906115;0.287795;1
1;-3.10176;0.0430347;1
1;-4.08109;0.0166086;1
1;-4.92885;0.00718286;1
1;-2.04088;0.114977;1
1;-2.88268;0.0530165;1
1;-0.790877;0.31198;1
1;-2.89246;0.0525277;1
1;-1.93182;0.12655;1
1;-1.4381;0.191839;1
1;-1.06404;0.256537;1
1;-0.813286;0.307191;1
1;-1.51011;0.180923;1
1;-1.21901;0.228111;1
1;-1.11542;0.246862;1
1;-0.941116;0.280675;1
1;-1.91874;0.128002;1
1;-0.994423;0.270039;1
1;-0.915294;0.285918;1
1;-1.14431;0.241531;1
1;-1.17628;0.235721;1
1;-1.68982;0.155799;1
1;-0.965706;0.275737;1
1;-2.02375;0.116731;1
1;-1.17661;0.235661;1
1;-1.22571;0.226933;1
1;-1.62811;0.164089;1
1;-0.951377;0.278608;1
1;-0.154153;0.461538;1
1;-1.05603;0.258069;1
1;-0.852673;0.298872;1
1;-1.12783;0.244561;1
1;-0.434794;0.392982;1
1;-1.2336;0.225553;1
1;-1.71331;0.152735;1
1;-1.61828;0.165443;1
1;-1.2968;0.214705;1
1;-1.31667;0.211373;1
1;-1.00566;0.267831;1
1;-1.46926;0.187055;1
1;-1.2175;0.228377;1
1;-1.87358;0.133128;1
1;-1.78255;0.143988;1
1;-1.08415;0.252722;1
1;-0.973536;0.274176;1
1;-1.60508;0.167272;1
1;-0.845843;0.300306;1
1;-1.35262;0.205442;1
1;-1.31223;0.212114;1
1;-1.2128;0.229206;1
1;-1.15481;0.239612;1
1;-1.75105;0.147915;1
1;-1.38752;0.199804;1
1;-1.26484;0.220143;1
1;-0.659088;0.340945;1
1;-1.2571;0.221474;1
1;-1.44481;0.190802;1
1;-2.10429;0.10868;1
1;-1.87762;0.132663;1
1;-1.91993;0.127869;1
1;-2.02978;0.116112;1
1;-0.93491;0.28193;1
1;-1.33265;0.208722;1
1;-2.15805;0.103581;1
1;-0.960799;0.276718;1
1;-1.75786;0.147059;1
1;-1.54833;0.175327;1
1;-1.9727;0.122099;1
1;-1.19545;0.232286;1
1;-0.53251;0.369932;1
1;-1.66776;0.158723;1
1;-2.80227;0.0572018;1
1;-3.07457;0.0441685;1
1;-2.61058;0.0684604;1
1;-2.80035;0.057305;1
1;-0.492749;0.379246;1
1;-1.49295;0.183479;1
1;-1.22882;0.226388;1
1;-1.88406;0.131924;1
1;-1.55813;0.173915;1
1;-3.00161;0.0473532;1
1;-2.77488;0.058697;1
1;-3.73889;0.0232282;1
1;-5.46555;0.00421218;1
1;-3.34194;0.03416;1
1;-1.47829;0.185686;1
1;-4.43831;0.0116779;1
1;-4.12887;0.015846;1
1;-1.16435;0.237878;1
1;-5.50023;0.0040692;1
1;-2.85868;0.0542341;1
1;-5.68204;0.00339502;1
1;-1.35799;0.204567;1
1;-4.58318;0.0101189;1
1;-2.37403;0.0851743;1
1;-4.26841;0.0138106;1
1;-3.21347;0.038662;1
1;-1.55518;0.17434;1
1;-4.79797;0.008179;1
1;-4.64899;0.00948056;1
1;-1.5812;0.170626;1
1;-5.30504;0.00494195;1
1;-2.8996;0.0521732;1
1;-4.24482;0.0141356;1
1;-3.76747;0.0225884;1
1;-4.38207;0.0123451;1
1;-4.35177;0.0127201;1
1;-2.96979;0.0488095;1
1;-4.84984;0.0077688;1
1;-0.487333;0.380522;1
1;-2.38106;0.0846283;1
1;-5.52109;0.00398554;1
1;-4.70236;0.00899228;1
1;-0.968013;0.275277;1
1;-4.53945;0.0105664;1
1;-1.71216;0.152884;1
1;-2.8562;0.0543617;1
1;-2.31983;0.0894939;1
1;-5.9112;0.0027016;1
1;-3.09338;0.043381;1
1;-3.25924;0.0369963;1
1;-1.46936;0.187041;1
1;-4.01041;0.0178033;1
1;-1.32197;0.21049;1
1;-5.28458;0.00504358;1
1;-3.5673;0.0274567;1
1;-2.88067;0.0531173;1
1;0.571109;0.639019;0
1;-4.90629;0.00734554;1
1;-2.37181;0.0853479;1
1;-2.1034;0.108766;1
1;-0.528461;0.370876;1
1;-1.02922;0.263236;1
1;-2.25857;0.0946126;1
1;-1.73462;0.149998;1
1;-2.23404;0.096735;1
1;-1.77315;0.145151;1
1;-1.58498;0.170091;1
1;-1.12015;0.245984;1
1;-2.35085;0.0869983;1
1;-0.986109;0.271681;1
1;-2.14147;0.105131;1
1;-1.74736;0.14838;1
1;-1.84097;0.136937;1
1;-2.13208;0.106018;1
1;-1.17866;0.235293;1
1;-1.57446;0.171581;1
1;-1.0969;0.25032;1
1;-1.72805;0.150837;1
1;-1.58571;0.169989;1
1;-1.88283;0.132064;1
1;-1.20032;0.231418;1
1;-1.57109;0.172062;1
1;-2.43122;0.080823;1
1;-1.84741;0.136177;1
1;-1.4663;0.187506;1
1;-1.73984;0.149333;1
1;-3.59635;0.0266915;1
1;-1.91672;0.128228;1
1;-2.73529;0.060923;1
1;-2.20774;0.0990578;1
1;-3.49228;0.0295327;1
1;-1.56639;0.172732;1
1;-2.2191;0.0980487;1
1;-2.45093;0.0793706;1
1;-1.64969;0.161151;1
1;-2.6906;0.0635305;1
1;-3.32533;0.0347124;1
1;-1.56173;0.173398;1
1;-2.94164;0.050133;1
1;-1.98009;0.121309;1
1;-0.834661;0.30266;1
1;-2.34775;0.0872449;1
1;-2.65587;0.0656281;1
1;-2.2557;0.0948585;1
1;-2.492;0.0764207;1
1;-1.86348;0.134298;1
1;-2.35125;0.0869662;1
1;-1.87096;0.13343;1
1;-0.842693;0.300968;1
1;-2.40078;0.0831131;1
1;-1.50477;0.181715;1
1;-3.90558;0.0197321;1
1;-3.38041;0.0329133;1
1;-2.929;0.0507386;1
1;-4.34243;0.012838;1
1;0.76098;0.681567;0
1;-1.672;0.158158;1
1;-3.81982;0.0214611;1
1;-3.88064;0.0202204;1
1;-0.352403;0.4128;1
1;-0.553754;0.364994;1
1;-1.17268;0.23637;1
1;-2.03934;0.115134;1
1;-2.30423;0.0907736;1
1;-1.98581;0.120701;1
1;-5.02913;0.00650193;1
1;-2.37418;0.0851632;1
1;-2.17686;0.101848;1
1;-1.58895;0.169532;1
1;-2.50857;0.0752596;1
1;-4.09376;0.0164029;1
1;-0.852797;0.298846;1
1;-3.72071;0.0236443;1
1;-1.61557;0.165817;1
1;-0.965303;0.275818;1
1;-3.45348;0.0306653;1
1;-5.57206;0.00378824;1
1;-2.75972;0.0595401;1
1;-2.22572;0.0974645;1
1;-2.61639;0.068091;1
1;-4.59981;0.00995371;1
1;-1.55574;0.174259;1
1;-1.66952;0.158488;1
1;-0.936214;0.281666;1
1;-1.07627;0.254212;1
1;-3.47506;0.0300303;1
1;-2.8192;0.0562952;1
1;-3.70506;0.0240083;1
1;-2.21891;0.0980652;1
1;-4.15358;0.0154652;1
1;-0.0667185;0.483327;1
1;-1.36672;0.20315;1
1;-1.89775;0.130363;1
1;-3.87183;0.0203956;1
1;-2.78807;0.0579723;1
1;-1.70632;0.153641;1
1;-0.992599;0.270399;1
