0;1;0.731059;0
0;1.53562;0.822827;0
0;1;0.731059;0
0;1.68791;0.843949;0
0;1.64986;0.838872;0
0;1.69171;0.844449;0
0;1.73124;0.849571;0
0;1.72444;0.8487;0
0;1.62156;0.83501;0
0;1.54646;0.824402;0
0;1.64238;0.837858;0
0;1.70874;0.846672;0
0;1.64591;0.838338;0
0;1.7004;0.845587;0
0;1.58947;0.830541;0
0;1.80044;0.858203;0
0;1.78115;0.855838;0
0;1.66159;0.840451;0
0;1.70329;0.845964;0
0;1.70735;0.846493;0
0;1.5575;0.825994;0
0;1.52603;0.821424;0
0;1.73574;0.850145;0
0;1.51206;0.819366;0
0;1.77825;0.85548;0
0;1.60509;0.832728;0
0;1.5427;0.823857;0
0;1.7405;0.85075;0
0;1.42455;0.80605;0
0;1.45386;0.810592;0
0;1.71224;0.847126;0
0;1.62873;0.835995;0
0;1.44919;0.809874;0
0;1.6458;0.838323;0
0;1.53154;0.822232;0
0;1.60047;0.832084;0
0;1.66395;0.840768;0
0;1.73273;0.849761;0
0;1.67177;0.841812;0
0;1.53986;0.823444;0
0;1.48518;0.815354;0
0;1.58886;0.830455;0
0;1.48046;0.814642;0
0;1.50481;0.818291;0
0;1.66528;0.840946;0
0;1.43887;0.80828;0
0;1.58772;0.830295;0
0;1.69156;0.84443;0
0;1.5461;0.824349;0
0;1.71771;0.847834;0
0;1.64716;0.838507;0
0;1.77381;0.854931;0
0;1.66154;0.840445;0
0;1.57104;0.827932;0
0;1.4216;0.805589;0
0;1;0.731059;0
0;1;0.731059;0
0;1;0.731059;0
0;1;0.731059;0
0;1;0.731059;0
0;1.45943;0.811446;0
0;1.91018;0.871039;0
0;1.51768;0.820197;0
0;1.45293;0.810449;0
0;1.40436;0.802874;0
0;1.60899;0.83327;0
0;1.62593;0.835612;0
0;1.53958;0.823403;0
0;1.3921;0.800928;0
0;1.29825;0.78554;0
0;1.87837;0.867424;0
0;1.44173;0.808722;0
0;1.7992;0.858052;0
0;1.6304;0.836224;0
0;1.55571;0.825736;0
0;1.79741;0.857834;0
0;1.68393;0.843424;0
0;1.46607;0.81246;0
0;1.56579;0.827182;0
0;2.06603;0.887557;0
0;1.8194;0.860494;0
0;1.70489;0.846172;0
0;1.4997;0.817529;0
0;1.59227;0.830935;0
0;1.5831;0.829642;0
0;1.71923;0.84803;0
0;1.26747;0.78031;0
0;1.65464;0.839517;0
0;1.4065;0.803213;0
0;1.43735;0.808044;0
0;1.62083;0.834909;0
0;1.46703;0.812606;0
0;1.68898;0.844089;0
0;1.47207;0.813371;0
0;1.49795;0.817268;0
0;1.71189;0.847081;0
0;1.5867;0.830151;0
0;1.21353;0.770922;0
0;1.54411;0.824062;0
0;1.4467;0.80949;0
0;1.6809;0.843023;0
0;1.58484;0.829889;0
0;1.26749;0.780313;0
0;1.36752;0.796979;0
0;1.38343;0.799542;0
0;1.40227;0.802543;0
0;1.25946;0.778934;0
0;1.28197;0.782784;0
0;1.74092;0.850804;0
0;1.66856;0.841384;0
0;1.60764;0.833083;0
0;1.76285;0.853567;0
0;1.62365;0.835298;0
0;1.40356;0.802749;0
0;1.53635;0.822934;0
0;1.58536;0.829963;0
0;1.49002;0.816081;0
0;1.58549;0.82998;0
0;1.66282;0.840616;0
0;1.4359;0.807819;0
0;1.42928;0.806788;0
0;1.54337;0.823955;0
0;1.30047;0.785914;0
0;1.65358;0.839375;0
0;1.6865;0.843764;0
0;1.56916;0.827664;0
0;1.56981;0.827757;0
0;1.71473;0.847449;0
0;1.54949;0.82484;0
0;1.50065;0.817671;0
0;1.67458;0.842185;0
0;1.53164;0.822246;0
0;1.56218;0.826666;0
0;1.55523;0.825668;0
0;1.57705;0.828787;0
0;1.51392;0.819642;0
0;1.51152;0.819286;0
0;1.43701;0.807991;0
0;1.46244;0.811906;0
0;1.35417;0.794811;0
0;1.30461;0.78661;0
0;1.4457;0.809335;0
0;0.114147;0.528506;0
0;0.308007;0.576399;0
0;-0.323398;0.419848;1
0;-0.215084;0.446435;1
0;0.0572405;0.514306;0
0;-0.32152;0.420305;1
0;-0.00135803;0.49966;1
0;-0.0295105;0.492623;1
0;-0.100391;0.474923;1
0;-0.103518;0.474143;1
0;0.0849028;0.521213;0
0;-0.202702;0.449497;1
0;0.116402;0.529068;0
0;0.342564;0.584813;0
0;-0.012238;0.496941;1
0;-0.0839348;0.479029;1
0;-0.104315;0.473945;1
0;0.15905;0.539679;0
0;-0.308799;0.423408;1
0;0.212104;0.552828;0
0;-0.130159;0.467506;1
0;0.000134466;0.500034;0
0;0.0390999;0.509774;0
0;-0.288069;0.428477;1
0;-0.491192;0.379613;1
0;-0.0310767;0.492231;1
0;-0.134888;0.466329;1
0;-0.216717;0.446032;1
0;-0.117863;0.470568;1
0;-0.0167859;0.495804;1
0;0.303552;0.575311;0
0;0.139582;0.534839;0
0;-0.0781374;0.480476;1
0;0.126296;0.531532;0
0;0.146023;0.536441;0
0;-0.0614283;0.484648;1
0;-0.0932226;0.476711;1
0;0.154516;0.538552;0
0;0.0291221;0.50728;0
0;-0.171185;0.457308;1
0;-0.0216768;0.494581;1
0;-0.0960822;0.475998;1
0;-0.162776;0.459396;1
0;0.0229065;0.505726;0
0;0.104364;0.526067;0
0;-0.190229;0.452586;1
0;-0.439188;0.391935;1
0;-0.483634;0.381394;1
0;-0.210743;0.447508;1
0;-0.114964;0.471291;1
0;-0.121336;0.469703;1
0;0.00397706;0.500994;0
0;-0.0835009;0.479137;1
0;1.36046;0.795834;0
0;1;0.731059;0
0;1.23553;0.774785;0
0;1.28832;0.783862;0
0;1.20867;0.770064;0
0;1.33207;0.791183;0
0;1.09903;0.750078;0
0;1;0.731059;0
0;1.37291;0.797849;0
0;1;0.731059;0
0;1;0.731059;0
0;1;0.731059;0
0;1.35629;0.795156;0
0;1;0.731059;0
0;1;0.731059;0
0;1;0.731059;0
0;1.20708;0.769782;0
0;1.55108;0.82507;0
0;1;0.731059;0
0;1.48287;0.815006;0
0;1.29665;0.785271;0
0;1.31395;0.788173;0
0;1.36969;0.797331;0
0;1.30493;0.786663;0
0;1.18129;0.76518;0
0;1.22078;0.7722;0
0;1.40879;0.803576;0
0;1;0.731059;0
0;1.51103;0.819213;0
0;1;0.731059;0
0;1.76659;0.854033;0
0;1.68047;0.842967;0
0;1.23685;0.775016;0
0;1.5906;0.8307;0
0;1.43445;0.807594;0
0;1.47423;0.813699;0
0;1.49046;0.816147;0
0;1.86105;0.865419;0
0;1.52074;0.820647;0
0;1.62296;0.835203;0
0;1.31479;0.788313;0
0;1.51582;0.819922;0
0;1.40245;0.802572;0
0;1.59124;0.830791;0
0;1.54278;0.823869;0
0;1.29763;0.785437;0
0;1.22396;0.772759;0
0;1.30032;0.785889;0
0;1.5428;0.823871;0
0;1.57253;0.828144;0
0;1.35043;0.7942;0
0;1.61502;0.834107;0
0;1.23721;0.775078;0
0;1.42648;0.806352;0
0;1.4464;0.809444;0
0;1.59862;0.831825;0
0;1.49438;0.816735;0
0;1.69752;0.84521;0
0;1.43963;0.808397;0
0;1.5625;0.826712;0
0;1.64034;0.837581;0
0;1.47227;0.813402;0
0;1.55371;0.825449;0
0;1.60147;0.832224;0
0;1.40011;0.802202;0
0;1.88052;0.867671;0
0;1.79218;0.857195;0
0;1.57783;0.828897;0
0;1.71376;0.847323;0
0;1.55385;0.82547;0
0;1.70876;0.846675;0
0;1.55289;0.82533;0
0;1.4257;0.80623;0
0;1.71604;0.847618;0
0;1.85392;0.864587;0
0;1.8097;0.859326;0
0;1.60472;0.832677;0
0;1.8079;0.859108;0
0;1.63077;0.836276;0
0;1.60514;0.832735;0
0;1.81347;0.859781;0
0;1.56418;0.826953;0
0;1.59083;0.830733;0
0;1.44005;0.808463;0
0;1.51524;0.819837;0
0;1.73448;0.849985;0
0;1.67833;0.842683;0
0;1.72757;0.849102;0
0;1.3507;0.794244;0
0;1.33147;0.791084;0
0;1.91554;0.871641;0
0;1.54251;0.82383;0
0;1.81402;0.859847;0
0;1.54058;0.823549;0
0;1.70887;0.84669;0
0;1.57618;0.828662;0
0;1.77072;0.854547;0
0;1.6432;0.837969;0
0;1.67838;0.84269;0
0;1.66988;0.84156;0
0;1.50462;0.818262;0
0;1.6527;0.839255;0
0;1.40452;0.8029;0
0;1.6982;0.845299;0
0;1.26898;0.780568;0
0;1.54673;0.824441;0
0;1.22343;0.772666;0
0;1.56543;0.827131;0
0;1.61882;0.834632;0
0;1.66782;0.841284;0
0;1.34552;0.793396;0
0;1.66856;0.841384;0
0;1.46049;0.811607;0
0;1.33954;0.792414;0
0;1.61352;0.8339;0
0;1.66923;0.841473;0
0;1.46626;0.812488;0
0;1.73319;0.84982;0
0;1.74202;0.850944;0
0;1.25362;0.777926;0
0;1.63738;0.837177;0
0;1.36812;0.797076;0
0;1.54508;0.824203;0
0;1.49123;0.816263;0
0;1.60063;0.832106;0
0;1.63529;0.836893;0
0;1.71112;0.846982;0
0;1.4711;0.813225;0
0;1.77359;0.854904;0
0;1.46277;0.811956;0
0;1.62517;0.835507;0
0;1.62167;0.835025;0
0;1.63703;0.837131;0
0;1.28432;0.783183;0
0;1.50843;0.818828;0
0;1.74396;0.851189;0
0;1.44351;0.808997;0
0;1.82406;0.861052;0
0;1.57631;0.828682;0
0;1.73129;0.849577;0
0;1.62155;0.835009;0
0;1.6518;0.839134;0
0;1.57579;0.828608;0
0;1.49457;0.816763;0
0;1.50254;0.817953;0
0;1.49135;0.816281;0
0;1.60197;0.832293;0
0;1.79675;0.857752;0
0;1.55411;0.825507;0
0;1.56211;0.826657;0
0;1.51544;0.819867;0
0;1.55378;0.825459;0
0;1.29555;0.785085;0
0;1.77411;0.854968;0
0;1.78615;0.856455;0
0;1.7154;0.847536;0
0;1.62882;0.836008;0
0;1.57149;0.827996;0
0;1.74385;0.851176;0
0;1.59308;0.831049;0
0;1.60775;0.833099;0
0;1.73578;0.85015;0
0;1.48539;0.815385;0
0;1.65839;0.840021;0
0;1.73517;0.850073;0
0;1.80827;0.859152;0
0;1.76354;0.853652;0
0;1.71907;0.848009;0
0;1.68923;0.844122;0
0;1.71948;0.848062;0
0;1.49012;0.816097;0
0;1.5451;0.824205;0
0;1.38688;0.800093;0
0;1.46068;0.811637;0
0;1.44039;0.808515;0
0;1.32034;0.789238;0
0;1.76801;0.85421;0
0;1.58218;0.829512;0
0;1.73166;0.849625;0
0;1.68995;0.844218;0
0;1.78477;0.856285;0
0;1.96289;0.876845;0
0;1.99613;0.88039;0
0;1.7161;0.847626;0
0;1.93421;0.873714;0
0;1.57916;0.829086;0
0;1.89877;0.869752;0
0;1.76369;0.853672;0
0;1.81142;0.859533;0
0;1.71368;0.847312;0
0;1.79676;0.857755;0
0;1.87657;0.867217;0
0;1.91317;0.871375;0
0;1.7223;0.848425;0
0;1.82302;0.860928;0
0;1.54977;0.824881;0
0;1.53798;0.82317;0
0;1.84952;0.864071;0
0;1.97471;0.878116;0
0;1.83773;0.86268;0
0;1.85001;0.864129;0
0;1.96087;0.876627;0
0;1.66047;0.840301;0
0;1.97327;0.877962;0
0;1.85672;0.864914;0
0;1.5214;0.820744;0
0;1.67057;0.841652;0
0;1.67564;0.842326;0
0;1.68678;0.8438;0
0;1.83129;0.861915;0
0;1.65041;0.838946;0
0;1.60273;0.832399;0
0;2.02856;0.883764;0
0;1.80242;0.858443;0
0;1.76631;0.853998;0
0;2.07557;0.888506;0
0;1.85232;0.864399;0
0;2.2154;0.901624;0
0;1.61112;0.833567;0
0;1.65115;0.839046;0
0;1.67012;0.841591;0
0;1.76855;0.854277;0
0;1.54415;0.824067;0
0;1.96642;0.877227;0
0;1.70351;0.845993;0
0;1.75083;0.852057;0
0;1.70955;0.846778;0
0;1.67225;0.841876;0
0;1.72871;0.849248;0
0;1.61978;0.834765;0
0;1.84839;0.863938;0
0;1.60209;0.83231;0
0;1.86766;0.866187;0
0;1.77829;0.855486;0
0;1.73644;0.850235;0
0;1.73843;0.850488;0
0;1.81601;0.860086;0
0;1.76144;0.85339;0
0;1.93289;0.873568;0
0;1.77718;0.855349;0
0;1.6855;0.843632;0
0;1.60441;0.832634;0
0;1.74743;0.851629;0
0;1.68555;0.843638;0
0;1;0.731059;0
0;1;0.731059;0
0;1;0.731059;0
0;1;0.731059;0
0;1;0.731059;0
0;1;0.731059;0
0;1;0.731059;0
0;1;0.731059;0
0;1.68068;0.842994;0
0;1.57047;0.82785;0
0;1.55186;0.825182;0
0;1.44141;0.808672;0
0;1.63066;0.83626;0
0;1.56043;0.826415;0
0;1.78173;0.85591;0
0;1.55212;0.82522;0
0;1.66811;0.841324;0
0;1.52783;0.821688;0
0;1.49835;0.817328;0
0;1.53324;0.822479;0
0;1.62857;0.835974;0
0;1.49598;0.816974;0
0;1.49753;0.817206;0
0;1.63274;0.836545;0
0;1.48004;0.814579;0
0;1.45889;0.811364;0
0;1.44338;0.808977;0
0;1.53736;0.823081;0
0;1.43703;0.807995;0
0;1.53734;0.823078;0
0;1.39328;0.801115;0
0;1.40702;0.803296;0
0;1.67255;0.841915;0
0;1.55314;0.825366;0
0;1.73893;0.850552;0
0;1.44678;0.809502;0
0;1.43017;0.806927;0
0;1.51759;0.820183;0
0;1.52624;0.821455;0
0;1.54936;0.824821;0
0;1.59232;0.830942;0
0;1.53709;0.823042;0
0;1.42338;0.805867;0
0;1.43535;0.807733;0
0;1.59356;0.831117;0
0;1.6332;0.836608;0
0;1.25469;0.778111;0
0;1.29938;0.78573;0
0;1.46855;0.812837;0
0;1.30569;0.78679;0
0;1.5199;0.820523;0
0;1.2823;0.782842;0
0;1.48031;0.814619;0
0;1.53531;0.822782;0
0;1.45964;0.811478;0
0;1.40335;0.802715;0
0;1.5649;0.827055;0
0;1.38315;0.799496;0
0;1.46618;0.812476;0
0;1.53859;0.82326;0
0;1.34567;0.793421;0
0;1.54559;0.824275;0
0;1.46492;0.812284;0
0;1.39132;0.800803;0
0;1.37372;0.797981;0
0;1.50158;0.81781;0
0;1.30373;0.786461;0
0;1.63823;0.837293;0
0;1.36847;0.797133;0
0;1.33855;0.792252;0
0;1.31473;0.788304;0
0;1.42008;0.805351;0
0;1.41625;0.804749;0
0;1.57116;0.827949;0
0;1.50354;0.818101;0
0;1.19436;0.76752;0
0;1.47253;0.813442;0
0;1.43058;0.806991;0
0;1.27236;0.781146;0
0;1.4169;0.804851;0
0;1.35184;0.79443;0
0;1.30238;0.786235;0
0;1.58056;0.829283;0
0;1.56529;0.827111;0
0;1.57663;0.828727;0
0;1.37013;0.7974;0
0;1.45502;0.810769;0
0;1.54892;0.824757;0
0;1.42858;0.806679;0
0;1.53911;0.823335;0
0;1.55141;0.825118;0
0;1.46184;0.811813;0
0;1.41714;0.804889;0
0;1.58334;0.829677;0
0;1.48729;0.815671;0
0;1.31186;0.787824;0
0;1.54556;0.824272;0
0;1.05287;0.741327;0
0;1.47057;0.813144;0
0;1.47585;0.813945;0
0;1.27738;0.782004;0
0;1.40089;0.802325;0
0;1.53969;0.823419;0
0;1.49975;0.817536;0
0;1.52115;0.820708;0
0;1.28032;0.782504;0
0;1.33436;0.791561;0
0;1.42928;0.80679;0
0;1.40143;0.80241;0
0;1.35;0.79413;0
0;1.54582;0.82431;0
0;1.34335;0.793041;0
0;1.31883;0.788986;0
0;1.35313;0.794641;0
0;1.5109;0.819194;0
0;1.53486;0.822717;0
0;1.46999;0.813056;0
0;1.43117;0.807083;0
0;1.67422;0.842138;0
0;1.35376;0.794744;0
0;1.53354;0.822524;0
0;1.36317;0.796275;0
0;1.34141;0.792721;0
0;1.50096;0.817718;0
0;1.37397;0.79802;0
0;1.45214;0.810327;0
0;1.95076;0.875529;0
0;1.33035;0.790899;0
0;1.34269;0.792933;0
0;1.18504;0.765852;0
0;1.38816;0.800298;0
0;1.35301;0.794621;0
0;1.54943;0.824832;0
0;1.4995;0.817499;0
0;1.42217;0.805679;0
0;1.34684;0.793613;0
0;1.31023;0.787551;0
0;1.44549;0.809303;0
0;1.13714;0.757153;0
0;1.30375;0.786465;0
0;1.79443;0.857469;0
0;1.24759;0.776883;0
0;1.20264;0.768994;0
0;1.49874;0.817387;0
0;1.52282;0.820953;0
0;1.34338;0.793046;0
0;1.68629;0.843735;0
0;1.96169;0.876716;0
0;1.62861;0.83598;0
0;1.56005;0.826361;0
0;1.37049;0.797459;0
0;1.54415;0.824067;0
0;1.19196;0.767091;0
0;1.60352;0.83251;0
0;1.77696;0.855322;0
0;1.70654;0.846387;0
0;1.75221;0.852232;0
0;1.7252;0.848798;0
0;1.82884;0.861624;0
0;1.8328;0.862094;0
0;1.67886;0.842753;0
0;1.61669;0.834338;0
0;1.79179;0.857147;0
0;1.68603;0.843702;0
0;1.68456;0.843507;0
0;1.66528;0.840946;0
0;1.72519;0.848796;0
0;1.4851;0.815342;0
0;1.81817;0.860347;0
0;1.5523;0.825246;0
0;1.69843;0.845329;0
0;1.62621;0.83565;0
0;1.73815;0.850452;0
0;1.76325;0.853616;0
0;1.62205;0.835078;0
0;1.5383;0.823218;0
0;1.55571;0.825737;0
0;1.8043;0.858671;0
0;1.87879;0.867472;0
0;1.59797;0.831734;0
0;1.72437;0.848691;0
0;1.77405;0.854961;0
0;1.50358;0.818107;0
0;1.80911;0.859254;0
0;1.24428;0.776308;0
0;1.61818;0.834544;0
0;1.68102;0.84304;0
0;1.70668;0.846405;0
0;1.69945;0.845463;0
0;1.47077;0.813174;0
0;1.58681;0.830166;0
0;1.76863;0.854288;0
0;1.50076;0.817687;0
0;1.63151;0.836377;0
0;1.4269;0.806417;0
0;1.63169;0.836401;0
0;1.41267;0.804187;0
0;1.81073;0.859451;0
0;1.76214;0.853478;0
0;1.33508;0.79168;0
0;1.0234;0.735635;0
0;1.7153;0.847523;0
0;1.47858;0.814358;0
0;1.60693;0.832985;0
0;1.42311;0.805825;0
0;1.88804;0.868532;0
0;1.54043;0.823527;0
0;1.34839;0.793867;0
0;1.80585;0.85886;0
0;1.5936;0.831122;0
0;1.42007;0.805349;0
0;1.31067;0.787625;0
0;1.35274;0.794578;0
0;1.54951;0.824844;0
0;1.60978;0.833381;0
0;0.582541;0.641652;0
0;0.59476;0.644457;0
0;0.63912;0.654554;0
0;0.787647;0.687326;0
0;0.566307;0.63791;0
0;0.502031;0.622936;0
0;0.804786;0.690997;0
0;1.39969;0.802135;0
0;1.63751;0.837196;0
0;1.6497;0.83885;0
0;1.61221;0.833718;0
0;1.53846;0.823241;0
0;1;0.731059;0
0;1;0.731059;0
0;1.58816;0.830357;0
0;1.51198;0.819354;0
0;1.64659;0.838429;0
0;1.46633;0.812499;0
0;1.67673;0.842471;0
0;1.67008;0.841586;0
0;1.60609;0.832868;0
0;1.56276;0.826749;0
0;1.4498;0.809968;0
0;1.45476;0.810729;0
0;1.36348;0.796324;0
0;1.47894;0.814412;0
0;1.52079;0.820655;0
0;1.16659;0.762528;0
0;1.36694;0.796885;0
0;1.39998;0.80218;0
0;1.51097;0.819205;0
0;1.3884;0.800337;0
0;1.25821;0.778717;0
0;0.576978;0.640372;0
0;1.62877;0.836001;0
0;1.33465;0.791608;0
0;0.421456;0.603832;0
0;1.39778;0.801832;0
0;1.5018;0.817842;0
0;1.81415;0.859863;0
0;1.30029;0.785884;0
0;1.12132;0.754234;0
0;1.61199;0.833687;0
0;1.53818;0.823199;0
0;1.61227;0.833726;0
0;1.48997;0.816074;0
0;0.917493;0.714531;0
0;1.50256;0.817956;0
0;1.44466;0.809176;0
0;1.34169;0.792768;0
0;1.40534;0.803029;0
0;1.51361;0.819595;0
0;1.40662;0.803232;0
0;1.34576;0.793435;0
0;1.22367;0.772708;0
0;1.35769;0.795384;0
0;1.29334;0.784713;0
0;1.54217;0.823781;0
0;1.40985;0.803743;0
0;1.39394;0.801221;0
0;1.54306;0.823909;0
0;1.36314;0.796269;0
0;1.673;0.841976;0
0;1.53045;0.822072;0
0;1.17902;0.764771;0
0;1.46857;0.812841;0
0;1.4053;0.803023;0
0;1.48033;0.814623;0
0;1.03563;0.738007;0
0;1.05078;0.740924;0
0;1.31578;0.788478;0
0;1.2009;0.768685;0
0;1.35485;0.794921;0
0;1.39504;0.801395;0
0;1.31107;0.787692;0
0;1.31564;0.788456;0
0;1.40588;0.803116;0
0;1.57403;0.828357;0
0;1.43431;0.807572;0
0;1.45121;0.810185;0
0;1.30236;0.786232;0
0;1.31217;0.787877;0
0;1.56596;0.827207;0
0;1.21672;0.771486;0
0;1.50486;0.818299;0
0;1.22181;0.772382;0
0;1.5143;0.819698;0
0;1.49605;0.816984;0
0;1.25003;0.777305;0
0;1.27946;0.782357;0
0;1.41948;0.805257;0
0;1.28809;0.783824;0
0;1.436;0.807835;0
0;1.45255;0.810391;0
0;1.69717;0.845165;0
0;1.40521;0.803009;0
0;1.63167;0.836399;0
0;1.42785;0.806567;0
0;1.53449;0.822662;0
0;1.5588;0.826181;0
0;1.49195;0.816371;0
0;1.32513;0.790035;0
0;1.43131;0.807105;0
0;1.40907;0.803619;0
0;1.44768;0.809641;0
0;1.44838;0.809749;0
0;1.42902;0.806749;0
0;0.943815;0.71987;0
0;1.46294;0.811982;0
0;1.26639;0.780123;0
0;1.40208;0.802514;0
0;1.42911;0.806763;0
0;1.3628;0.796214;0
0;1.39667;0.801655;0
0;1.3852;0.799825;0
0;1.59518;0.831343;0
0;1.51145;0.819276;0
0;1.35708;0.795284;0
0;1.49821;0.817307;0
0;1.27916;0.782307;0
0;1.34877;0.793928;0
0;1.46503;0.812301;0
0;1.5308;0.822123;0
0;1.35422;0.794818;0
0;1.47303;0.813518;0
0;1.26719;0.780262;0
0;1.5289;0.821845;0
0;1.92622;0.87283;0
0;1.49754;0.817208;0
0;1.65534;0.839611;0
0;1.61514;0.834124;0
0;1.67557;0.842317;0
0;1.56896;0.827635;0
0;1.63918;0.837424;0
0;1.54473;0.824151;0
0;1.57961;0.829149;0
0;1.47271;0.813469;0
0;1.46417;0.812169;0
0;1.29082;0.784285;0
0;1.50026;0.817614;0
0;1.91725;0.871832;0
0;1.6575;0.839902;0
0;1.49052;0.816156;0
0;1.7138;0.847328;0
0;1.62436;0.835395;0
0;1.6147;0.834062;0
0;1.79046;0.856984;0
0;1.74369;0.851155;0
0;1.54268;0.823855;0
0;1.73263;0.849749;0
0;1.72976;0.849382;0
0;1.47332;0.813562;0
0;1.42104;0.805502;0
0;1.52804;0.82172;0
0;1.41303;0.804243;0
0;1.25254;0.777739;0
0;1.50464;0.818266;0
0;1.4925;0.816453;0
0;1.49988;0.817556;0
0;1.40955;0.803696;0
0;1.45999;0.811531;0
0;1.39374;0.801189;0
0;1.45001;0.81;0
0;1.41644;0.80478;0
0;1.46274;0.811952;0
0;1.69164;0.844439;0
0;1.53147;0.822221;0
0;1.05764;0.742239;0
0;1.53725;0.823064;0
0;1.49137;0.816284;0
0;1.34948;0.794045;0
0;1.48559;0.815415;0
0;1.36238;0.796147;0
0;1.58339;0.829684;0
0;1.41818;0.805053;0
0;1.62151;0.835004;0
0;1.47513;0.813836;0
0;1.51307;0.819516;0
0;1.46316;0.812016;0
0;1.50823;0.818799;0
0;1.25348;0.777901;0
0;1.61448;0.834032;0
0;1.28757;0.783736;0
0;1.38328;0.799518;0
0;1.39354;0.801156;0
0;1.39272;0.801026;0
0;1.21578;0.771321;0
0;1.00609;0.732253;0
0;1.38573;0.799909;0
0;1.49353;0.816608;0
0;1.27283;0.781226;0
0;1.72682;0.849005;0
0;1.35686;0.795249;0
0;1.62759;0.835839;0
0;1.49935;0.817477;0
0;1.6344;0.836771;0
0;1.49605;0.816985;0
0;1.60684;0.832973;0
0;1.53184;0.822275;0
0;1.60148;0.832226;0
0;1.63994;0.837526;0
0;1.67607;0.842384;0
0;1.61729;0.834421;0
0;1.68025;0.842938;0
0;1.60986;0.833393;0
0;1.62257;0.835149;0
0;1.6088;0.833244;0
0;1.69003;0.844229;0
0;1.80534;0.858798;0
0;1.65934;0.840149;0
0;1.67452;0.842177;0
0;1.61398;0.833964;0
0;1.79031;0.856965;0
0;1.58719;0.83022;0
0;1.6751;0.842255;0
0;1.60497;0.832711;0
0;1.70985;0.846816;0
0;1.55412;0.825508;0
0;1.37693;0.798497;0
0;1.58141;0.829404;0
0;1.66462;0.840858;0
0;1.55377;0.825458;0
0;1.63378;0.836687;0
0;1.78885;0.856786;0
0;1.66297;0.840636;0
0;1.91816;0.871933;0
0;1.60531;0.832759;0
0;1.23185;0.774143;0
0;1.74528;0.851357;0
0;1.58043;0.829265;0
0;1.71;0.846836;0
0;1.48917;0.815954;0
0;1.68198;0.843167;0
0;1.68745;0.843888;0
0;1.57697;0.828774;0
0;1.56539;0.827126;0
0;1.65732;0.839878;0
0;1.49216;0.816403;0
0;1.66299;0.840639;0
0;1.77129;0.854618;0
0;1.75352;0.852397;0
0;1.66686;0.841157;0
0;1.77932;0.855613;0
0;1.54263;0.823847;0
0;1.65183;0.839139;0
0;1.51543;0.819865;0
0;1.67909;0.842784;0
0;1.87807;0.86739;0
0;1.63194;0.836436;0
0;1.68152;0.843105;0
0;1.91214;0.87126;0
0;1.78393;0.856181;0
0;1.64869;0.838714;0
0;1.81978;0.86054;0
0;1.74097;0.85081;0
0;1.634;0.836716;0
0;1.76996;0.854453;0
0;1.78183;0.855923;0
0;1.68876;0.844062;0
0;1.11718;0.753464;0
0;0.99198;0.729479;0
0;0.833029;0.696995;0
0;0.89046;0.708985;0
0;0.84143;0.698766;0
0;0.864222;0.703542;0
0;0.872473;0.70526;0
0;1.11463;0.752991;0
0;0.983424;0.727787;0
0;0.78982;0.687793;0
0;0.805338;0.691115;0
0;1.01255;0.73352;0
0;0.884479;0.707749;0
0;0.981628;0.727431;0
0;1.1277;0.755414;0
0;0.988664;0.728824;0
0;1.09604;0.749517;0
0;1.03516;0.737915;0
0;0.910875;0.713179;0
0;1.00886;0.732797;0
0;1.0696;0.744522;0
0;0.994557;0.729987;0
0;1.11888;0.753781;0
0;1.16991;0.763128;0
0;0.942295;0.719563;0
0;0.989749;0.729038;0
0;1.18883;0.766531;0
0;0.718442;0.672264;0
0;1.11931;0.753861;0
0;0.987052;0.728505;0
0;0.634952;0.653611;0
0;1.05418;0.741577;0
0;0.820831;0.694413;0
0;0.985456;0.72819;0
0;0.906327;0.712248;0
0;0.708379;0.670043;0
0;1.33203;0.791176;0
0;1.07324;0.745213;0
0;1.2056;0.76952;0
0;0.90805;0.712601;0
0;1.04259;0.739349;0
0;0.96666;0.724453;0
0;0.76955;0.683423;0
0;1.05925;0.742547;0
0;1.04366;0.739555;0
0;1.01738;0.734461;0
0;0.85364;0.70133;0
0;0.928869;0.716846;0
0;1.11814;0.753644;0
0;1.02182;0.735327;0
0;0.726375;0.674009;0
0;0.965677;0.724257;0
0;1.03614;0.738104;0
0;0.756964;0.680694;0
0;0.871938;0.705149;0
0;1.03109;0.737127;0
0;0.831305;0.696631;0
0;0.854804;0.701574;0
0;1.00166;0.731384;0
0;0.907217;0.71243;0
0;0.892732;0.709454;0
0;0.941881;0.71948;0
0;0.850186;0.700606;0
0;1.01334;0.733674;0
0;0.687177;0.665339;0
0;0.776376;0.684899;0
0;1.08131;0.746741;0
0;0.98355;0.727812;0
0;1.02948;0.736816;0
0;1.28396;0.783123;0
0;1.21759;0.771639;0
0;1.11517;0.753091;0
0;1.18439;0.765736;0
0;1.20776;0.769902;0
0;1.25361;0.777923;0
0;1.1392;0.757533;0
0;1.27475;0.781554;0
0;1.18085;0.7651;0
0;1.18072;0.765077;0
0;1.13887;0.757472;0
0;1.19151;0.767012;0
0;1.26833;0.780457;0
0;1.20705;0.769776;0
0;1.14189;0.758026;0
0;1.14887;0.759304;0
0;1.31287;0.787992;0
0;1.1955;0.767723;0
0;1.27251;0.781171;0
0;1.13078;0.755983;0
0;1.22997;0.773813;0
0;1.17597;0.764223;0
0;1.10868;0.751883;0
0;1.17299;0.763686;0
0;1.18204;0.765315;0
0;0.74033;0.677068;0
0;1.12286;0.75452;0
0;0.940485;0.719198;0
0;1.11004;0.752136;0
0;1.24296;0.776078;0
0;1.04536;0.739882;0
0;1.20872;0.770072;0
0;1.46875;0.812867;0
0;1.14634;0.758841;0
0;1.28399;0.783128;0
0;1.25733;0.778566;0
0;1.28153;0.782711;0
0;1.25704;0.778516;0
0;1.14463;0.758529;0
0;1.18345;0.765568;0
0;1.37496;0.79818;0
0;1.40083;0.802316;0
0;1.18457;0.765769;0
0;1.07401;0.745358;0
0;1.18445;0.765746;0
0;1.19369;0.7674;0
0;1.12814;0.755496;0
0;1.10102;0.750452;0
0;1.14142;0.75794;0
0;1.21932;0.771944;0
0;1.02094;0.735156;0
0;1.08258;0.746982;0
0;1.10926;0.75199;0
0;1.25165;0.777585;0
0;1.25389;0.777972;0
0;1.01734;0.734455;0
0;1.1345;0.756669;0
0;1.21663;0.771471;0
0;1.14178;0.758006;0
0;1.24136;0.775801;0
0;1.28647;0.78355;0
0;1.24994;0.77729;0
0;1.24189;0.775892;0
0;1.19093;0.766907;0
0;1.11037;0.752198;0
0;1.27264;0.781194;0
0;1.36411;0.796427;0
0;1.55956;0.82629;0
0;1.66171;0.840468;0
0;1.65572;0.839663;0
0;1.51789;0.820228;0
0;1.5344;0.822649;0
0;1.73948;0.850621;0
0;1.57698;0.828776;0
0;1.81175;0.859574;0
0;1.65359;0.839376;0
0;1.88521;0.868208;0
0;1.91275;0.871327;0
0;1.48633;0.815527;0
0;1.82761;0.861477;0
0;1.29988;0.785814;0
0;1.80806;0.859127;0
0;1.43681;0.807961;0
0;1.66639;0.841094;0
0;1.84966;0.864088;0
0;1.37476;0.798148;0
0;1.72188;0.848371;0
0;1.60195;0.83229;0
0;1.67009;0.841588;0
0;1.52309;0.820993;0
0;1.87031;0.866494;0
0;1.63817;0.837286;0
0;1.59378;0.831147;0
0;1.72395;0.848637;0
0;1.59601;0.83146;0
0;1.56469;0.827025;0
0;1.6472;0.838512;0
0;1.67346;0.842037;0
0;1.74252;0.851007;0
0;1.44248;0.808838;0
0;1.55466;0.825586;0
0;1.72654;0.848969;0
0;1.6831;0.843314;0
0;1.49155;0.816311;0
0;1.72656;0.848972;0
0;1.77773;0.855417;0
0;1.80749;0.859058;0
0;1.63076;0.836274;0
0;1.59521;0.831348;0
0;1.88473;0.868153;0
0;1.4588;0.81135;0
0;1.85117;0.864264;0
0;1.5636;0.82687;0
0;1.68998;0.844221;0
0;1.70077;0.845635;0
0;1.66786;0.84129;0
0;1.71565;0.847568;0
0;1.72012;0.848144;0
0;1.53262;0.82239;0
0;1.4658;0.812419;0
0;1.48625;0.815514;0
0;1.71627;0.847648;0
0;1.59472;0.831279;0
0;1.62148;0.834999;0
0;1.6572;0.839862;0
0;1.72925;0.849317;0
0;1.55879;0.82618;0
0;1.7387;0.850522;0
0;1.42741;0.806497;0
0;1.83452;0.8623;0
0;1.56536;0.827121;0
0;1.39265;0.801015;0
0;1.52506;0.821283;0
0;1.32211;0.789533;0
0;1.59949;0.831948;0
0;1.57233;0.828115;0
0;1.67231;0.841884;0
0;1.64919;0.838781;0
0;1.48013;0.814592;0
0;1.76889;0.85432;0
0;1.84388;0.863407;0
0;1.7411;0.850826;0
0;1.58836;0.830386;0
0;1.57763;0.828868;0
0;1.55542;0.825695;0
0;1.73231;0.849708;0
0;1.6919;0.844473;0
0;1.49353;0.816608;0
0;1.53703;0.823032;0
0;1.38453;0.799717;0
0;1.64714;0.838504;0
0;1.36984;0.797354;0
0;1.73524;0.850082;0
0;1.87813;0.867396;0
0;1.60375;0.832542;0
0;1.95813;0.87633;0
0;1;0.731059;0
0;1.75213;0.852222;0
0;1.32989;0.790823;0
0;1.55447;0.825558;0
0;1.8282;0.861547;0
0;1.70472;0.84615;0
0;1.61604;0.834248;0
0;1.5495;0.824841;0
0;1.68664;0.843782;0
0;1.3796;0.798927;0
0;1.4557;0.810874;0
0;1.67025;0.841609;0
0;1.24045;0.775643;0
0;1.85118;0.864266;0
0;1.43487;0.807659;0
0;1.52661;0.82151;0
0;1.26215;0.779397;0
0;1.39825;0.801906;0
0;1.38776;0.800234;0
0;1.90797;0.870791;0
0;1.7938;0.857392;0
0;1.59564;0.831408;0
0;1.879;0.867496;0
0;1.72514;0.848789;0
0;1.71827;0.847906;0
0;1.67464;0.842193;0
0;1.53295;0.822438;0
0;1.59834;0.831786;0
0;1.79317;0.857315;0
0;1.62409;0.835359;0
0;1.06659;0.743947;0
0;1.80231;0.85843;0
0;1.81661;0.860159;0
0;1.40431;0.802868;0
0;1.47757;0.814206;0
0;1.62939;0.836087;0
0;1.56034;0.826403;0
0;1.28716;0.783666;0
0;1.89562;0.869395;0
0;1.46784;0.812729;0
0;1.70265;0.845881;0
0;1.5038;0.81814;0
0;1.85386;0.86458;0
0;1.72527;0.848807;0
0;1.67369;0.842068;0
0;1.59443;0.831238;0
0;1.75665;0.85279;0
0;1.72107;0.848267;0
0;1.80124;0.8583;0
0;1.42289;0.805791;0
0;1.94071;0.87443;0
0;1.67545;0.842301;0
0;1.33988;0.792471;0
0;1.7788;0.855549;0
0;1.92202;0.872364;0
0;1.68632;0.843739;0
0;1.82074;0.860655;0
0;1.5603;0.826396;0
0;1.82545;0.861219;0
0;1.61162;0.833636;0
0;1.68343;0.843359;0
0;1.77423;0.854983;0
0;1.79614;0.857679;0
0;1.68211;0.843183;0
0;2.06362;0.887317;0
0;1.35123;0.794331;0
0;1.69213;0.844503;0
0;1.74671;0.851537;0
0;1.93714;0.874038;0
0;1.63987;0.837517;0
0;1.69862;0.845354;0
0;1.83167;0.86196;0
0;1.62819;0.835922;0
0;1.76498;0.853833;0
0;1.70256;0.845869;0
0;1.90838;0.870837;0
0;1.98417;0.879125;0
0;1.95634;0.876136;0
0;1.5687;0.827598;0
0;1.65444;0.83949;0
0;1.5816;0.829431;0
0;1.42668;0.806384;0
0;1.58692;0.830183;0
0;1.59646;0.831523;0
0;1.7905;0.856988;0
0;1.7648;0.85381;0
0;1.66332;0.840683;0
0;1.603;0.832437;0
0;1.78891;0.856793;0
0;1.85618;0.864851;0
0;1.78744;0.856613;0
0;1.45861;0.81132;0
0;1.85654;0.864894;0
0;1.80317;0.858535;0
0;2.09996;0.8909;0
0;1.54977;0.824881;0
0;1.71683;0.84772;0
0;1.79942;0.858078;0
0;1.45492;0.810754;0
0;1.71313;0.847242;0
0;1.5796;0.829148;0
0;1.45619;0.810949;0
0;2.01437;0.882297;0
0;1.67303;0.841979;0
0;1.6355;0.836922;0
0;1.5641;0.826941;0
0;1.73579;0.850151;0
0;1.90195;0.870112;0
0;1.65024;0.838923;0
0;1.90272;0.870199;0
0;1.68655;0.84377;0
0;1.89504;0.869329;0
0;1.94971;0.875415;0
0;1.29435;0.784883;0
0;1.40916;0.803633;0
0;1.26962;0.780678;0
0;1.481;0.814723;0
0;1.0162;0.734231;0
0;1.33674;0.791953;0
0;1.36801;0.797058;0
0;1.29323;0.784693;0
0;1.36545;0.796645;0
0;0.972947;0.725707;0
0;1.25216;0.777674;0
0;1.29572;0.785114;0
0;1.28024;0.782491;0
0;1.34369;0.793096;0
0;1.41021;0.8038;0
0;1.58492;0.8299;0
0;1.31739;0.788746;0
0;1.36079;0.795888;0
0;1.46618;0.812476;0
0;1.36533;0.796625;0
0;1.29305;0.784663;0
0;1.34806;0.793813;0
0;1.17101;0.763328;0
0;1.27671;0.781889;0
0;1.27013;0.780765;0
0;1.31354;0.788104;0
0;1.41353;0.804321;0
0;1.39398;0.801227;0
0;1.19108;0.766935;0
0;1.43486;0.807658;0
0;1.46149;0.811761;0
0;1.26177;0.77933;0
0;1.35223;0.794494;0
0;1.318;0.78885;0
0;1.32251;0.7896;0
0;1.07004;0.744605;0
0;1.22119;0.772273;0
0;1.49049;0.816152;0
0;1.44371;0.809029;0
0;1.57165;0.828019;0
0;1.52169;0.820788;0
0;1.44899;0.809843;0
0;1.43144;0.807125;0
0;1.17277;0.763645;0
0;1.24959;0.777228;0
0;1.63502;0.836856;0
0;1.38613;0.799973;0
0;1.46781;0.812725;0
0;1.15999;0.761331;0
0;1.25695;0.7785;0
0;1.21995;0.772054;0
0;1.59218;0.830922;0
0;1.3702;0.797413;0
0;1.31948;0.789096;0
0;1.62446;0.835409;0
0;1.44945;0.809913;0
0;1.40772;0.803407;0
0;1.39727;0.801751;0
0;1.31035;0.787572;0
0;1.24581;0.776573;0
0;1.44266;0.808867;0
0;1.24828;0.777001;0
0;1.46263;0.811934;0
0;1.55179;0.825172;0
0;1.41922;0.805216;0
0;1.28392;0.783116;0
0;1.51492;0.819789;0
0;1.44621;0.809415;0
0;0.711162;0.670658;0
0;1.35898;0.795593;0
0;1.51227;0.819398;0
0;1.61996;0.83479;0
0;1.42829;0.806635;0
0;1.49037;0.816134;0
0;1.48043;0.814638;0
0;1.14197;0.758041;0
0;1.16517;0.762271;0
0;1.01598;0.734188;0
0;1.237;0.775041;0
0;1.0213;0.735225;0
0;1.31052;0.7876;0
0;1.08167;0.746809;0
0;1.23306;0.774353;0
0;1.26672;0.780181;0
0;1.24295;0.776077;0
0;1.15573;0.760555;0
0;1.45088;0.810133;0
0;1.1092;0.75198;0
0;1.03562;0.738004;0
0;1.25445;0.77807;0
0;1.21239;0.770722;0
0;1.31029;0.787562;0
0;1.27022;0.78078;0
0;1.41066;0.803869;0
0;1.45141;0.810216;0
0;0.888955;0.708675;0
0;1.32469;0.78996;0
0;1.25273;0.777772;0
0;1.41411;0.804414;0
0;1.49433;0.816727;0
0;1.18521;0.765883;0
0;0.899501;0.710847;0
0;1.29513;0.785014;0
0;0.791579;0.68817;0
0;1.45377;0.810578;0
0;1.20955;0.770219;0
0;1.27374;0.781382;0
0;0.87478;0.705739;0
0;1.06692;0.74401;0
0;1.33956;0.792418;0
0;0.671545;0.661849;0
0;1.22363;0.772702;0
0;1.25999;0.779025;0
0;1.21302;0.770833;0
0;1.27405;0.781434;0
0;1.29614;0.785185;0
0;1.01495;0.733988;0
0;1.06637;0.743906;0
0;1.4455;0.809305;0
0;0.90368;0.711705;0
0;0.984134;0.727928;0
0;1.01619;0.73423;0
0;1.00844;0.732715;0
0;1.27586;0.781744;0
0;1.18989;0.766722;0
0;1.16897;0.762959;0
0;1.01753;0.734491;0
0;1.49627;0.817018;0
0;1.16643;0.762498;0
0;0.883218;0.707489;0
0;1.28459;0.783231;0
0;1.45722;0.811107;0
0;1.40647;0.803209;0
0;1.19096;0.766914;0
0;1.27428;0.781475;0
0;1.34004;0.792496;0
0;1.29856;0.785593;0
0;1.00798;0.732624;0
0;1.1082;0.751794;0
0;1.1955;0.767724;0
0;1.02424;0.735797;0
0;1.14554;0.758695;0
0;1.13641;0.75702;0
0;1.23277;0.774303;0
0;1.22906;0.773655;0
0;1.06727;0.744077;0
0;1.15473;0.760374;0
0;1.28705;0.783647;0
0;1.10408;0.751023;0
0;1.13038;0.755908;0
0;1.17463;0.763981;0
0;1.21012;0.77032;0
0;1.00359;0.731763;0
0;1.25356;0.777916;0
0;1.1303;0.755895;0
0;0.840673;0.698607;0
0;1.35884;0.795571;0
0;1.05863;0.742429;0
0;1.0661;0.743854;0
0;1.2182;0.771746;0
0;0.973007;0.725719;0
0;1.0443;0.739679;0
0;0.980721;0.727251;0
0;1.25927;0.778901;0
0;0.689778;0.665918;0
0;0.780112;0.685704;0
0;1.36717;0.796923;0
0;1.09836;0.749953;0
0;1.05408;0.741557;0
0;0.928084;0.716686;0
0;0.661704;0.659643;0
0;1.14843;0.759225;0
0;1.3121;0.787864;0
0;1.15448;0.760329;0
0;1.13886;0.757471;0
0;0.937453;0.718585;0
0;1.00225;0.7315;0
0;1.0905;0.748476;0
0;1.16802;0.762786;0
0;0.826145;0.695539;0
0;1.15157;0.759798;0
0;0.82487;0.695269;0
0;1.24875;0.777084;0
0;1.04121;0.739083;0
0;1.21108;0.770489;0
0;1.15407;0.760253;0
0;0.743951;0.677859;0
0;1.09727;0.749748;0
0;1.0972;0.749735;0
0;1.26872;0.780523;0
0;1.06451;0.743552;0
0;0.952903;0.721699;0
0;0.831349;0.69664;0
0;1.28052;0.782539;0
0;1.15807;0.760982;0
0;1.13354;0.756491;0
0;1.29891;0.785651;0
0;1.24346;0.776166;0
0;1.23916;0.775418;0
0;1.08356;0.747167;0
0;0.909894;0.712978;0
0;1.15745;0.76087;0
0;0.776369;0.684897;0
0;1.31551;0.788433;0
0;1.28786;0.783785;0
0;1.06923;0.74445;0
0;0.988563;0.728804;0
0;1.72521;0.848799;0
0;1.68311;0.843316;0
0;1.78139;0.855868;0
0;1.80865;0.859199;0
0;1.72316;0.848535;0
0;1.42702;0.806436;0
0;1.79535;0.857582;0
0;1.28197;0.782785;0
0;1.66359;0.84072;0
0;1.89394;0.869204;0
0;1.47996;0.814567;0
0;1.39359;0.801165;0
0;1.46218;0.811866;0
0;1.75817;0.85298;0
0;1.76481;0.853811;0
0;1.77722;0.855354;0
0;1.60414;0.832596;0
0;1.97579;0.878232;0
0;1.77881;0.85555;0
0;1.62193;0.835061;0
0;1.59741;0.831656;0
0;1.79041;0.856977;0
0;1.29336;0.784716;0
0;2.00656;0.881484;0
0;1.57843;0.828982;0
0;1.76695;0.854079;0
0;1.4307;0.807011;0
0;1.57838;0.828975;0
0;1.59182;0.830872;0
0;1.55017;0.824939;0
0;1.41561;0.804649;0
0;1.79612;0.857676;0
0;1.45334;0.810512;0
0;1.31544;0.788422;0
0;1.69062;0.844306;0
0;1.47715;0.814142;0
0;1.66125;0.840405;0
0;1.63146;0.836369;0
0;1.69543;0.844937;0
0;1.71706;0.84775;0
0;1.92616;0.872824;0
0;1.54106;0.823619;0
0;1.52155;0.820767;0
0;1.69239;0.844538;0
0;1.40988;0.803748;0
0;1.63304;0.836586;0
0;1.82548;0.861222;0
0;1.83225;0.86203;0
0;1.61168;0.833645;0
0;1.58808;0.830345;0
0;1.49091;0.816215;0
0;1.43741;0.808053;0
0;1.55177;0.825169;0
0;1.36036;0.795818;0
0;1.53753;0.823106;0
0;1.58073;0.829308;0
0;1.51483;0.819775;0
0;1.39091;0.800737;0
0;1.5758;0.828609;0
0;1.70182;0.845773;0
0;1.31435;0.78824;0
0;1.55464;0.825582;0
0;1.68845;0.844021;0
0;1.25186;0.777623;0
0;1.77174;0.854674;0
0;1.61126;0.833586;0
0;1.68777;0.84393;0
0;1.63206;0.836452;0
0;1.61721;0.83441;0
0;1.50229;0.817915;0
0;1.64566;0.838303;0
0;1.6716;0.841789;0
0;1.35829;0.795482;0
0;1.70397;0.846052;0
0;1.50678;0.818584;0
0;1.50809;0.818778;0
0;1.52411;0.821143;0
0;1.60508;0.832727;0
0;1.59154;0.830832;0
0;1.49164;0.816325;0
0;1.43495;0.807672;0
0;1.3931;0.801086;0
0;1.46903;0.81291;0
0;1.28276;0.78292;0
0;1.41685;0.804845;0
0;1.34437;0.793207;0
0;1.51405;0.81966;0
0;1.53135;0.822204;0
0;1.67388;0.842092;0
0;1.52356;0.821062;0
0;1.45576;0.810883;0
0;1.48601;0.815479;0
0;1.53542;0.822798;0
0;1.27028;0.780791;0
0;1.73782;0.85041;0
0;1.35841;0.795501;0
0;1.29445;0.7849;0
0;1.53085;0.822131;0
0;1.59882;0.831853;0
0;1.59594;0.83145;0
0;1.24435;0.77632;0
0;1.5262;0.82145;0
0;1.57662;0.828725;0
0;1.40141;0.802408;0
0;1.53822;0.823205;0
0;1.54615;0.824357;0
0;1.46893;0.812895;0
0;1.50414;0.818191;0
0;1.53269;0.822399;0
0;1.42859;0.806681;0
0;1.52825;0.821751;0
0;1.36994;0.79737;0
0;1.61298;0.833824;0
0;1.71276;0.847194;0
0;1.52213;0.820852;0
0;1.55712;0.82594;0
0;1.51172;0.819317;0
0;1.42839;0.80665;0
0;1.47925;0.814459;0
0;1.38683;0.800086;0
0;1.55962;0.826298;0
0;1.46401;0.812145;0
0;1.53956;0.823401;0
0;1.51337;0.81956;0
0;1.44687;0.809516;0
0;1.66991;0.841564;0
0;1.36312;0.796266;0
0;1.55786;0.826046;0
0;1.45718;0.811101;0
0;1.48778;0.815745;0
0;1.55064;0.825006;0
0;1.53096;0.822147;0
0;1.51273;0.819465;0
0;1.4572;0.811104;0
0;1.38358;0.799565;0
0;1.53636;0.822935;0
0;1.47766;0.814219;0
0;1.58706;0.830202;0
0;1.46225;0.811877;0
0;1.4874;0.815688;0
0;1.54242;0.823816;0
0;1.36188;0.796065;0
0;1.53679;0.822997;0
0;0.573497;0.63957;0
0;0.481358;0.618068;0
0;0.458497;0.612657;0
0;0.600033;0.645664;0
0;0.608228;0.647536;0
0;0.595277;0.644575;0
0;0.505538;0.62376;0
0;0.033396;0.508348;0
0;0.366401;0.590589;0
0;0.281106;0.569817;0
0;0.273481;0.567947;0
0;0.54575;0.633149;0
0;0.608415;0.647579;0
0;0.357697;0.588483;0
0;0.615901;0.649286;0
0;0.470778;0.615568;0
0;0.582871;0.641728;0
0;0.498086;0.622009;0
0;0.764679;0.682369;0
0;0.474564;0.616463;0
0;0.279172;0.569343;0
0;0.240917;0.55994;0
0;0.822007;0.694662;0
0;0.463129;0.613756;0
0;0.363674;0.589929;0
0;0.478282;0.617342;0
0;0.943265;0.719759;0
0;0.518775;0.626861;0
0;0.708494;0.670068;0
0;0.40253;0.599295;0
0;0.538373;0.631434;0
0;0.713084;0.671082;0
0;0.494674;0.621207;0
0;0.622308;0.650743;0
0;0.421396;0.603817;0
0;0.576773;0.640325;0
0;0.45887;0.612746;0
0;0.781768;0.686061;0
0;0.678061;0.663306;0
0;0.848944;0.700346;0
0;0.478738;0.61745;0
0;0.393489;0.597122;0
0;0.809917;0.692092;0
0;0.753894;0.680027;0
0;0.551195;0.634413;0
0;0.513957;0.625734;0
0;0.754152;0.680083;0
0;0.413556;0.60194;0
0;0.708997;0.67018;0
0;0.975078;0.72613;0
0;0.964093;0.723941;0
0;0.125059;0.531224;0
0;0.429224;0.605688;0
0;0.265098;0.565889;0
0;0.602486;0.646225;0
0;0.52562;0.628461;0
0;0.473119;0.616122;0
0;0.759897;0.681331;0
0;0.588675;0.643061;0
0;0.6555;0.658249;0
0;0.922286;0.715508;0
0;0.683715;0.664567;0
0;0.678386;0.663378;0
0;0.709237;0.670233;0
0;0.450789;0.610827;0
0;0.919451;0.71493;0
0;0.352338;0.587184;0
0;0.455782;0.612013;0
0;0.450954;0.610866;0
0;0.507634;0.624252;0
0;0.679891;0.663714;0
0;1.90379;0.87032;0
0;1.96913;0.877518;0
0;1.81507;0.859973;0
0;1.89939;0.869823;0
0;1.81842;0.860376;0
0;1.87356;0.86687;0
0;1.77922;0.8556;0
0;1.66314;0.840659;0
0;1.97397;0.878037;0
0;1.91644;0.871741;0
0;1.78786;0.856665;0
0;1.94477;0.874875;0
0;1.70649;0.846381;0
0;1.78666;0.856517;0
0;1.82842;0.861573;0
0;1.95338;0.875815;0
0;1.82972;0.861728;0
0;1.84998;0.864125;0
0;1.75545;0.852639;0
0;1.832;0.862;0
0;1.90934;0.870945;0
0;1.73341;0.849847;0
0;1.74171;0.850905;0
0;1.87117;0.866594;0
0;1.79566;0.85762;0
0;1.9906;0.879807;0
0;1.71371;0.847317;0
0;1.95597;0.876096;0
0;2.01133;0.881982;0
0;2.04011;0.884944;0
0;2.00153;0.880957;0
0;1.84754;0.863838;0
0;1.97529;0.878178;0
0;1.53041;0.822066;0
0;1.96143;0.876688;0
0;1.86183;0.865511;0
0;1.95721;0.876231;0
0;2.07491;0.888441;0
0;1.99639;0.880417;0
0;1.94455;0.874851;0
0;1.72572;0.848864;0
0;1.79496;0.857534;0
0;1.58466;0.829863;0
0;1.96773;0.877367;0
0;1.93545;0.873852;0
0;1.70073;0.84563;0
0;1.64706;0.838494;0
0;1.82953;0.861706;0
0;1.83572;0.862442;0
0;1.80494;0.85875;0
0;1.81015;0.859379;0
0;1.93145;0.87341;0
0;1.70539;0.846238;0
0;1.92176;0.872335;0
0;2.02325;0.883216;0
0;1.70354;0.845996;0
0;1.70537;0.846235;0
0;1.99344;0.880107;0
0;1.99688;0.880469;0
0;1.79559;0.857612;0
0;1.71553;0.847553;0
0;1.83144;0.861933;0
0;1.75107;0.852087;0
0;1.79214;0.85719;0
0;1.74116;0.850835;0
0;1.92204;0.872365;0
0;1.84335;0.863345;0
0;1.9025;0.870174;0
0;1.61645;0.834305;0
0;1.72781;0.849132;0
0;1.51791;0.820231;0
0;1.61185;0.833667;0
0;1.72009;0.84814;0
0;1.75203;0.852208;0
0;1.58757;0.830273;0
0;1.60205;0.832304;0
0;1.61956;0.834734;0
0;1.53518;0.822763;0
0;1.66728;0.841213;0
0;1.42349;0.805885;0
0;1.45715;0.811096;0
0;1.48432;0.815225;0
0;1.61427;0.834004;0
0;1.56704;0.827361;0
0;1.36476;0.796532;0
0;1.71854;0.847941;0
0;1.49406;0.816687;0
0;1.56438;0.826981;0
0;1.62324;0.835241;0
0;1.4653;0.812342;0
0;1.60175;0.832263;0
0;1.38238;0.799373;0
0;1.65008;0.838902;0
0;1.40518;0.803004;0
0;1.40875;0.803569;0
0;1.45596;0.810914;0
0;1.43445;0.807593;0
0;1.48997;0.816074;0
0;1.27032;0.780798;0
0;1.77546;0.855136;0
0;1.717;0.847742;0
0;1.6256;0.835566;0
0;1.52902;0.821863;0
0;1.50721;0.818648;0
0;1.38914;0.800455;0
0;1.54379;0.824015;0
0;1.38893;0.800421;0
0;1.67656;0.842449;0
0;1.31268;0.787962;0
0;1.71946;0.848059;0
0;1.51594;0.81994;0
0;1.54285;0.823879;0
0;1.7367;0.850267;0
0;1.71374;0.847321;0
0;1.48399;0.815174;0
0;1.51704;0.820102;0
0;1.59387;0.831159;0
0;1.6219;0.835057;0
0;1.46122;0.81172;0
0;1.62275;0.835174;0
0;1.53741;0.823088;0
0;1.5191;0.820405;0
0;1.5689;0.827627;0
0;1.31172;0.787802;0
0;1.48965;0.816026;0
0;1.5148;0.819771;0
0;1.47809;0.814284;0
0;1.63798;0.83726;0
0;1.27159;0.781015;0
0;1.56198;0.826637;0
0;1.49131;0.816275;0
0;1.31969;0.78913;0
0;1.49774;0.817236;0
0;1.34836;0.793862;0
0;1.41888;0.805163;0
0;1.33093;0.790995;0
0;1.31485;0.788324;0
0;1.41404;0.804402;0
0;1.54105;0.823617;0
0;1.39428;0.801274;0
0;1.55196;0.825196;0
0;1.42808;0.806602;0
0;1.29085;0.784291;0
0;1.33103;0.79101;0
0;1.32682;0.790314;0
0;1.18847;0.766467;0
0;1.51269;0.81946;0
0;1.44691;0.809523;0
0;1.49674;0.817088;0
0;1.44377;0.809038;0
0;1.3169;0.788666;0
0;1.19457;0.767558;0
0;1.37452;0.79811;0
0;1.35826;0.795477;0
0;1.33045;0.790915;0
0;1.37618;0.798377;0
0;1.53537;0.822791;0
0;1.55942;0.826271;0
0;1.46732;0.812649;0
0;1.50168;0.817825;0
0;1.42702;0.806436;0
0;1.40818;0.803479;0
0;1.42698;0.80643;0
0;0.860229;0.702709;0
0;1.54794;0.824615;0
0;1.71747;0.847803;0
0;1.68392;0.843423;0
0;1.83515;0.862375;0
0;1.16789;0.762763;0
0;1.5417;0.823711;0
0;1.43852;0.808226;0
0;1.43087;0.807036;0
0;1.42515;0.806145;0
0;1.7216;0.848334;0
0;1.58803;0.830339;0
0;1.36442;0.796477;0
0;1.40554;0.803061;0
0;1.5479;0.82461;0
0;1.31545;0.788424;0
0;1.53531;0.822782;0
0;1.30816;0.787205;0
0;1.48226;0.814914;0
0;1.70666;0.846403;0
0;1.4081;0.803466;0
0;1.6775;0.842573;0
0;1.64548;0.83828;0
0;1.49031;0.816125;0
0;1.53582;0.822857;0
0;1.37103;0.797547;0
0;1.4386;0.808238;0
0;1.36643;0.796803;0
0;1.60709;0.833007;0
0;1.63633;0.837035;0
0;1.21485;0.771156;0
0;1.51199;0.819356;0
0;1.41483;0.804527;0
0;1.47234;0.813413;0
0;1.56079;0.826466;0
0;1.06846;0.744305;0
0;1.09964;0.750193;0
0;1.56883;0.827616;0
0;1.57201;0.82807;0
0;1.4853;0.815372;0
0;1.49027;0.816118;0
0;1.70536;0.846233;0
0;1.5105;0.819135;0
0;1.43778;0.808111;0
0;1.65598;0.839698;0
0;1.6254;0.835538;0
0;1.5928;0.83101;0
0;1.5287;0.821817;0
0;1.51842;0.820305;0
0;1.59692;0.831587;0
0;1.66749;0.84124;0
0;1.48995;0.816071;0
0;1.89213;0.868998;0
0;1.93327;0.87361;0
0;1.37603;0.798352;0
0;1.60598;0.832853;0
0;1.65462;0.839515;0
0;1.84833;0.863931;0
0;1.44314;0.80894;0
0;1.74594;0.85144;0
0;1.7063;0.846356;0
0;1.60195;0.83229;0
0;1.74831;0.85174;0
0;1.74192;0.850931;0
0;1.40102;0.802346;0
0;1.78568;0.856397;0
0;1.50984;0.819037;0
0;1.77027;0.854492;0
0;1.70981;0.846812;0
0;1.66283;0.840618;0
0;1.69974;0.845501;0
0;1.65193;0.839151;0
0;1.5566;0.825865;0
0;1.69769;0.845233;0
0;1.62737;0.835809;0
0;1.58689;0.830178;0
0;1.64954;0.838829;0
0;1.70153;0.845735;0
0;1.60655;0.832931;0
0;1.72734;0.849072;0
0;1.69333;0.844661;0
0;1.80433;0.858676;0
0;1.65986;0.840219;0
0;1.60609;0.832868;0
0;1.51384;0.819629;0
0;1.71144;0.847023;0
0;1.61931;0.8347;0
0;1.82934;0.861683;0
0;1.68659;0.843775;0
0;1.74074;0.85078;0
0;1.69743;0.845199;0
0;1.67459;0.842186;0
0;1.63718;0.837151;0
0;1.6562;0.839727;0
0;1.50163;0.817818;0
0;1.73166;0.849624;0
0;1.95294;0.875767;0
0;1.68693;0.84382;0
0;1.7403;0.850725;0
0;1.59836;0.831789;0
0;1.79729;0.857818;0
0;1.87758;0.867333;0
0;1.46411;0.812161;0
0;1.8561;0.864842;0
0;1.62741;0.835814;0
0;1.75105;0.852085;0
0;1.65058;0.83897;0
0;0.348175;0.586175;0
0;0.410555;0.601221;0
0;0.136589;0.534094;0
0;0.138677;0.534614;0
0;0.0275745;0.506893;0
0;0.345807;0.5856;0
0;0.271246;0.567399;0
0;0.158293;0.539491;0
0;0.536599;0.631021;0
0;-0.0503349;0.487419;1
0;0.295111;0.573247;0
0;0.0358114;0.508952;0
0;0.011785;0.502946;0
0;0.154045;0.538435;0
0;0.118095;0.529489;0
0;0.13189;0.532925;0
0;0.111077;0.527741;0
0;0.381508;0.594237;0
0;-0.387322;0.404362;1
0;0.13147;0.53282;0
0;-0.0957749;0.476075;1
0;0.0173707;0.504343;0
0;0.34093;0.584416;0
0;-0.0395448;0.490115;1
0;-0.09972;0.475091;1
0;0.190121;0.547388;0
0;0.218147;0.554322;0
0;-0.0576329;0.485596;1
0;0.0824215;0.520594;0
0;0.0685165;0.517122;0
0;-0.130125;0.467515;1
0;0.222367;0.555364;0
0;0.231507;0.55762;0
0;0.272198;0.567632;0
0;-0.281335;0.430126;1
0;0.228276;0.556822;0
0;0.0246394;0.50616;0
0;-0.0394728;0.490133;1
0;0.00861239;0.502153;0
0;0.247761;0.561625;0
0;-0.108382;0.472931;1
0;0.215657;0.553706;0
0;-0.0908263;0.477309;1
0;0.158705;0.539593;0
0;2.14406e-006;0.500001;0
0;0.173253;0.543205;0
0;0.168249;0.541963;0
0;0.105455;0.526339;0
0;-0.064672;0.483838;1
0;0.100235;0.525038;0
0;0.177875;0.544352;0
0;0.489675;0.62003;0
0;0.281351;0.569877;0
0;0.54956;0.634034;0
0;0.395798;0.597678;0
0;0.0575848;0.514392;0
0;0.193739;0.548284;0
0;0.430629;0.606024;0
1;-1.65686;0.160185;1
1;-1.82593;0.138723;1
1;-1.35312;0.205361;1
1;-1.19886;0.231677;1
1;-1.44745;0.190394;1
1;-1.36004;0.204234;1
1;-2.12217;0.10696;1
1;-0.899901;0.289071;1
1;-0.81992;0.305781;1
1;-1.08343;0.252858;1
1;-1.26263;0.220522;1
1;-2.12893;0.106316;1
1;-1.66197;0.159498;1
1;-1.71268;0.152816;1
1;-2.1192;0.107245;1
1;-1.1108;0.247722;1
1;-1.60025;0.167946;1
1;-1.71543;0.15246;1
1;-1.76695;0.145922;1
1;-1.68151;0.156896;1
1;-2.10723;0.108397;1
1;-1.56879;0.172388;1
1;-1.00229;0.268492;1
1;-1.39713;0.198271;1
1;-1.61314;0.166153;1
1;-1.62578;0.164409;1
1;-0.902586;0.288519;1
1;-1.06085;0.257146;1
1;-1.44184;0.191261;1
1;-1.65801;0.160029;1
1;-1.73345;0.150147;1
1;-1.80208;0.141599;1
1;-2.21262;0.0986233;1
1;-1.51568;0.180098;1
1;-2.02176;0.116937;1
1;-1.95263;0.124266;1
1;-2.17823;0.101723;1
1;-1.81221;0.140371;1
1;-0.742147;0.322535;1
1;-1.13253;0.243694;1
1;-2.22953;0.0971298;1
1;-1.41003;0.196229;1
1;-2.005;0.118679;1
1;-0.730741;0.325032;1
1;-2.18976;0.100674;1
1;-1.52181;0.179196;1
1;-1.22185;0.227611;1
1;-1.96379;0.123057;1
1;-0.676259;0.337097;1
1;-1.13448;0.243336;1
1;-1.6189;0.165357;1
1;-1.05864;0.25757;1
1;-0.719825;0.327432;1
1;-2.30905;0.0903762;1
1;-2.02307;0.116802;1
1;-1.59743;0.168342;1
1;-1.0014;0.268666;1
1;-1.7487;0.148212;1
1;-1.70438;0.153894;1
1;-1.98496;0.120791;1
1;-1.62594;0.164388;1
1;-1.94202;0.125426;1
1;-1.47514;0.186163;1
1;-1.58536;0.170038;1
1;-1.80574;0.141154;1
1;-1.49649;0.18295;1
1;-1.69211;0.155499;1
1;-1.69838;0.154676;1
1;-1.5386;0.176739;1
1;-2.21296;0.0985924;1
1;-1.68939;0.155856;1
1;-1.7681;0.145779;1
1;-1.48334;0.184923;1
1;-1.56697;0.172648;1
1;-2.07352;0.111697;1
1;-1.84978;0.135899;1
1;-1.48398;0.184827;1
1;-1.52875;0.178176;1
1;-1.68302;0.156696;1
1;-1.46634;0.187499;1
1;-1.56363;0.173127;1
1;-1.41087;0.196097;1
1;-1.85428;0.135371;1
1;-1.73462;0.149997;1
1;-1.28873;0.216068;1
1;-1.86594;0.134012;1
1;-1.7198;0.151897;1
1;-1.98548;0.120736;1
1;-1.44874;0.190196;1
1;-1.16089;0.238505;1
1;-2.19886;0.0998529;1
1;-1.65442;0.160513;1
1;-2.0329;0.115791;1
1;-1.8195;0.139493;1
1;-1.83184;0.138019;1
1;-1.4159;0.195306;1
1;-1.83032;0.138201;1
1;-1.8782;0.132595;1
1;-2.35667;0.0865369;1
1;-1.36431;0.203541;1
1;-0.859088;0.29753;1
1;-1.48415;0.184801;1
1;-1.79627;0.142306;1
1;-1.48927;0.184031;1
1;-1.16375;0.237987;1
1;-1.09352;0.250955;1
1;-1.19303;0.232717;1
1;-2.16336;0.10309;1
1;-1.80009;0.141841;1
1;-1.80426;0.141334;1
1;-1.9092;0.129071;1
1;-1.33028;0.209112;1
1;-1.13667;0.242932;1
1;-1.89865;0.130261;1
1;-1.19009;0.233242;1
1;-1.59153;0.169169;1
1;-1.4343;0.19243;1
1;-1.70572;0.15372;1
1;-1.55016;0.175063;1
1;-1.64408;0.161911;1
1;-1.57917;0.170913;1
1;-2.10359;0.108749;1
1;-1.71024;0.153132;1
1;-1.08863;0.251877;1
1;-1.82932;0.13832;1
1;-1.65282;0.160728;1
1;-2.26792;0.0938151;1
1;-1.63835;0.16269;1
1;-2.04006;0.115061;1
1;-1.59877;0.168154;1
1;-1.6192;0.165316;1
1;-1.51139;0.180733;1
1;-1.65391;0.160582;1
1;-2.09015;0.110057;1
1;-2.02296;0.116813;1
1;-2.11025;0.108105;1
1;-1.60814;0.166847;1
1;-2.11086;0.108046;1
1;-1.59069;0.169287;1
1;-1.6331;0.163407;1
1;-2.16458;0.102977;1
1;-1.31742;0.211247;1
1;-1.51941;0.179549;1
1;-1.94695;0.124887;1
1;-1.66884;0.158579;1
1;-1.67142;0.158235;1
1;-1.56044;0.173583;1
1;-1.68601;0.156301;1
1;-2.31537;0.0898582;1
1;-1.52304;0.179015;1
1;-1.96046;0.123418;1
1;-1.71925;0.151968;1
1;-1.58063;0.170707;1
1;-2.2314;0.0969664;1
1;-1.2454;0.223498;1
1;-1.19538;0.232298;1
1;-1.66009;0.15975;1
1;-1.56396;0.173079;1
1;-1.5075;0.18131;1
1;-2.23133;0.0969718;1
1;-1.41394;0.195613;1
1;-1.1741;0.236115;1
1;-1.34834;0.206142;1
1;-1.89669;0.130483;1
1;-1.31466;0.211708;1
1;-0.53384;0.369622;1
1;-1.44082;0.191418;1
1;-1.16436;0.237876;1
1;-1.62471;0.164557;1
1;-0.992742;0.270371;1
1;-1.60557;0.167205;1
1;-1.58808;0.169654;1
1;-1.48954;0.183991;1
1;-1.67415;0.157871;1
1;-1.76575;0.146072;1
1;-1.26604;0.219936;1
1;-1.55954;0.173712;1
1;-1.87642;0.1328;1
1;-1.61498;0.165898;1
1;-0.858307;0.297693;1
1;-1.30345;0.213586;1
1;-1.43285;0.192655;1
1;-0.783463;0.313574;1
1;-2.08982;0.110091;1
1;-1.92217;0.12762;1
1;-1.75433;0.147502;1
1;-1.67526;0.157725;1
1;-2.31429;0.0899463;1
1;-0.499706;0.37761;1
1;-2.09705;0.109384;1
1;-1.25485;0.221861;1
1;-2.32378;0.0891725;1
1;-0.820878;0.305577;1
1;-1.49022;0.183889;1
1;-2.07261;0.111788;1
1;-1.77949;0.144366;1
1;-1.21413;0.228971;1
1;-1.54579;0.175695;1
1;-2.13361;0.105873;1
1;-1.3194;0.210918;1
1;-1.74648;0.148492;1
1;-2.3039;0.0908001;1
1;-2.02578;0.116523;1
1;-2.07036;0.112011;1
1;-1.75105;0.147915;1
1;-1.17365;0.236196;1
1;-2.02022;0.117096;1
1;-1.72916;0.150695;1
1;-1.90795;0.129212;1
1;-1.58636;0.169896;1
1;-2.33918;0.0879299;1
1;-1.87932;0.132466;1
1;-1.63351;0.16335;1
1;-1.75153;0.147854;1
1;-1.98494;0.120793;1
1;-1.78574;0.143595;1
1;-1.87713;0.132719;1
1;-1.54112;0.176372;1
1;-1.18206;0.234682;1
1;-1.68574;0.156337;1
1;-1.69889;0.15461;1
1;-1.42936;0.193198;1
1;-1.74122;0.149158;1
1;-1.45798;0.188777;1
1;-1.71762;0.152178;1
1;-1.18305;0.234505;1
1;-1.80984;0.140657;1
1;-1.91095;0.128874;1
1;-1.47411;0.186319;1
1;-1.98309;0.12099;1
1;-1.81295;0.140282;1
1;-1.79507;0.142453;1
1;-1.69113;0.155628;1
1;-1.57218;0.171906;1
1;-1.57587;0.171382;1
1;-1.76255;0.146471;1
1;-1.8175;0.139734;1
1;-1.25031;0.222646;1
1;-1.92046;0.12781;1
1;-1.86759;0.133821;1
1;-1.71407;0.152636;1
1;-1.33276;0.208703;1
1;-1.63453;0.16321;1
1;-0.983764;0.272146;1
1;-1.67416;0.157871;1
1;-1.57;0.172217;1
1;-1.8047;0.14128;1
1;-1.64427;0.161885;1
1;-2.14446;0.10485;1
1;-1.5531;0.174639;1
1;-1.25223;0.222315;1
1;-1.77332;0.14513;1
1;-2.09826;0.109266;1
1;-1.78479;0.143713;1
1;-1.21749;0.228378;1
1;-1.65548;0.160369;1
1;-2.00398;0.118785;1
1;-1.59673;0.168439;1
1;-1.60032;0.167936;1
1;-1.66446;0.159164;1
1;-2.17858;0.10169;1
1;-2.25346;0.0950518;1
1;-0.623774;0.348924;1
1;-2.33779;0.0880415;1
1;-1.03221;0.262655;1
1;-1.91693;0.128204;1
1;-1.54659;0.175579;1
1;-1.60332;0.167518;1
1;-1.88403;0.131927;1
1;-1.60872;0.166766;1
1;-1.2571;0.221474;1
1;-1.44607;0.190607;1
1;-2.051;0.113952;1
1;-1.19389;0.232563;1
1;-2.32166;0.0893453;1
1;-1.41634;0.195236;1
1;-1.60423;0.167391;1
1;-0.880475;0.293079;1
1;-0.95047;0.27879;1
1;-1.57171;0.171972;1
1;-1.94899;0.124664;1
1;-2.0338;0.1157;1
1;-1.49084;0.183795;1
1;-1.82785;0.138494;1
1;-2.31624;0.0897867;1
1;-1.26735;0.219711;1
1;-2.09978;0.109118;1
1;-1.15273;0.239991;1
1;-1.86118;0.134565;1
1;-0.89187;0.290724;1
1;-1.01402;0.266194;1
1;-1.07294;0.254845;1
1;-1.73055;0.150517;1
1;-1.78377;0.143838;1
1;-1.78032;0.144264;1
1;-1.80944;0.140706;1
1;-1.50983;0.180964;1
1;-1.69807;0.154718;1
1;-2.17524;0.101996;1
1;-1.91791;0.128095;1
1;-1.76504;0.14616;1
1;-1.49578;0.183055;1
1;-0.702324;0.331297;1
1;-1.08324;0.252893;1
1;-2.02451;0.116653;1
1;-1.72139;0.151692;1
1;-1.12602;0.244896;1
1;-2.00407;0.118776;1
1;-1.71817;0.152107;1
1;-2.19236;0.100438;1
1;-1.70824;0.153393;1
1;-2.21943;0.098019;1
1;-1.22536;0.226994;1
1;-2.10709;0.10841;1
1;-1.50661;0.181442;1
1;-1.90987;0.128995;1
1;-2.0505;0.114002;1
1;-2.08914;0.110157;1
1;-1.70278;0.154102;1
1;-2.15954;0.103444;1
1;-1.61793;0.16549;1
1;-1.81057;0.140569;1
1;-2.03496;0.115581;1
1;-1.39544;0.19854;1
1;-1.18744;0.233716;1
1;-2.02985;0.116104;1
1;-1.39173;0.199132;1
1;-1.64922;0.161214;1
1;-2.25508;0.0949118;1
1;-1.79526;0.14243;1
1;-2.04807;0.114247;1
1;-1.74804;0.148294;1
1;-1.32186;0.210508;1
1;-1.43317;0.192605;1
1;-1.85429;0.13537;1
1;-1.13341;0.243532;1
1;-1.10335;0.249114;1
1;-1.50095;0.182284;1
1;-1.81571;0.13995;1
1;-2.14;0.10527;1
1;-1.4714;0.18673;1
1;-1.67513;0.157741;1
1;-1.97954;0.121367;1
1;-1.33688;0.208024;1
1;-1.45972;0.188511;1
1;-1.58201;0.170511;1
1;-1.64774;0.161414;1
1;-1.86631;0.133969;1
1;-1.22505;0.227049;1
1;-2.0644;0.112605;1
1;-1.73905;0.149433;1
1;-1.05032;0.259164;1
1;-0.968572;0.275165;1
1;-1.7399;0.149326;1
1;-2.09783;0.109308;1
1;-1.25289;0.222201;1
1;-1.30068;0.21405;1
1;-1.45438;0.189329;1
1;-1.89925;0.130194;1
1;-1.73984;0.149333;1
1;-1.55868;0.173836;1
1;-2.01901;0.117221;1
1;-1.04054;0.261047;1
1;-0.416001;0.397474;1
1;-1.71821;0.152102;1
1;-1.71553;0.152448;1
1;-1.15604;0.239388;1
1;-1.37958;0.201077;1
1;-1.87849;0.132562;1
1;-1.95453;0.124061;1
1;-1.61293;0.166182;1
1;-1.9042;0.129633;1
1;-1.30264;0.213721;1
1;-0.89106;0.290891;1
1;-0.772127;0.316019;1
1;-2.08409;0.110653;1
1;-1.72968;0.150629;1
1;-1.91202;0.128754;1
1;-1.46628;0.187509;1
1;-1.6409;0.162343;1
1;-1.68219;0.156806;1
1;-1.00819;0.267334;1
1;-1.27833;0.217835;1
1;-1.95349;0.124173;1
1;-1.20168;0.231177;1
1;-1.62548;0.16445;1
1;-1.6029;0.167577;1
1;-1.37029;0.202573;1
1;-1.18157;0.23477;1
1;-1.10277;0.249221;1
1;-1.54968;0.175133;1
1;-2.10134;0.108966;1
1;-1.84302;0.136695;1
1;-1.50954;0.181007;1
1;-1.49166;0.183672;1
1;-0.809073;0.308088;1
1;-1.70519;0.153789;1
1;-1.93773;0.125897;1
1;-1.16074;0.238533;1
1;-1.81946;0.139498;1
1;-1.8867;0.131621;1
1;-1.80093;0.141738;1
1;-1.11742;0.24649;1
1;-1.50856;0.181153;1
1;-1.87699;0.132736;1
1;-1.53525;0.177227;1
1;-2.07187;0.111861;1
1;-1.91173;0.128787;1
1;-1.47716;0.185857;1
1;-1.3985;0.198054;1
1;-0.492893;0.379212;1
1;-2.03946;0.115121;1
1;-0.971183;0.274645;1
1;-1.90242;0.129835;1
1;-1.95212;0.124323;1
1;-1.29154;0.215592;1
1;-1.51238;0.180586;1
1;-1.42296;0.194198;1
1;-1.52393;0.178883;1
1;-2.40951;0.0824503;1
1;-0.854871;0.298412;1
1;-1.50657;0.181448;1
1;-1.59288;0.168979;1
1;-1.35865;0.20446;1
1;-1.55634;0.174172;1
1;-1.14396;0.241594;1
1;-1.27946;0.217643;1
1;-1.60726;0.166969;1
1;-1.45459;0.189297;1
1;-1.79378;0.14261;1
1;-1.09858;0.250005;1
1;-1.90038;0.130066;1
1;-1.20915;0.229851;1
1;-1.04739;0.259727;1
1;-1.86923;0.133631;1
1;-2.12227;0.106951;1
1;-1.63687;0.162892;1
1;-1.88547;0.131761;1
1;-1.73844;0.149511;1
1;-1.34661;0.206425;1
1;-1.58083;0.170679;1
1;-1.29839;0.214437;1
1;-1.89449;0.130734;1
1;-1.69623;0.154959;1
1;-0.997005;0.269531;1
1;-1.34801;0.206196;1
1;-2.0434;0.114721;1
1;-1.49041;0.183861;1
1;-1.54897;0.175235;1
1;-1.43903;0.191695;1
1;-1.61158;0.166369;1
1;-2.11639;0.107514;1
1;-1.25478;0.221874;1
1;-1.78827;0.143285;1
1;-1.65824;0.159999;1
1;-1.61079;0.166479;1
1;-1.14078;0.242178;1
1;-2.20259;0.0995181;1
1;-1.66219;0.159468;1
1;-1.51131;0.180745;1
1;-0.921283;0.284697;1
1;-1.41374;0.195644;1
1;-1.95206;0.124329;1
1;-1.34164;0.20724;1
1;-1.36712;0.203085;1
1;-2.08924;0.110147;1
1;-1.65944;0.159838;1
1;-1.31258;0.212055;1
1;-1.63552;0.163076;1
1;-1.48805;0.184215;1
1;-1.82158;0.139244;1
1;-1.15389;0.23978;1
1;-2.12733;0.106469;1
1;-2.05956;0.113089;1
1;-0.853985;0.298597;1
1;-1.91474;0.128449;1
1;-1.50422;0.181797;1
1;-1.26089;0.220821;1
1;-1.99166;0.120081;1
1;-1.65611;0.160285;1
1;-1.83776;0.137316;1
1;-1.51652;0.179974;1
1;-1.37694;0.2015;1
1;-1.2172;0.228429;1
1;-1.57571;0.171404;1
1;-1.54186;0.176266;1
1;-1.33301;0.208662;1
1;-1.31546;0.211574;1
1;-1.68599;0.156304;1
1;-1.2885;0.216107;1
1;-1.50764;0.181289;1
1;-1.46347;0.187938;1
1;-1.20963;0.229766;1
1;-1.1;0.249741;1
1;-1.02889;0.2633;1
1;-1.66963;0.158474;1
1;-1.14798;0.240858;1
1;-1.32914;0.209301;1
1;-1.36412;0.203572;1
1;-1.87471;0.132997;1
1;-0.973002;0.274282;1
1;-1.23806;0.224774;1
1;-1.65642;0.160243;1
1;-2.12842;0.106365;1
1;-1.05613;0.258051;1
1;-1.70394;0.153951;1
1;-1.34342;0.206948;1
1;-0.727192;0.325811;1
1;-1.07363;0.254713;1
1;-1.24018;0.224404;1
1;-1.70911;0.15328;1
1;-1.59775;0.168296;1
1;-1.73069;0.150499;1
1;-1.73859;0.149492;1
1;-1.6239;0.164668;1
1;-1.17171;0.236546;1
1;-1.07691;0.254091;1
1;-1.4497;0.190047;1
1;-2.04682;0.114374;1
1;-1.70913;0.153276;1
1;-1.52123;0.179281;1
1;-1.0702;0.255364;1
1;-0.886962;0.291737;1
1;-0.961645;0.276549;1
1;-1.19692;0.232023;1
1;-1.48171;0.185169;1
1;-1.86935;0.133617;1
1;-1.8696;0.133588;1
1;-1.41825;0.194936;1
1;-1.6523;0.160799;1
1;-0.265664;0.433972;1
1;-1.23734;0.224899;1
1;-2.36209;0.0861094;1
1;-1.67357;0.157949;1
1;-2.13825;0.105435;1
1;-1.49735;0.182821;1
1;-1.41899;0.19482;1
1;-1.53699;0.176973;1
1;-1.70886;0.153311;1
1;-0.853059;0.298791;1
1;-1.60998;0.166592;1
1;-1.13921;0.242466;1
1;-1.51361;0.180405;1
1;-1.02966;0.26315;1
1;-1.23466;0.225367;1
1;-1.42709;0.193552;1
1;-1.29207;0.215503;1
1;-2.29726;0.0913499;1
1;-1.12907;0.244333;1
1;-1.80683;0.141021;1
1;-2.04453;0.114606;1
1;-1.63356;0.163343;1
1;-1.0081;0.267351;1
1;-0.718293;0.327769;1
1;-1.29124;0.215643;1
1;-1.31615;0.21146;1
1;-1.15441;0.239684;1
1;-2.42016;0.0816479;1
1;-1.85913;0.134804;1
1;-1.60281;0.167589;1
1;-1.59397;0.168826;1
1;-1.58544;0.170026;1
1;-2.22773;0.0972874;1
1;-1.71555;0.152445;1
1;-1.70965;0.153208;1
1;-1.85144;0.135703;1
1;-1.01596;0.265815;1
1;-1.20948;0.229792;1
1;-1.27036;0.219195;1
1;-2.1848;0.101123;1
1;-2.15306;0.104046;1
1;-1.81326;0.140245;1
1;-1.36821;0.202908;1
1;-0.971039;0.274673;1
1;-0.888791;0.291359;1
1;-1.06309;0.256719;1
1;-1.48203;0.185121;1
1;-1.41983;0.194688;1
1;-1.61088;0.166467;1
1;-1.81435;0.140113;1
1;-1.68712;0.156154;1
1;-1.19816;0.231803;1
1;-1.08986;0.251645;1
1;-1.39934;0.197921;1
1;-1.26948;0.219346;1
1;-2.0497;0.114083;1
1;-0.621595;0.349419;1
1;-1.55177;0.174831;1
1;-0.972561;0.27437;1
1;-2.01104;0.118048;1
1;-2.03978;0.115089;1
1;-1.87873;0.132534;1
1;-1.4559;0.189095;1
1;-1.80928;0.140726;1
1;-1.10671;0.248484;1
1;-0.793967;0.311318;1
1;-1.62093;0.165077;1
1;-1.4523;0.189647;1
1;-1.55596;0.174227;1
1;-1.73505;0.149943;1
1;-2.3852;0.0843085;1
1;-1.34908;0.20602;1
1;-1.5973;0.16836;1
1;-1.63231;0.163514;1
1;-1.53542;0.177202;1
1;-1.35576;0.204931;1
1;-1.95476;0.124036;1
1;-1.72513;0.151211;1
1;-1.15755;0.239113;1
1;-2.23493;0.0966577;1
1;-2.18579;0.101033;1
1;-1.56654;0.17271;1
1;-1.59241;0.169045;1
1;-1.48163;0.185181;1
1;-1.32236;0.210426;1
1;-1.67691;0.157505;1
1;-2.33391;0.0883528;1
1;-1.45599;0.189081;1
1;-0.764641;0.317639;1
1;-1.47157;0.186705;1
1;-2.31766;0.0896709;1
1;-0.935311;0.281848;1
1;-1.5344;0.17735;1
1;-1.08319;0.252904;1
1;-1.70508;0.153803;1
1;-0.982424;0.272411;1
1;-0.645742;0.34395;1
1;-1.81858;0.139604;1
1;-2.0376;0.115312;1
1;-1.4391;0.191685;1
1;-0.783356;0.313597;1
1;-1.67605;0.15762;1
1;-2.19503;0.100198;1
1;-1.91549;0.128366;1
1;-1.8871;0.131576;1
1;-2.11487;0.10766;1
1;-0.805678;0.308812;1
1;-1.72363;0.151404;1
1;-1.37924;0.201131;1
1;-0.998473;0.269242;1
1;-2.174;0.10211;1
1;-1.32673;0.209702;1
1;-2.16705;0.102748;1
1;-1.44233;0.191185;1
1;-1.72097;0.151747;1
1;-0.920452;0.284866;1
1;-1.84413;0.136564;1
1;-2.14728;0.104585;1
1;-1.86296;0.134359;1
1;-2.32964;0.088698;1
1;-2.3741;0.0851693;1
1;-2.26431;0.0941224;1
1;-1.34311;0.206999;1
1;-1.08909;0.25179;1
1;-2.18088;0.101481;1
1;-1.23928;0.224562;1
1;-1.96534;0.122891;1
1;-1.1572;0.239176;1
1;-1.58997;0.169388;1
1;-1.97936;0.121387;1
1;-1.79881;0.141996;1
1;-1.03768;0.261598;1
1;-1.70627;0.153649;1
1;-1.62658;0.164299;1
1;-1.40492;0.197037;1
1;-2.11747;0.10741;1
1;-1.14769;0.240911;1
1;-1.76444;0.146235;1
1;-1.306;0.213158;1
1;-1.54549;0.175739;1
1;-1.57249;0.171861;1
1;-1.34552;0.206603;1
1;-1.47341;0.186424;1
1;-1.48924;0.184035;1
1;-0.940856;0.280727;1
1;-1.83323;0.137854;1
1;-1.75719;0.147143;1
1;-1.43184;0.192812;1
1;-1.70131;0.154294;1
1;-1.61471;0.165935;1
1;-1.73902;0.149438;1
1;-1.86914;0.133641;1
1;-1.77798;0.144553;1
1;-1.74056;0.149242;1
1;-1.53666;0.177021;1
1;-1.28472;0.216748;1
1;-2.00137;0.119059;1
1;-1.36049;0.20416;1
1;-1.48434;0.184772;1
1;-1.89317;0.130883;1
1;-1.77223;0.145266;1
1;-1.24629;0.223342;1
1;-1.98261;0.121041;1
1;-1.207;0.230233;1
1;-2.07583;0.111469;1
1;-0.844757;0.300534;1
1;-1.49679;0.182905;1
1;-1.52117;0.179289;1
1;-1.63877;0.162632;1
1;-1.57897;0.170942;1
1;-1.84573;0.136375;1
1;-2.02731;0.116366;1
1;-1.65066;0.16102;1
1;-1.83698;0.137409;1
1;-1.85222;0.135613;1
1;-1.81863;0.139599;1
1;-2.42569;0.0812347;1
1;-1.9681;0.122593;1
1;-1.2049;0.230604;1
1;-1.66037;0.159712;1
1;-2.14316;0.104972;1
1;-1.9588;0.123597;1
1;-1.70648;0.153621;1
1;-1.50245;0.18206;1
1;-1.53722;0.17694;1
1;-1.80674;0.141033;1
1;-1.61085;0.166471;1
1;-2.15762;0.103621;1
1;-1.67298;0.158028;1
1;-1.42959;0.193162;1
1;-1.84083;0.136954;1
1;-1.74341;0.14888;1
1;-1.09205;0.251232;1
1;-1.79691;0.142227;1
1;-1.48845;0.184154;1
1;-2.03339;0.115741;1
1;-1.90702;0.129316;1
1;-1.89306;0.130896;1
1;-2.01496;0.117641;1
1;-1.11642;0.246676;1
1;-1.82749;0.138537;1
1;-1.52427;0.178834;1
1;-1.71952;0.151933;1
1;-1.42927;0.193212;1
1;-1.72161;0.151664;1
1;-1.72068;0.151784;1
1;-0.979648;0.272962;1
1;-1.89551;0.130618;1
1;-1.41874;0.19486;1
1;-1.14702;0.241034;1
1;-1.82657;0.138648;1
1;-1.7216;0.151665;1
1;-1.62857;0.164026;1
1;-1.89664;0.130489;1
1;-1.64209;0.162181;1
1;-1.954;0.124118;1
1;-1.37661;0.201554;1
1;-1.71405;0.15264;1
1;-1.42247;0.194275;1
1;-1.42615;0.193699;1
1;-1.74815;0.148281;1
1;-2.07585;0.111466;1
1;-1.28193;0.217222;1
1;-1.77566;0.14484;1
1;-1.68247;0.156768;1
1;-0.861945;0.296933;1
1;-1.69649;0.154924;1
1;-1.86569;0.134041;1
1;-1.73595;0.149828;1
1;-1.7244;0.151306;1
1;-2.19006;0.100647;1
1;-1.20314;0.230918;1
1;-1.83083;0.138139;1
1;-1.61433;0.165989;1
1;-1.40638;0.196806;1
1;-1.714;0.152645;1
1;-1.88484;0.131834;1
1;-1.10206;0.249354;1
1;-1.2775;0.217976;1
1;-1.15905;0.23884;1
1;-2.19685;0.100034;1
1;-1.82848;0.138419;1
1;-1.68655;0.15623;1
1;-1.31121;0.212284;1
1;-1.18002;0.235049;1
1;-1.45332;0.189492;1
1;-1.58853;0.169591;1
1;-1.76597;0.146044;1
1;-1.41992;0.194674;1
1;-2.33953;0.0879014;1
1;-1.7126;0.152827;1
1;-1.99589;0.119635;1
1;-1.36382;0.20362;1
1;-2.19413;0.100279;1
1;-1.43706;0.192001;1
1;-2.08482;0.110581;1
1;-1.5834;0.170315;1
1;-1.58719;0.16978;1
1;-1.94344;0.125271;1
1;-2.15909;0.103485;1
1;-2.03326;0.115755;1
1;-1.00466;0.268027;1
1;-1.3276;0.209556;1
1;-0.781397;0.314019;1
1;-1.80175;0.141638;1
1;-1.95264;0.124266;1
1;-1.7873;0.143404;1
1;-1.36022;0.204204;1
1;-0.840881;0.301349;1
1;-1.64117;0.162306;1
1;-1.10249;0.249274;1
1;-1.59247;0.169037;1
1;-0.851338;0.299152;1
1;-1.54272;0.17614;1
1;-1.73428;0.150041;1
1;-2.10459;0.108652;1
1;-1.60798;0.166869;1
1;-1.2266;0.226777;1
1;-1.29816;0.214475;1
1;-0.751331;0.320531;1
1;-1.86238;0.134425;1
1;-1.74853;0.148233;1
1;-2.34019;0.0878484;1
1;-0.90602;0.287815;1
1;-1.88954;0.131297;1
1;-1.17894;0.235242;1
1;-0.982568;0.272382;1
1;-1.63656;0.162934;1
1;-1.1729;0.236332;1
1;-1.98854;0.120412;1
1;-1.48236;0.185071;1
1;-1.65774;0.160065;1
1;-0.677759;0.336762;1
1;-1.35791;0.20458;1
1;-1.12417;0.245238;1
1;-1.15995;0.238677;1
1;-2.29036;0.0919244;1
1;-2.21439;0.0984658;1
1;-1.69449;0.155186;1
1;-1.01461;0.266079;1
1;-1.7411;0.149173;1
1;-2.1665;0.102799;1
1;-2.33228;0.0884843;1
1;-1.37505;0.201805;1
1;-1.08557;0.252454;1
1;-2.12045;0.107125;1
1;-1.47027;0.186901;1
1;-1.89128;0.131098;1
1;-1.51832;0.179709;1
1;-1.14082;0.242169;1
1;-1.28841;0.216122;1
1;-1.41752;0.19505;1
1;-0.976215;0.273644;1
1;-1.01563;0.265879;1
1;-1.9389;0.125768;1
1;-1.62389;0.164669;1
1;-1.12937;0.244278;1
1;-1.50812;0.181217;1
1;-1.94111;0.125526;1
1;-1.83086;0.138136;1
1;-1.15882;0.238882;1
1;-1.93832;0.125832;1
1;-2.2972;0.091355;1
1;-0.946365;0.279616;1
1;-1.78944;0.143141;1
1;-1.14019;0.242285;1
1;-1.29949;0.214251;1
1;-1.80033;0.141811;1
1;-1.0824;0.253052;1
1;-1.2362;0.225099;1
1;-1.92987;0.126765;1
1;-1.56817;0.172478;1
1;-1.1377;0.242743;1
1;-1.77123;0.145389;1
1;-1.85511;0.135274;1
1;-1.38529;0.200161;1
1;-1.15466;0.239639;1
1;-1.96772;0.122634;1
1;-1.0492;0.259379;1
1;-1.1268;0.244752;1
1;-0.842668;0.300973;1
1;-1.68117;0.156941;1
1;-1.23375;0.225526;1
1;-1.21278;0.229209;1
1;-0.615973;0.350698;1
1;-1.63002;0.163828;1
1;-0.609103;0.352264;1
1;-1.96837;0.122564;1
1;-1.13499;0.243241;1
1;-2.25355;0.0950436;1
1;-1.86058;0.134635;1
1;-1.68808;0.156029;1
1;-1.47019;0.186913;1
1;-1.97508;0.121844;1
1;-1.80745;0.140946;1
1;-2.10495;0.108617;1
1;-1.01034;0.266913;1
1;-1.89966;0.130147;1
1;-1.37799;0.201331;1
1;-1.93987;0.125662;1
1;-1.87442;0.133032;1
1;-1.70896;0.153299;1
1;-1.7864;0.143514;1
1;-1.54819;0.175347;1
1;-1.91082;0.128888;1
1;-1.65104;0.160969;1
1;-1.76912;0.145652;1
1;-1.45333;0.189489;1
1;-1.20226;0.231073;1
1;-1.85308;0.135512;1
1;-1.64459;0.161841;1
1;-1.33818;0.207809;1
1;-2.05087;0.113964;1
1;-1.78412;0.143795;1
1;-1.40292;0.197353;1
1;-1.98247;0.121056;1
1;-0.995858;0.269757;1
1;-1.60393;0.167433;1
1;-1.34447;0.206776;1
1;-1.93825;0.12584;1
1;-1.76612;0.146025;1
1;-1.61959;0.165262;1
1;-1.77344;0.145116;1
1;-1.51539;0.180142;1
1;-1.38759;0.199793;1
1;-1.26976;0.219299;1
1;-1.07908;0.253681;1
1;-1.61585;0.165778;1
1;-1.65632;0.160257;1
1;-1.09931;0.249869;1
1;-2.26509;0.0940554;1
1;-0.384811;0.404967;1
1;-1.64558;0.161707;1
1;-1.69008;0.155766;1
1;-1.06392;0.256561;1
1;-1.30633;0.213101;1
1;-0.790673;0.312024;1
1;-2.02499;0.116604;1
1;-0.969465;0.274987;1
1;-1.8371;0.137395;1
1;-1.39667;0.198345;1
1;-2.41065;0.0823643;1
1;-1.96032;0.123432;1
1;-1.68808;0.156028;1
1;-1.56136;0.173451;1
1;-1.74192;0.149069;1
1;-0.76244;0.318117;1
1;-1.66109;0.159615;1
1;-1.46573;0.187592;1
1;-1.93578;0.126113;1
1;-1.75766;0.147084;1
1;-0.857852;0.297788;1
1;-0.780189;0.314279;1
1;-1.72667;0.151014;1
1;-1.15615;0.239367;1
1;-1.60637;0.167093;1
1;-2.11559;0.107591;1
1;-1.81005;0.140633;1
1;-1.46228;0.188119;1
1;-1.57314;0.17177;1
1;-1.49079;0.183804;1
1;-2.40541;0.0827609;1
1;-1.37418;0.201945;1
1;-2.62;0.0678626;1
1;-2.10012;0.109085;1
1;-1.04123;0.260913;1
1;-1.32526;0.209944;1
1;-2.17732;0.101805;1
1;-1.90821;0.129182;1
1;-1.75625;0.147261;1
1;-1.33524;0.208295;1
1;-0.821905;0.305359;1
1;-1.79096;0.142955;1
1;-1.99259;0.119983;1
1;-2.05868;0.113179;1
1;-1.54634;0.175615;1
1;-1.22748;0.226623;1
1;-1.11181;0.247533;1
1;-1.18117;0.234841;1
1;-1.93291;0.126429;1
1;-2.05667;0.113381;1
1;-1.4207;0.194552;1
1;-2.61187;0.0683783;1
1;-2.00757;0.118411;1
1;-1.99625;0.119597;1
1;-2.06229;0.112816;1
1;-0.6875;0.334589;1
1;-1.02523;0.26401;1
1;-1.76115;0.146646;1
1;-0.783818;0.313498;1
1;-1.1921;0.232883;1
1;-1.89673;0.130479;1
1;-1.72824;0.150813;1
1;-1.12962;0.244231;1
1;-1.64194;0.162202;1
1;-1.61587;0.165775;1
1;-2.05667;0.11338;1
1;-1.31041;0.212419;1
1;-1.99515;0.119713;1
1;-0.908784;0.287249;1
1;-1.34563;0.206586;1
1;-1.40092;0.19767;1
1;-1.22063;0.227825;1
1;-2.08737;0.11033;1
1;-1.59874;0.168158;1
1;-1.53235;0.17765;1
1;-1.80426;0.141334;1
1;-1.57836;0.171027;1
1;-2.16224;0.103193;1
1;-1.40881;0.196422;1
1;-1.57076;0.172108;1
1;-1.67997;0.157099;1
1;-1.15164;0.240189;1
1;-2.19369;0.100318;1
1;-1.69791;0.154739;1
1;-0.945955;0.279699;1
1;-1.62731;0.1642;1
1;-2.27192;0.0934757;1
1;-1.92751;0.127027;1
1;-1.35685;0.204752;1
1;-1.26697;0.219777;1
1;-1.84161;0.136861;1
1;-1.37011;0.202602;1
1;-1.92168;0.127674;1
1;-1.31904;0.210978;1
1;-0.95725;0.277429;1
1;-1.00345;0.268264;1
1;-1.97261;0.122108;1
1;-1.61729;0.16558;1
1;-1.33036;0.2091;1
1;-1.67485;0.157779;1
1;-1.23315;0.22563;1
1;-1.20425;0.23072;1
1;-0.889709;0.29117;1
1;-0.181995;0.454626;1
1;-1.49426;0.183283;1
1;-1.17256;0.236393;1
1;-1.2883;0.216141;1
1;-1.67863;0.157277;1
1;-1.69068;0.155686;1
1;-1.92487;0.12732;1
1;-2.21402;0.0984984;1
1;-1.30272;0.213708;1
1;-0.896558;0.289758;1
1;-2.01047;0.118108;1
1;-2.20766;0.0990646;1
1;-1.24545;0.223488;1
1;-1.37159;0.202362;1
1;-1.48336;0.184921;1
1;-1.717;0.152258;1
1;-1.61382;0.166058;1
1;-2.20549;0.0992584;1
1;-2.22073;0.0979045;1
1;-1.08713;0.25216;1
1;-1.33348;0.208584;1
1;-1.03349;0.262407;1
1;-0.96629;0.275621;1
1;-1.22186;0.22761;1
1;-0.552608;0.365259;1
1;-1.3475;0.20628;1
1;-1.05694;0.257895;1
1;-1.26657;0.219845;1
1;-0.913037;0.286379;1
1;-2.04212;0.114851;1
1;-0.927838;0.283363;1
1;-1.65604;0.160295;1
1;-2.02557;0.116544;1
1;-1.37056;0.202529;1
1;-1.89837;0.130293;1
1;-1.86481;0.134143;1
1;-1.82571;0.138751;1
1;-1.70854;0.153354;1
1;-1.96109;0.123349;1
1;-1.20107;0.231284;1
1;-1.75166;0.147838;1
1;-1.54841;0.175316;1
1;-2.03138;0.115947;1
1;-1.40814;0.196528;1
1;-1.42521;0.193846;1
1;-1.15823;0.238989;1
1;-1.72161;0.151664;1
1;-0.586948;0.357336;1
1;-1.28922;0.215984;1
1;-1.50612;0.181514;1
1;-1.40411;0.197165;1
1;-2.03783;0.115288;1
1;-1.89566;0.130601;1
1;-1.59509;0.168669;1
1;-1.30288;0.21368;1
1;-2.29435;0.0915918;1
1;-2.16358;0.103069;1
1;-1.14302;0.241767;1
1;-2.00349;0.118837;1
1;-2.30575;0.090648;1
1;-1.78038;0.144257;1
1;-2.42027;0.0816401;1
1;-1.30662;0.213053;1
1;-1.54504;0.175804;1
1;-1.60994;0.166597;1
1;-2.09223;0.109854;1
1;-1.4089;0.196408;1
1;-1.169;0.237035;1
1;-0.223749;0.444295;1
1;-2.31087;0.0902264;1
1;-1.39469;0.198659;1
1;-2.21217;0.0986632;1
1;-1.95228;0.124305;1
1;-1.92014;0.127846;1
1;-0.496255;0.378421;1
1;-1.4892;0.184042;1
1;-1.73031;0.150548;1
1;-2.19902;0.0998389;1
1;-1.78183;0.144077;1
1;-0.718853;0.327646;1
1;-2.01763;0.117365;1
1;-1.50961;0.180996;1
1;-1.37194;0.202307;1
1;-1.30474;0.213369;1
1;-2.0012;0.119077;1
1;-1.24406;0.22373;1
1;-2.16483;0.102953;1
1;-1.83062;0.138165;1
1;-1.42293;0.194203;1
1;-1.02392;0.264265;1
1;-1.61988;0.165222;1
1;-1.17368;0.23619;1
1;-1.39888;0.197993;1
1;-2.02814;0.11628;1
1;-1.84612;0.136329;1
1;-1.3496;0.205937;1
1;-1.24131;0.224208;1
1;-1.15888;0.238871;1
1;-2.04608;0.114449;1
1;-0.205515;0.448801;1
1;-0.618359;0.350155;1
1;-1.49975;0.182464;1
1;-2.41722;0.0818693;1
1;-1.73116;0.15044;1
1;-1.15255;0.240023;1
1;-2.03154;0.115931;1
1;-1.44099;0.191392;1
1;-1.0877;0.252051;1
1;-1.57346;0.171724;1
1;-0.783186;0.313634;1
1;-1.38913;0.199547;1
1;-2.30414;0.0907807;1
1;-1.24276;0.223956;1
1;-1.45557;0.189146;1
1;-1.38595;0.200055;1
1;-2.10506;0.108606;1
1;-1.33062;0.209056;1
1;-1.2857;0.216581;1
1;-1.93997;0.125651;1
1;-2.40042;0.0831408;1
1;-1.96203;0.123247;1
1;-0.961335;0.276611;1
1;-1.61131;0.166406;1
1;-1.98196;0.12111;1
1;-1.33388;0.208518;1
1;-0.84415;0.300661;1
1;-0.878238;0.293543;1
1;-1.96429;0.123003;1
1;-1.52819;0.178259;1
1;-1.07306;0.254821;1
1;-0.932865;0.282344;1
1;-2.34787;0.0872354;1
1;-0.961025;0.276673;1
1;-1.27704;0.218054;1
1;-2.39019;0.0839237;1
1;-2.03328;0.115752;1
1;-1.03811;0.261515;1
1;-1.78864;0.143239;1
1;-1.6533;0.160664;1
1;-0.586229;0.3575;1
1;-1.06001;0.257308;1
1;-1.29712;0.214649;1
1;-1.527;0.178432;1
1;-2.22196;0.0977961;1
1;-1.93098;0.126642;1
1;-1.92907;0.126853;1
1;-1.80386;0.141382;1
1;-0.940619;0.280775;1
1;-1.67193;0.158166;1
1;-1.83605;0.137519;1
1;-1.43706;0.192001;1
1;-1.44214;0.191215;1
1;-1.40829;0.196504;1
1;-2.02871;0.116221;1
1;-1.27101;0.219084;1
1;-1.22689;0.226727;1
1;-1.56294;0.173225;1
1;-1.94044;0.1256;1
1;-2.02281;0.116829;1
1;-1.21981;0.227969;1
1;-1.25007;0.222688;1
1;-1.87923;0.132478;1
1;-1.29488;0.215028;1
1;-0.829002;0.303856;1
1;-1.62729;0.164202;1
1;-1.73541;0.149897;1
1;-2.09418;0.109663;1
1;-1.91304;0.128639;1
1;-2.08535;0.110529;1
1;-1.4529;0.189556;1
1;-1.30399;0.213494;1
1;-1.32037;0.210757;1
1;-1.85088;0.13577;1
1;-1.94845;0.124723;1
1;-1.83973;0.137084;1
1;-1.4514;0.189787;1
1;-2.51219;0.0750079;1
1;-1.049;0.259418;1
1;-1.89497;0.130679;1
1;-1.33909;0.207659;1
1;-1.4102;0.196202;1
1;-1.16972;0.236906;1
1;-0.604639;0.353283;1
1;-1.79862;0.142019;1
1;-1.39225;0.199049;1
1;-1.36751;0.203022;1
1;-1.69749;0.154793;1
1;-1.78496;0.143692;1
1;-0.746435;0.321599;1
1;-2.22456;0.0975662;1
1;-2.23123;0.0969811;1
1;-1.282;0.21721;1
1;-1.24969;0.222754;1
1;-1.01019;0.266943;1
1;-1.68969;0.155817;1
1;-2.10294;0.108811;1
1;-1.44983;0.190028;1
1;-1.24785;0.223072;1
1;-1.71562;0.152436;1
1;-1.70908;0.153283;1
1;-2.08865;0.110205;1
1;-1.45086;0.189869;1
1;-0.814585;0.306914;1
1;-1.4989;0.182589;1
1;-0.956835;0.277512;1
1;-1.04955;0.259311;1
1;-0.958593;0.27716;1
1;-2.31142;0.0901817;1
1;-0.406208;0.399822;1
1;-2.02026;0.117092;1
1;-1.19818;0.231799;1
1;-0.978513;0.273187;1
1;-1.32622;0.209785;1
1;-1.20777;0.230095;1
1;-0.545154;0.366989;1
1;-2.06977;0.11207;1
1;-1.43976;0.191583;1
1;-1.46705;0.187392;1
1;-1.80288;0.141501;1
1;-1.15168;0.240182;1
1;-0.845547;0.300368;1
1;-0.557627;0.364097;1
1;-1.08214;0.253102;1
1;-1.11239;0.247426;1
1;-1.70211;0.15419;1
1;-2.12563;0.106631;1
1;-1.50772;0.181278;1
1;-1.10748;0.248341;1
1;-0.753915;0.319969;1
1;-1.22326;0.227364;1
1;-1.83851;0.137227;1
1;-1.58436;0.170178;1
1;-1.96926;0.122469;1
1;-1.6985;0.154661;1
1;-1.49325;0.183434;1
1;-0.814858;0.306856;1
1;-0.796791;0.310712;1
1;-1.6749;0.157772;1
1;-2.24014;0.0962032;1
1;-1.61355;0.166096;1
1;-0.951012;0.278681;1
1;-1.86249;0.134413;1
1;-2.15038;0.104295;1
1;-1.20018;0.231443;1
1;-1.56718;0.172619;1
1;-0.677672;0.336781;1
1;-1.79052;0.143009;1
1;-1.79602;0.142336;1
1;-1.39518;0.198582;1
1;-2.04791;0.114264;1
1;-0.968342;0.275211;1
1;-2.08753;0.110315;1
1;-1.22946;0.226276;1
1;-2.31653;0.0897632;1
1;-1.58725;0.169771;1
1;-2.14566;0.104737;1
1;-1.6592;0.15987;1
1;-1.93161;0.126573;1
1;-1.68563;0.156351;1
1;-1.5299;0.178008;1
1;-1.20661;0.230302;1
1;-1.42244;0.194279;1
1;-1.10661;0.248503;1
1;-0.767279;0.317068;1
1;-0.923988;0.284146;1
1;-1.57345;0.171725;1
1;-1.61567;0.165803;1
1;-1.97227;0.122145;1
1;-1.86783;0.133793;1
1;-1.7632;0.14639;1
1;-0.610847;0.351866;1
1;-0.830878;0.303459;1
1;-1.61473;0.165933;1
1;-0.857049;0.297956;1
1;-1.90687;0.129332;1
1;-0.65209;0.342519;1
1;-1.11187;0.247523;1
1;-0.74584;0.321728;1
1;-2.25175;0.095199;1
1;-1.39677;0.198328;1
1;-1.80564;0.141166;1
1;-1.27779;0.217927;1
1;-0.838671;0.301815;1
1;-0.933026;0.282311;1
1;-2.15987;0.103413;1
1;-1.08048;0.253415;1
1;-1.15866;0.238911;1
1;-2.16622;0.102825;1
1;-0.302603;0.424921;1
1;-1.19669;0.232065;1
1;-1.25865;0.221206;1
1;-2.0373;0.115342;1
1;-2.14626;0.104681;1
1;-1.81267;0.140316;1
1;-0.812407;0.307378;1
1;-1.27586;0.218256;1
1;-1.18732;0.233738;1
1;-1.92695;0.127089;1
1;-1.15516;0.239548;1
1;-1.66679;0.158853;1
1;-1.92331;0.127493;1
1;-1.24826;0.223001;1
1;-2.03709;0.115364;1
1;-1.15838;0.238963;1
1;-1.72791;0.150854;1
1;-0.749607;0.320907;1
1;-2.07529;0.111522;1
1;-1.67422;0.157863;1
1;-1.8686;0.133703;1
1;-1.86572;0.134038;1
1;-2.11246;0.107892;1
1;-1.48956;0.183988;1
1;-1.77102;0.145416;1
1;-1.28007;0.217539;1
1;-1.60314;0.167544;1
1;-1.81042;0.140588;1
1;-1.8504;0.135827;1
1;-1.41812;0.194956;1
1;-1.64511;0.16177;1
1;-2.02799;0.116295;1
1;-1.67563;0.157675;1
1;-1.18068;0.234929;1
1;-1.86697;0.133893;1
1;-0.987092;0.271487;1
1;-1.77388;0.14506;1
1;-1.24102;0.224258;1
1;-1.69349;0.155317;1
1;-0.853008;0.298802;1
1;-0.732289;0.324693;1
1;-1.30178;0.213866;1
1;-2.38286;0.084489;1
1;-1.30604;0.21315;1
1;-1.34483;0.206717;1
1;-2.09817;0.109275;1
1;-1.86392;0.134246;1
1;-1.21742;0.228391;1
1;-1.7338;0.150102;1
1;-1.45618;0.189052;1
1;-1.82678;0.138622;1
1;-1.67828;0.157323;1
1;-1.42116;0.194479;1
1;-1.9773;0.121607;1
1;-1.53914;0.17666;1
1;-1.11929;0.246143;1
1;-2.02022;0.117096;1
1;-1.59231;0.16906;1
1;-2.03726;0.115346;1
1;-1.28172;0.217258;1
1;-1.25074;0.222573;1
1;-1.75592;0.147302;1
1;-0.638942;0.345486;1
1;-1.40292;0.197353;1
1;-1.71231;0.152864;1
1;-0.939032;0.281096;1
1;-0.909072;0.28719;1
1;-1.01211;0.266567;1
1;-1.01927;0.26517;1
1;-1.95246;0.124286;1
1;-1.60978;0.166619;1
1;-0.670365;0.338415;1
1;-1.74153;0.149119;1
1;-1.55206;0.174789;1
1;-2.14528;0.104773;1
1;-1.15547;0.239491;1
1;-1.16208;0.238289;1
1;-1.3698;0.202653;1
1;-1.29842;0.214431;1
1;-2.25803;0.0946588;1
1;-0.891934;0.290711;1
1;-1.66845;0.158631;1
1;-1.32626;0.209779;1
1;-2.37134;0.0853848;1
1;-1.42923;0.193218;1
1;-1.57112;0.172057;1
1;-1.53013;0.177975;1
1;-1.60139;0.167787;1
1;-1.48245;0.185057;1
1;-2.43387;0.0806264;1
1;-1.43504;0.192314;1
1;-1.63821;0.162709;1
1;-1.28042;0.217479;1
1;-1.85187;0.135654;1
1;-1.33145;0.20892;1
1;-2.01777;0.11735;1
1;-1.70528;0.153777;1
1;-1.57537;0.171452;1
1;-1.53153;0.177771;1
1;-1.77666;0.144716;1
1;-1.31774;0.211195;1
1;-1.55923;0.173757;1
1;-1.66;0.159762;1
1;-0.952651;0.278352;1
1;-0.984585;0.271983;1
1;-0.755273;0.319674;1
1;-2.00295;0.118893;1
1;-1.66402;0.159223;1
1;-1.88821;0.131449;1
1;-1.42303;0.194187;1
1;-1.33367;0.208554;1
1;-1.35758;0.204635;1
1;-1.79594;0.142345;1
1;-1.99537;0.11969;1
1;-2.34065;0.0878116;1
1;-2.08397;0.110664;1
1;-1.71601;0.152386;1
1;-2.45081;0.0793797;1
1;-1.39085;0.199272;1
1;-1.49415;0.1833;1
1;-2.10154;0.108947;1
1;-1.39843;0.198066;1
1;-1.47084;0.186816;1
1;-1.62713;0.164225;1
1;-2.0398;0.115087;1
1;-1.838;0.137288;1
1;-1.82089;0.139328;1
1;-0.88827;0.291467;1
1;-0.951777;0.278528;1
1;-1.32091;0.210667;1
1;-0.688488;0.334369;1
1;-1.46757;0.187312;1
1;-1.28559;0.216601;1
1;-1.56555;0.172852;1
1;-1.98516;0.120769;1
1;-1.33785;0.207864;1
1;-0.825817;0.30453;1
1;-1.01757;0.265501;1
1;-1.71159;0.152957;1
1;-1.65819;0.160004;1
1;-1.53078;0.177879;1
1;-1.34489;0.206707;1
1;-1.03926;0.261292;1
1;-1.07708;0.25406;1
1;-1.90588;0.129445;1
1;-2.10691;0.108427;1
1;-2.12133;0.107041;1
1;-1.59909;0.168109;1
1;-1.8397;0.137087;1
1;-1.58176;0.170547;1
1;-1.94094;0.125545;1
1;-1.24419;0.223708;1
1;-1.72699;0.150973;1
1;-2.04702;0.114354;1
1;-1.9302;0.126729;1
1;-1.8633;0.134319;1
1;-1.09736;0.250235;1
1;-1.15587;0.239418;1
1;-1.72788;0.150859;1
1;-0.958802;0.277118;1
1;-2.10248;0.108856;1
1;-1.21149;0.229438;1
1;-1.45541;0.18917;1
1;-0.576406;0.35976;1
1;-1.83195;0.138006;1
1;-1.08404;0.252743;1
1;-1.73954;0.149371;1
1;-1.03957;0.261234;1
1;-1.32061;0.210716;1
1;-1.63506;0.163139;1
1;-1.38685;0.199912;1
1;-2.25824;0.0946407;1
1;-2.08584;0.110481;1
1;-0.925147;0.28391;1
1;-1.88452;0.13187;1
1;-1.16806;0.237207;1
1;-0.884841;0.292176;1
1;-1.7091;0.153281;1
1;-1.26497;0.22012;1
1;-1.61631;0.165715;1
1;-1.50445;0.181763;1
1;-1.65336;0.160655;1
1;-1.59307;0.168953;1
1;-1.45263;0.189598;1
1;-2.36929;0.0855445;1
1;-1.59251;0.169031;1
1;-0.775913;0.315201;1
1;-1.87551;0.132906;1
1;-1.28609;0.216516;1
1;-1.65474;0.16047;1
1;-1.79241;0.142777;1
1;-1.34492;0.206702;1
1;-1.52318;0.178994;1
1;-2.4667;0.0782258;1
1;-1.62545;0.164455;1
1;-1.51734;0.179853;1
1;-1.23554;0.225213;1
1;-1.71674;0.152291;1
1;-1.63606;0.163002;1
1;-1.48604;0.184516;1
1;-1.782;0.144057;1
1;-2.21942;0.0980204;1
1;-1.42422;0.194001;1
1;-1.42453;0.193953;1
1;-1.89297;0.130906;1
1;-2.07657;0.111395;1
1;-1.86455;0.134173;1
1;-1.27625;0.218189;1
1;-2.61395;0.0682459;1
1;-0.919939;0.28497;1
1;-1.53527;0.177224;1
1;-1.11088;0.247707;1
1;-1.37728;0.201446;1
1;-1.15855;0.23893;1
1;-1.70594;0.153691;1
1;-1.75168;0.147835;1
1;-1.64707;0.161505;1
1;-2.22779;0.0972821;1
1;-1.24309;0.223898;1
1;-1.41033;0.196183;1
1;-1.04953;0.259316;1
1;-1.89923;0.130196;1
1;-1.12567;0.244961;1
1;-1.91855;0.128023;1
1;-1.45866;0.188672;1
1;-1.79285;0.142724;1
1;-0.939513;0.280999;1
1;-1.77173;0.145327;1
1;-1.71116;0.153013;1
1;-1.4066;0.196772;1
1;-1.99573;0.119652;1
1;-1.26183;0.220659;1
1;-2.09077;0.109997;1
1;-1.00422;0.268113;1
1;-1.75608;0.147282;1
1;-2.0712;0.111928;1
1;-1.92145;0.1277;1
1;-1.32077;0.21069;1
1;-1.79594;0.142347;1
1;-1.86578;0.134031;1
1;-1.56187;0.173378;1
1;-1.04186;0.26079;1
1;-1.23794;0.224795;1
1;-1.17159;0.236567;1
1;-1.72585;0.15112;1
1;-1.9877;0.1205;1
1;-2.36411;0.0859508;1
1;-1.15403;0.239754;1
1;-1.45973;0.188509;1
1;-1.78177;0.144085;1
1;-1.34907;0.206022;1
1;-1.65;0.161108;1
1;-0.932414;0.282435;1
1;-1.45805;0.188765;1
1;-1.37042;0.202552;1
1;-1.69409;0.155239;1
1;-0.930424;0.282839;1
1;-1.57423;0.171614;1
1;-1.76779;0.145817;1
1;-1.39094;0.199258;1
1;-0.744843;0.321946;1
1;-2.00369;0.118816;1
1;-2.08327;0.110733;1
1;-1.47685;0.185904;1
1;-1.65273;0.16074;1
1;-2.09536;0.109549;1
1;-1.31839;0.211086;1
1;-1.62414;0.164635;1
1;-1.21776;0.228331;1
1;-1.8814;0.132228;1
1;-1.40239;0.197437;1
1;-1.54455;0.175875;1
1;-1.14441;0.241511;1
1;-0.988456;0.271217;1
1;-1.76699;0.145917;1
1;-1.2252;0.227022;1
1;-1.78402;0.143808;1
1;-1.34586;0.206548;1
1;-1.12396;0.245277;1
1;-1.431;0.192943;1
1;-1.74946;0.148116;1
1;-1.30842;0.212752;1
1;-1.85971;0.134737;1
1;-2.07558;0.111493;1
1;-1.08177;0.253171;1
1;-1.30285;0.213687;1
1;-1.96092;0.123368;1
1;-2.3527;0.0868516;1
1;-1.53204;0.177695;1
1;-1.1389;0.242522;1
1;-1.88938;0.131315;1
1;-1.50468;0.181729;1
1;-1.81005;0.140632;1
1;-1.66633;0.158913;1
1;-1.3826;0.200591;1
1;-1.07855;0.25378;1
1;-1.86419;0.134215;1
1;-1.6623;0.159454;1
1;-1.92476;0.127331;1
1;-1.77153;0.145352;1
1;-1.79725;0.142186;1
1;-1.25205;0.222346;1
1;-1.01115;0.266755;1
1;-1.35292;0.205393;1
1;-1.43692;0.192022;1
1;-1.78853;0.143253;1
1;-1.39614;0.198429;1
1;-1.33847;0.207762;1
1;-1.17027;0.236805;1
1;-1.70723;0.153523;1
1;-1.41302;0.195758;1
1;-2.31743;0.0896893;1
1;-1.53476;0.177298;1
1;-1.86887;0.133673;1
1;-0.976747;0.273538;1
1;-2.31931;0.0895365;1
1;-1.5673;0.172602;1
1;-1.4058;0.196897;1
1;-2.28781;0.0921379;1
1;-1.73567;0.149864;1
1;-1.40104;0.197651;1
1;-2.10418;0.108691;1
1;-1.55373;0.174549;1
1;-1.4443;0.190881;1
1;-1.8189;0.139566;1
1;-1.30195;0.213837;1
1;-1.36806;0.202934;1
1;-1.39334;0.198875;1
1;-0.902864;0.288462;1
1;-1.16778;0.237256;1
1;-2.26179;0.0943377;1
1;-1.35729;0.204681;1
1;-1.40598;0.196869;1
1;-1.71242;0.15285;1
1;-1.73708;0.149685;1
1;-1.2233;0.227357;1
1;-1.812;0.140396;1
1;-1.75326;0.147637;1
1;-1.21498;0.22882;1
1;-0.825775;0.304539;1
1;-1.86136;0.134544;1
1;-1.75691;0.147178;1
1;-1.51007;0.180928;1
1;-0.750231;0.320771;1
1;-1.06436;0.256477;1
1;-1.11416;0.247096;1
1;-1.70616;0.153662;1
1;-1.81459;0.140084;1
1;-1.5348;0.177292;1
1;-1.03449;0.262215;1
1;-1.35123;0.20567;1
1;-0.677787;0.336755;1
1;-2.30124;0.0910202;1
1;-1.17035;0.236792;1
1;-1.233;0.225656;1
1;-1.77953;0.144361;1
1;-1.57335;0.171739;1
1;-1.98651;0.120627;1
1;-2.12062;0.107108;1
1;-1.76228;0.146504;1
1;-1.4601;0.188452;1
1;-1.69725;0.154825;1
1;-1.90847;0.129153;1
1;-0.935509;0.281808;1
1;-1.81784;0.139693;1
1;-0.786799;0.312856;1
1;-2.01636;0.117496;1
1;-1.45925;0.188582;1
1;-1.97548;0.121801;1
1;-1.86679;0.133914;1
1;-1.12922;0.244305;1
1;-1.42603;0.193719;1
1;-1.55454;0.174432;1
1;-1.95829;0.123652;1
1;-1.68221;0.156804;1
1;-1.69774;0.15476;1
1;-0.71933;0.32754;1
1;-1.92084;0.127768;1
1;-2.18892;0.10075;1
1;-0.864938;0.296309;1
1;-2.07897;0.111157;1
1;-2.22017;0.0979542;1
1;-1.85167;0.135677;1
1;-1.06071;0.257173;1
1;-1.31957;0.210889;1
1;-1.34379;0.206887;1
1;-1.36021;0.204206;1
1;-1.79117;0.14293;1
1;-0.944616;0.279969;1
1;-0.957196;0.27744;1
1;-1.78443;0.143756;1
1;-1.58766;0.169713;1
1;-1.98711;0.120563;1
1;-1.88816;0.131454;1
1;-0.917863;0.285394;1
1;-1.88317;0.132025;1
1;-1.35867;0.204456;1
1;-2.18331;0.10126;1
1;-1.54472;0.17585;1
1;-1.64207;0.162184;1
1;-1.48824;0.184185;1
1;-1.6707;0.158331;1
1;-1.73232;0.150292;1
1;-2.00486;0.118694;1
1;-0.921069;0.28474;1
1;-1.50413;0.18181;1
1;-0.561759;0.363141;1
1;-1.89205;0.131011;1
1;-2.22572;0.0974648;1
1;-1.6085;0.166797;1
1;-1.94186;0.125444;1
1;-1.29717;0.214642;1
1;-1.50428;0.181788;1
1;-2.15672;0.103705;1
1;-1.8767;0.132768;1
1;-1.36835;0.202886;1
1;-1.38483;0.200234;1
1;-2.43281;0.0807051;1
1;-1.64954;0.161171;1
1;-1.19289;0.232743;1
1;-1.15442;0.239683;1
1;-1.2138;0.229029;1
1;-1.52819;0.178259;1
1;-2.08572;0.110492;1
1;-1.50631;0.181487;1
1;-0.634103;0.346581;1
1;-1.6016;0.167757;1
1;-1.97642;0.121701;1
1;-2.13828;0.105432;1
1;-2.02018;0.117101;1
1;-1.41349;0.195684;1
1;-0.764746;0.317617;1
1;-1.83555;0.137578;1
1;-1.14438;0.241517;1
1;-1.71785;0.152148;1
1;-1.59519;0.168654;1
1;-1.5229;0.179034;1
1;-1.47805;0.185723;1
1;-0.821273;0.305493;1
1;-2.04873;0.114181;1
1;-1.91968;0.127897;1
1;-1.35958;0.204309;1
1;-0.447362;0.389988;1
1;-1.29803;0.214497;1
1;-0.533279;0.369753;1
1;-1.04041;0.26107;1
1;-2.37828;0.084844;1
1;-1.36237;0.203855;1
1;-2.45466;0.0790983;1
1;-0.924243;0.284094;1
1;-0.813959;0.307048;1
1;-1.7677;0.145829;1
1;-1.46912;0.187076;1
1;-0.749278;0.320979;1
1;-2.26814;0.0937965;1
1;-1.06904;0.255585;1
1;-1.85659;0.135101;1
1;-0.905879;0.287844;1
1;-1.15109;0.240289;1
1;-0.697313;0.332408;1
1;-1.77742;0.144622;1
1;-1.53256;0.177619;1
1;-0.279552;0.430564;1
1;-1.79121;0.142924;1
1;-1.36842;0.202875;1
1;-1.53367;0.177457;1
1;-1.96267;0.123179;1
1;-2.37572;0.0850431;1
1;-2.2354;0.0966162;1
1;-1.46459;0.187767;1
1;-0.611915;0.351623;1
1;-1.56738;0.17259;1
1;-1.03992;0.261165;1
1;-1.40559;0.19693;1
1;-1.89603;0.130559;1
1;-1.47346;0.186418;1
1;-1.2657;0.219994;1
1;-1.85858;0.134868;1
1;-1.55837;0.173881;1
1;-2.76763;0.0590985;1
1;-1.27943;0.217647;1
1;-1.11462;0.24701;1
1;-1.40928;0.196348;1
1;-1.45;0.190001;1
1;-1.25405;0.222001;1
1;-1.13253;0.243695;1
1;-1.40204;0.197493;1
1;-1.66285;0.159379;1
1;-0.938557;0.281192;1
1;-1.09371;0.250921;1
1;-1.64413;0.161904;1
1;-1.08841;0.251917;1
1;-1.68041;0.157041;1
1;-0.727704;0.325699;1
1;-0.306004;0.424091;1
1;-2.08597;0.110468;1
1;-1.31254;0.212061;1
1;-1.9546;0.124053;1
1;-1.14259;0.241845;1
1;-1.48048;0.185354;1
1;-1.34858;0.206103;1
1;-2.1714;0.102349;1
1;-1.89922;0.130197;1
1;-1.2198;0.227971;1
1;-1.5989;0.168135;1
1;-0.746076;0.321677;1
1;-1.06141;0.25704;1
1;-1.81459;0.140085;1
1;-0.57907;0.359147;1
1;-1.77236;0.14525;1
1;-1.48298;0.184978;1
1;-2.08458;0.110605;1
1;-1.42214;0.194326;1
1;-1.87787;0.132634;1
1;-1.23711;0.224939;1
1;-1.16692;0.237412;1
1;-1.35183;0.205572;1
1;-2.10156;0.108945;1
1;-1.763;0.146415;1
1;-0.958054;0.277268;1
1;-0.995097;0.269906;1
1;-1.60993;0.166599;1
1;-1.8974;0.130403;1
1;-0.766039;0.317337;1
1;-1.36516;0.203403;1
1;-1.22098;0.227765;1
1;-0.867566;0.295761;1
1;-1.28958;0.215924;1
1;-1.09154;0.251329;1
1;-1.33236;0.20877;1
1;-1.14221;0.241915;1
1;-1.37532;0.201762;1
1;-0.621015;0.349551;1
1;-0.829438;0.303764;1
1;-1.81262;0.140322;1
1;-0.589813;0.356678;1
1;-1.21572;0.228691;1
1;-1.12999;0.244163;1
1;-0.963409;0.276196;1
1;-1.78656;0.143495;1
1;-1.9662;0.122797;1
1;-0.121826;0.469581;1
1;-1.03823;0.261492;1
1;-1.10257;0.249259;1
1;-0.207875;0.448218;1
1;-2.84982;0.0546907;1
1;-1.04862;0.25949;1
1;-1.38293;0.200538;1
1;-0.795597;0.310968;1
1;-1.68117;0.156941;1
1;-2.42206;0.0815056;1
1;-2.06225;0.11282;1
1;-1.5678;0.17253;1
1;-1.95937;0.123535;1
1;-1.65381;0.160595;1
1;-1.29344;0.215271;1
1;-1.82497;0.138839;1
1;-1.4818;0.185156;1
1;-1.89534;0.130636;1
1;-1.44691;0.190478;1
1;-1.37406;0.201965;1
1;-1.46189;0.188179;1
1;-0.869836;0.295288;1
1;-1.94846;0.124722;1
1;-1.96827;0.122575;1
1;-2.10208;0.108895;1
1;-1.10229;0.24931;1
1;-1.62629;0.164339;1
1;-1.74255;0.148989;1
1;-1.34358;0.206922;1
1;-1.87391;0.13309;1
1;-0.790933;0.311968;1
1;-1.9233;0.127494;1
1;-2.27998;0.0927942;1
1;-1.3534;0.205315;1
1;-1.20332;0.230885;1
1;-2.08739;0.110329;1
1;-1.61083;0.166473;1
1;-1.91129;0.128836;1
1;-1.21715;0.228439;1
1;-1.32819;0.209459;1
1;-1.81665;0.139837;1
1;-1.12686;0.244741;1
1;-1.99759;0.119456;1
1;-1.388;0.199727;1
1;-1.66248;0.159429;1
1;-1.32051;0.210734;1
1;-2.15751;0.103631;1
1;-1.96135;0.123321;1
1;-0.81592;0.30663;1
1;-0.585494;0.357669;1
1;-0.465158;0.385763;1
1;-1.2511;0.22251;1
1;-0.263765;0.434439;1
1;-1.22641;0.226811;1
1;-1.01568;0.265869;1
1;-1.47855;0.185647;1
1;-1.14709;0.24102;1
1;-1.21616;0.228613;1
1;-1.34813;0.206176;1
1;-0.880529;0.293068;1
1;-2.12912;0.106298;1
1;-1.68206;0.156823;1
1;-2.3126;0.0900845;1
1;-1.60662;0.167058;1
1;-2.18176;0.101401;1
1;-1.67755;0.157421;1
1;-1.34121;0.20731;1
1;-1.84936;0.135948;1
1;-2.20669;0.0991518;1
1;-1.3978;0.198166;1
1;-1.09788;0.250138;1
1;-2.29704;0.091368;1
1;-1.56593;0.172798;1
1;-1.22545;0.226979;1
1;-0.830358;0.303569;1
1;-2.09277;0.109802;1
1;-1.54292;0.176111;1
1;-2.03171;0.115914;1
1;-2.28745;0.0921673;1
1;-1.12586;0.244926;1
1;-1.0964;0.250416;1
1;-1.25407;0.221996;1
1;-1.29052;0.215764;1
1;-2.01595;0.117539;1
1;-1.53733;0.176923;1
1;-1.41331;0.195713;1
1;-1.68457;0.156491;1
1;-1.37413;0.201954;1
1;-1.3477;0.206247;1
1;-1.12444;0.245188;1
1;-0.542893;0.367515;1
1;-1.32437;0.210092;1
1;-1.67186;0.158176;1
1;-1.3971;0.198277;1
1;-1.72042;0.151817;1
1;-2.28487;0.0923835;1
1;-0.241211;0.439988;1
1;-2.66594;0.065013;1
1;-0.784571;0.313336;1
1;-1.26966;0.219316;1
1;-1.05636;0.258005;1
1;-1.60984;0.166611;1
1;-1.81701;0.139793;1
1;-1.71602;0.152385;1
1;-2.0178;0.117347;1
1;-2.28591;0.0922967;1
1;-1.29386;0.2152;1
1;-1.53988;0.176553;1
1;-1.5053;0.181636;1
1;-0.977191;0.27345;1
1;-2.09077;0.109997;1
1;-1.36121;0.204044;1
1;-0.945699;0.279751;1
1;-2.69664;0.0631719;1
1;-2.166;0.102846;1
1;-1.40844;0.19648;1
1;-1.21872;0.228162;1
1;-0.140347;0.464971;1
1;-0.758577;0.318955;1
1;-2.2376;0.0964241;1
1;-1.48644;0.184456;1
1;0.167552;0.54179;0
1;-1.42933;0.193203;1
1;-1.88783;0.131492;1
1;-1.13279;0.243647;1
1;-1.72562;0.151149;1
1;-0.997985;0.269338;1
1;-1.20493;0.230599;1
1;-2.57863;0.0705265;1
1;-1.74546;0.148621;1
1;-1.51645;0.179985;1
1;-0.88898;0.29132;1
1;-1.99509;0.11972;1
1;-2.20955;0.0988962;1
1;-1.10456;0.248886;1
1;-2.23855;0.0963415;1
1;0.138414;0.534548;0
1;-1.98743;0.120529;1
1;-1.88441;0.131883;1
1;-1.20291;0.230959;1
1;-2.05858;0.113189;1
1;-1.79744;0.142162;1
1;-2.03004;0.116085;1
1;-2.18888;0.100754;1
1;-1.0603;0.257251;1
1;-1.02124;0.264786;1
1;-1.39169;0.199138;1
