0;0.972689;0.725655;0
0;1.15523;0.760465;0
0;0.972689;0.725655;0
0;1.50669;0.81857;0
0;1.26739;0.780295;0
0;0.960075;0.723137;0
0;1.23332;0.7744;0
0;1.04696;0.74019;0
0;1.31419;0.788214;0
0;1.12915;0.755682;0
0;1.45;0.809998;0
0;1.20241;0.768953;0
0;1.04657;0.740115;0
0;1.28319;0.782992;0
0;1.24705;0.776789;0
0;1.34161;0.792755;0
0;1.77081;0.854558;0
0;1.81332;0.859762;0
0;1.87263;0.866762;0
0;1.86509;0.865889;0
0;1.94378;0.874766;0
0;1.29464;0.784931;0
0;1.6767;0.842467;0
0;1.99063;0.87981;0
0;1.76608;0.85397;0
0;1.92102;0.872252;0
0;1.47454;0.813746;0
0;1.37418;0.798055;0
0;2.06351;0.887305;0
0;2.06597;0.887551;0
0;1.98466;0.879177;0
0;1.47096;0.813204;0
0;1.89249;0.86904;0
0;1.93119;0.873381;0
0;1.87347;0.866859;0
0;1.52965;0.821955;0
0;2.08724;0.889657;0
0;1.95904;0.876429;0
0;1.35619;0.79514;0
0;1.9165;0.871747;0
0;2.23957;0.903747;0
0;2.06327;0.887281;0
0;1.31748;0.788762;0
0;1.86448;0.865818;0
0;2.24434;0.904161;0
0;2.02323;0.883214;0
0;1.98754;0.879483;0
0;1.6692;0.841469;0
0;1.84149;0.863125;0
0;1.05827;0.742359;0
0;1.73288;0.84978;0
0;1.59124;0.830791;0
0;1.9404;0.874396;0
0;1.42081;0.805465;0
0;1.7644;0.85376;0
0;0.972689;0.725655;0
0;0.972689;0.725655;0
0;0.972689;0.725655;0
0;0.972689;0.725655;0
0;0.972689;0.725655;0
0;1.51279;0.819475;0
0;1.7465;0.851511;0
0;1.84255;0.86325;0
0;1.77499;0.855078;0
0;1.72165;0.848342;0
0;2.05178;0.886127;0
0;2.13956;0.89469;0
0;1.52104;0.820691;0
0;1.39486;0.801368;0
0;1.89626;0.869468;0
0;1.42761;0.806529;0
0;1.85118;0.864266;0
0;1.67213;0.841859;0
0;1.303;0.786339;0
0;1.46286;0.81197;0
0;1.58312;0.829646;0
0;1.63636;0.837039;0
0;1.43539;0.80774;0
0;1.67017;0.841599;0
0;1.18224;0.76535;0
0;2.01789;0.882662;0
0;1.45056;0.810084;0
0;1.90202;0.87012;0
0;1.94045;0.874402;0
0;1.69511;0.844895;0
0;1.47495;0.813809;0
0;1.62894;0.836025;0
0;1.23797;0.77521;0
0;1.59713;0.831617;0
0;1.68017;0.842927;0
0;2.06099;0.887054;0
0;1.45024;0.810035;0
0;1.72964;0.849367;0
0;1.51237;0.819412;0
0;1.84305;0.86331;0
0;1.66008;0.840249;0
0;1.44506;0.809237;0
0;1.65006;0.838899;0
0;1.56308;0.826794;0
0;1.39434;0.801284;0
0;1.1026;0.750747;0
0;1.58887;0.830458;0
0;1.31699;0.78868;0
0;1.54875;0.824734;0
0;1.39958;0.802118;0
0;1.14693;0.75895;0
0;1.55357;0.825428;0
0;1.58126;0.829383;0
0;1.35384;0.794756;0
0;1.86668;0.866074;0
0;1.38279;0.799439;0
0;1.55094;0.825049;0
0;1.40393;0.802806;0
0;1.3871;0.800128;0
0;1.49863;0.81737;0
0;1.36076;0.795883;0
0;1.44861;0.809784;0
0;1.79985;0.85813;0
0;1.71953;0.848068;0
0;1.28727;0.783685;0
0;1.6734;0.842028;0
0;0.943052;0.719716;0
0;1.53815;0.823195;0
0;1.5207;0.820641;0
0;1.24932;0.777182;0
0;1.43035;0.806955;0
0;1.31329;0.788063;0
0;2.25536;0.905112;0
0;0.979397;0.726988;0
0;0.893265;0.709563;0
0;1.69732;0.845184;0
0;1.50594;0.818458;0
0;1.14016;0.757709;0
0;1.26332;0.779597;0
0;1.83926;0.862861;0
0;1.20172;0.768831;0
0;1.64679;0.838457;0
0;1.61043;0.833471;0
0;1.52315;0.821003;0
0;1.72867;0.849242;0
0;1.74878;0.851799;0
0;1.83465;0.862315;0
0;0.84741;0.700024;0
0;1.27145;0.78099;0
0;0.905597;0.712098;0
0;1.29049;0.78423;0
0;1.26494;0.779875;0
0;1.4645;0.81222;0
0;0.910143;0.71303;0
0;1.18928;0.766612;0
0;0.994711;0.730017;0
0;1.10427;0.751059;0
0;1.09186;0.748731;0
0;0.863781;0.70345;0
0;0.981311;0.727368;0
0;0.545268;0.633037;0
0;0.987322;0.728559;0
0;0.764925;0.682422;0
0;1.57011;0.827799;0
0;0.5854;0.642309;0
0;1.56968;0.827738;0
0;0.900304;0.711012;0
0;0.79262;0.688394;0
0;0.379074;0.59365;0
0;1.0143;0.733861;0
0;1.16847;0.762869;0
0;1.21004;0.770307;0
0;1.20006;0.768536;0
0;1.38033;0.799045;0
0;1.17565;0.764165;0
0;1.1105;0.752223;0
0;0.940018;0.719103;0
0;0.803714;0.690768;0
0;1.10276;0.750777;0
0;1.54808;0.824636;0
0;1.11882;0.753769;0
0;1.15411;0.76026;0
0;0.494325;0.621125;0
0;1.29337;0.784717;0
0;1.02194;0.735351;0
0;1.10884;0.751912;0
0;0.877823;0.706371;0
0;1.19959;0.768452;0
0;0.5687;0.638463;0
0;1.18627;0.766074;0
0;0.934662;0.71802;0
0;0.824269;0.695142;0
0;1.12844;0.75555;0
0;1.17858;0.764692;0
0;0.983777;0.727857;0
0;1.16118;0.761547;0
0;1.3368;0.791963;0
0;1.03194;0.737292;0
0;1.1873;0.766258;0
0;1.10916;0.751972;0
0;1.15699;0.760786;0
0;0.972689;0.725655;0
0;0.883444;0.707535;0
0;0.986341;0.728365;0
0;1.29368;0.784769;0
0;0.97775;0.726662;0
0;0.811401;0.692408;0
0;0.972689;0.725655;0
0;1.15085;0.759666;0
0;0.972689;0.725655;0
0;0.972689;0.725655;0
0;0.972689;0.725655;0
0;0.898288;0.710598;0
0;0.972689;0.725655;0
0;0.972689;0.725655;0
0;0.972689;0.725655;0
0;0.786322;0.687041;0
0;0.891161;0.70913;0
0;0.972689;0.725655;0
0;1.08142;0.746762;0
0;1.21399;0.771003;0
0;1.02145;0.735255;0
0;1.34558;0.793406;0
0;0.728893;0.674562;0
0;1.25795;0.778674;0
0;1.17668;0.764351;0
0;1.21128;0.770526;0
0;0.972689;0.725655;0
0;0.734958;0.675892;0
0;0.972689;0.725655;0
0;0.834533;0.697313;0
0;1.29518;0.785022;0
0;0.910095;0.71302;0
0;1.35525;0.794986;0
0;1.3659;0.796716;0
0;1.26112;0.779219;0
0;1.06798;0.744213;0
0;1.40983;0.803739;0
0;1.36031;0.79581;0
0;1.38136;0.79921;0
0;1.25727;0.778556;0
0;1.44143;0.808676;0
0;1.3379;0.792144;0
0;1.45545;0.810836;0
0;1.45955;0.811464;0
0;1.08401;0.747253;0
0;1.12901;0.755657;0
0;1.12631;0.755158;0
0;1.20135;0.768764;0
0;1.13091;0.756006;0
0;0.87662;0.706121;0
0;0.669334;0.661354;0
0;1.2018;0.768845;0
0;1.30333;0.786395;0
0;1.26691;0.780213;0
0;1.00727;0.732486;0
0;1.09632;0.74957;0
0;0.638529;0.654421;0
0;0.63202;0.652947;0
0;0.591256;0.643653;0
0;0.812083;0.692553;0
0;1.01578;0.73415;0
0;0.791912;0.688242;0
0;0.879029;0.706621;0
0;1.09739;0.74977;0
0;0.447883;0.610136;0
0;0.934276;0.717942;0
0;0.564434;0.637478;0
0;0.894667;0.709852;0
0;0.949491;0.721013;0
0;0.492261;0.620639;0
0;0.858741;0.702397;0
0;0.646544;0.656231;0
0;0.82206;0.694673;0
0;0.861237;0.702919;0
0;0.717498;0.672056;0
0;0.677665;0.663217;0
0;0.415885;0.602498;0
0;0.31391;0.577839;0
0;0.531721;0.629884;0
0;0.926679;0.716401;0
0;0.537447;0.631218;0
0;0.660627;0.659401;0
0;0.508968;0.624564;0
0;0.681862;0.664154;0
0;1.02386;0.735724;0
0;0.816319;0.693454;0
0;0.567324;0.638145;0
0;1.03997;0.738843;0
0;0.509459;0.62468;0
0;0.713742;0.671227;0
0;0.350902;0.586836;0
0;0.623986;0.651124;0
0;0.706853;0.669706;0
0;0.895538;0.710032;0
0;0.901196;0.711195;0
0;1.2758;0.781734;0
0;0.73629;0.676184;0
0;0.5807;0.641228;0
0;0.574733;0.639855;0
0;0.758672;0.681065;0
0;0.991485;0.729381;0
0;0.866715;0.704062;0
0;0.594589;0.644417;0
0;1.20042;0.768599;0
0;0.704156;0.669109;0
0;0.934901;0.718069;0
0;0.600511;0.645773;0
0;0.875522;0.705893;0
0;0.783313;0.686394;0
0;0.795168;0.68894;0
0;1.40795;0.803443;0
0;1.11663;0.753362;0
0;0.946692;0.720449;0
0;1.32558;0.790109;0
0;1.1188;0.753766;0
0;1.1465;0.75887;0
0;1.14572;0.758728;0
0;1.09159;0.748682;0
0;0.979585;0.727026;0
0;1.28913;0.784;0
0;1.32582;0.790149;0
0;1.32818;0.79054;0
0;1.14977;0.759469;0
0;0.652352;0.65754;0
0;1.24619;0.776639;0
0;0.696995;0.667521;0
0;1.15288;0.760036;0
0;1.00678;0.73239;0
0;1.39362;0.80117;0
0;1.08031;0.746552;0
0;1.27582;0.781737;0
0;1.2603;0.779077;0
0;1.22302;0.772594;0
0;0.568452;0.638406;0
0;1.10117;0.750478;0
0;0.745492;0.678196;0
0;0.72848;0.674472;0
0;1.02638;0.736213;0
0;0.960691;0.72326;0
0;0.819073;0.69404;0
0;0.786326;0.687042;0
0;0.817398;0.693684;0
0;0.657239;0.65864;0
0;0.612242;0.648452;0
0;0.389221;0.596095;0
0;0.759642;0.681276;0
0;0.593513;0.644171;0
0;1.16341;0.761951;0
0;1.08074;0.746635;0
0;1.05375;0.741495;0
0;1.06383;0.743422;0
0;0.913497;0.713715;0
0;0.62674;0.65175;0
0;1.00921;0.732865;0
0;0.907871;0.712564;0
0;0.956758;0.722472;0
0;1.04239;0.739311;0
0;0.855087;0.701633;0
0;1.02666;0.736268;0
0;1.04629;0.740062;0
0;1.15173;0.759826;0
0;0.985047;0.728109;0
0;0.751067;0.679411;0
0;1.0212;0.735205;0
0;0.779098;0.685486;0
0;1.008;0.732629;0
0;0.977468;0.726605;0
0;0.888715;0.708625;0
0;0.642147;0.655239;0
0;1.18896;0.766555;0
0;0.885985;0.708061;0
0;1.22004;0.772071;0
0;1.14652;0.758875;0
0;0.959743;0.72307;0
0;1.34633;0.79353;0
0;0.535727;0.630818;0
0;0.883502;0.707547;0
0;1.31276;0.787974;0
0;1.56741;0.827414;0
0;1.50454;0.818251;0
0;1.45046;0.810069;0
0;1.52805;0.821721;0
0;1.47691;0.814105;0
0;1.41745;0.804938;0
0;1.43905;0.808308;0
0;1.19588;0.767791;0
0;1.69854;0.845344;0
0;1.04151;0.739141;0
0;0.984021;0.727905;0
0;1.61309;0.83384;0
0;1.39775;0.801826;0
0;1.02304;0.735564;0
0;1.35156;0.794385;0
0;1.33298;0.791334;0
0;1.4076;0.803387;0
0;1.07613;0.745761;0
0;1.19182;0.767066;0
0;1.3187;0.788965;0
0;1.30864;0.787285;0
0;1.15506;0.760435;0
0;1.2221;0.772433;0
0;0.844574;0.699428;0
0;1.25224;0.777687;0
0;0.89439;0.709795;0
0;1.12501;0.754916;0
0;0.882464;0.707333;0
0;1.21015;0.770326;0
0;1.26773;0.780353;0
0;1.16607;0.762435;0
0;0.924091;0.715875;0
0;1.22836;0.773531;0
0;1.20593;0.769579;0
0;0.962192;0.72356;0
0;1.12897;0.755649;0
0;1.25841;0.778752;0
0;1.00345;0.731736;0
0;1.29005;0.784156;0
0;0.917935;0.714621;0
0;1.24279;0.776049;0
0;1.213;0.77083;0
0;1.13004;0.755846;0
0;1.41686;0.804846;0
0;1.70264;0.845879;0
0;1.12556;0.755019;0
0;0.977452;0.726602;0
0;1.1984;0.768239;0
0;1.01637;0.734265;0
0;1.54619;0.824363;0
0;1.50202;0.817875;0
0;1.16536;0.762305;0
0;1.03245;0.737391;0
0;1.07249;0.745071;0
0;1.16621;0.76246;0
0;1.26919;0.780603;0
0;1.19052;0.766834;0
0;1.44836;0.809746;0
0;1.10242;0.750714;0
0;1.40429;0.802863;0
0;1.51517;0.819827;0
0;1.06845;0.744302;0
0;1.45304;0.810466;0
0;1.51551;0.819877;0
0;1.05388;0.741518;0
0;0.972689;0.725655;0
0;0.972689;0.725655;0
0;0.972689;0.725655;0
0;0.972689;0.725655;0
0;0.972689;0.725655;0
0;0.972689;0.725655;0
0;0.972689;0.725655;0
0;0.972689;0.725655;0
0;0.845833;0.699692;0
0;1.01151;0.733316;0
0;1.23329;0.774393;0
0;1.02433;0.735815;0
0;1.16975;0.7631;0
0;0.741691;0.677366;0
0;0.889155;0.708716;0
0;0.63401;0.653398;0
0;0.843684;0.699241;0
0;0.773639;0.684308;0
0;0.561111;0.63671;0
0;0.898261;0.710592;0
0;0.698617;0.667881;0
0;0.910334;0.713069;0
0;0.470513;0.615505;0
0;0.965922;0.724306;0
0;0.849311;0.700423;0
0;1.01636;0.734262;0
0;0.685816;0.665036;0
0;1.05174;0.741108;0
0;0.925112;0.716083;0
0;1.01945;0.734866;0
0;1.05631;0.741985;0
0;0.345848;0.58561;0
0;0.478701;0.617441;0
0;0.697714;0.667681;0
0;0.746335;0.67838;0
0;0.47072;0.615554;0
0;0.629031;0.65227;0
0;0.971929;0.725504;0
0;0.596317;0.644813;0
0;0.633758;0.653341;0
0;0.612811;0.648582;0
0;0.789936;0.687818;0
0;0.636211;0.653896;0
0;0.81943;0.694115;0
0;0.740832;0.677178;0
0;0.632093;0.652964;0
0;1.12236;0.754426;0
0;0.966189;0.724359;0
0;0.621267;0.650507;0
0;0.651871;0.657432;0
0;0.79697;0.689326;0
0;0.817589;0.693724;0
0;0.694447;0.666955;0
0;0.49221;0.620627;0
0;0.844284;0.699367;0
0;0.400331;0.598767;0
0;0.972352;0.725588;0
0;0.762568;0.681911;0
0;0.803982;0.690826;0
0;0.285031;0.570779;0
0;0.792386;0.688343;0
0;0.515382;0.626067;0
0;0.69592;0.667283;0
0;0.658069;0.658826;0
0;0.950288;0.721173;0
0;1.00655;0.732344;0
0;0.84358;0.699219;0
0;0.889016;0.708687;0
0;0.473427;0.616195;0
0;0.77814;0.685279;0
0;1.06017;0.742723;0
0;0.985992;0.728296;0
0;1.11806;0.753628;0
0;0.822866;0.694844;0
0;1.19125;0.766964;0
0;0.917251;0.714482;0
0;1.62746;0.835822;0
0;1.32949;0.790756;0
0;1.18663;0.766137;0
0;1.49751;0.817203;0
0;0.932616;0.717606;0
0;1.20628;0.76964;0
0;1.52808;0.821725;0
0;1.47362;0.813607;0
0;1.46279;0.811959;0
0;1.18293;0.765475;0
0;1.25782;0.77865;0
0;1.38328;0.799518;0
0;1.46936;0.81296;0
0;1.3415;0.792737;0
0;1.18619;0.766059;0
0;1.28981;0.784115;0
0;1.1046;0.75112;0
0;1.34699;0.793637;0
0;1.16883;0.762933;0
0;1.34233;0.792873;0
0;1.14407;0.758427;0
0;1.43298;0.807366;0
0;0.971005;0.72532;0
0;1.38736;0.80017;0
0;1.43926;0.80834;0
0;1.3931;0.801086;0
0;1.24148;0.775822;0
0;1.20739;0.769837;0
0;0.903749;0.711719;0
0;1.29323;0.784694;0
0;1.26353;0.779634;0
0;1.18115;0.765155;0
0;1.26767;0.780344;0
0;0.900552;0.711063;0
0;1.41409;0.80441;0
0;1.39187;0.800891;0
0;1.36324;0.796285;0
0;1.06057;0.742799;0
0;1.25346;0.777898;0
0;0.982886;0.72768;0
0;1.20849;0.770032;0
0;1.39016;0.800618;0
0;1.09883;0.750041;0
0;1.65088;0.83901;0
0;1.41581;0.80468;0
0;1.56153;0.826573;0
0;1.10143;0.750527;0
0;1.79524;0.857568;0
0;1.21591;0.771344;0
0;0.960101;0.723142;0
0;1.48966;0.816027;0
0;1.30726;0.787054;0
0;1.16347;0.761963;0
0;1.51945;0.820457;0
0;1.4642;0.812173;0
0;1.43217;0.807239;0
0;1.27065;0.780853;0
0;1.24067;0.77568;0
0;1.56126;0.826534;0
0;1.33388;0.791482;0
0;1.43592;0.807823;0
0;1.43594;0.807824;0
0;1.10317;0.750853;0
0;1.40443;0.802886;0
0;1.28172;0.782742;0
0;1.25954;0.778947;0
0;1.23489;0.774673;0
0;1.51892;0.82038;0
0;1.17434;0.763929;0
0;1.47093;0.813199;0
0;0.784714;0.686695;0
0;0.618852;0.649957;0
0;0.675113;0.662647;0
0;0.501471;0.622805;0
0;0.834009;0.697202;0
0;0.571592;0.63913;0
0;0.627462;0.651914;0
0;0.674119;0.662425;0
0;0.809713;0.692048;0
0;0.874378;0.705656;0
0;0.411156;0.601365;0
0;0.879911;0.706804;0
0;0.614574;0.648983;0
0;0.545543;0.633101;0
0;0.744091;0.67789;0
0;0.495089;0.621305;0
0;0.546711;0.633372;0
0;0.347608;0.586037;0
0;0.608174;0.647524;0
0;0.511397;0.625134;0
0;0.589465;0.643242;0
0;0.639252;0.654584;0
0;0.644098;0.655679;0
0;0.494516;0.62117;0
0;0.522735;0.627787;0
0;0.660743;0.659427;0
0;0.351996;0.587101;0
0;0.527832;0.628977;0
0;0.917449;0.714522;0
0;0.73375;0.675628;0
0;0.538296;0.631416;0
0;0.181422;0.545231;0
0;0.589516;0.643254;0
0;0.343459;0.58503;0
0;0.392189;0.596809;0
0;0.663814;0.660117;0
0;0.717934;0.672152;0
0;0.360548;0.589173;0
0;0.448297;0.610234;0
0;0.68911;0.665769;0
0;1.00793;0.732615;0
0;0.707109;0.669762;0
0;0.707973;0.669953;0
0;0.817182;0.693638;0
0;0.500748;0.622635;0
0;0.450622;0.610787;0
0;0.99898;0.730858;0
0;0.191305;0.547681;0
0;0.645456;0.655986;0
0;0.65303;0.657693;0
0;0.726906;0.674126;0
0;0.406461;0.600239;0
0;0.364533;0.590137;0
0;0.513992;0.625742;0
0;0.832296;0.69684;0
0;0.769389;0.683389;0
0;0.643627;0.655573;0
0;0.752796;0.679788;0
0;0.718738;0.672329;0
0;0.589906;0.643344;0
0;0.700916;0.668391;0
0;1.16169;0.761639;0
0;0.755138;0.680297;0
0;0.738064;0.676572;0
0;0.578607;0.640747;0
0;0.699473;0.668071;0
0;0.901779;0.711315;0
0;0.654226;0.657962;0
0;0.528698;0.629179;0
0;0.718233;0.672218;0
0;0.815545;0.69329;0
0;0.553739;0.635003;0
0;0.573682;0.639612;0
0;0.439724;0.608193;0
0;0.531874;0.62992;0
0;0.452876;0.611323;0
0;0.210615;0.55246;0
0;0.538834;0.631541;0
0;0.482667;0.618378;0
0;0.707332;0.669811;0
0;0.524049;0.628094;0
0;0.972689;0.725655;0
0;0.972689;0.725655;0
0;0.682455;0.664286;0
0;0.577218;0.640427;0
0;0.517379;0.626535;0
0;0.954655;0.72205;0
0;0.646375;0.656193;0
0;0.456362;0.612151;0
0;0.524807;0.628271;0
0;0.721741;0.67299;0
0;0.311694;0.577299;0
0;0.412698;0.601735;0
0;0.861021;0.702874;0
0;0.853314;0.701262;0
0;0.547842;0.633635;0
0;0.458027;0.612546;0
0;0.63769;0.654231;0
0;0.592855;0.64402;0
0;0.803572;0.690738;0
0;0.591623;0.643737;0
0;0.620478;0.650327;0
0;-0.521023;0.372613;1
0;0.566513;0.637958;0
0;0.476567;0.616937;0
0;0.20715;0.551603;0
0;0.38001;0.593875;0
0;0.428357;0.605481;0
0;0.293141;0.572765;0
0;0.26256;0.565266;0
0;0.706039;0.669525;0
0;0.109371;0.527315;0
0;0.32953;0.581645;0
0;0.699618;0.668103;0
0;0.411853;0.601532;0
0;0.361354;0.589368;0
0;0.640055;0.654766;0
0;0.456704;0.612232;0
0;0.542994;0.632509;0
0;0.675892;0.662821;0
0;0.716052;0.671737;0
0;0.370823;0.591658;0
0;0.869711;0.704686;0
0;0.361397;0.589379;0
0;0.974182;0.725952;0
0;0.473466;0.616204;0
0;1.70345;0.845984;0
0;1.59735;0.831648;0
0;1.75668;0.852793;0
0;1.63585;0.836969;0
0;1.38262;0.799412;0
0;1.60899;0.833271;0
0;1.84364;0.863378;0
0;1.63587;0.836972;0
0;1.81755;0.860272;0
0;1.83264;0.862076;0
0;1.57246;0.828133;0
0;1.7824;0.855993;0
0;1.36078;0.795887;0
0;1.37253;0.797788;0
0;1.61088;0.833534;0
0;1.49838;0.817333;0
0;1.63203;0.836447;0
0;1.3517;0.794407;0
0;1.36652;0.796817;0
0;1.74247;0.851;0
0;2.08657;0.889591;0
0;1.92846;0.873079;0
0;1.21717;0.771564;0
0;1.47005;0.813065;0
0;1.51422;0.819686;0
0;0.913124;0.713639;0
0;1.57483;0.828471;0
0;1.62862;0.835981;0
0;1.64156;0.837747;0
0;1.6733;0.842016;0
0;1.62398;0.835343;0
0;1.10904;0.75195;0
0;1.69509;0.844892;0
0;1.85033;0.864166;0
0;1.70812;0.846592;0
0;1.57973;0.829166;0
0;1.52969;0.821961;0
0;1.38332;0.799524;0
0;1.3544;0.794847;0
0;1.6702;0.841602;0
0;1.34552;0.793397;0
0;1.74994;0.851945;0
0;1.14462;0.758527;0
0;1.58348;0.829696;0
0;1.48719;0.815656;0
0;1.17689;0.764388;0
0;1.19024;0.766783;0
0;1.5024;0.817932;0
0;1.48761;0.815719;0
0;1.57615;0.828659;0
0;2.2936;0.908346;0
0;1.71344;0.847282;0
0;1.77314;0.854848;0
0;1.65055;0.838965;0
0;1.87685;0.867249;0
0;1.55233;0.825251;0
0;1.71432;0.847395;0
0;1.55335;0.825396;0
0;1.38956;0.800523;0
0;1.27151;0.781002;0
0;1.08642;0.747707;0
0;1.21579;0.771321;0
0;1.40185;0.802477;0
0;1.23629;0.774918;0
0;1.88664;0.868372;0
0;1.51042;0.819123;0
0;1.27757;0.782036;0
0;1.52734;0.821617;0
0;1.44144;0.808678;0
0;1.42456;0.806053;0
0;1.14364;0.758347;0
0;1.06795;0.744207;0
0;1.30711;0.787029;0
0;1.7613;0.853373;0
0;1.4893;0.815973;0
0;1.43773;0.808104;0
0;1.51709;0.82011;0
0;1.4327;0.807322;0
0;1.18454;0.765764;0
0;1.43782;0.808116;0
0;1.48412;0.815194;0
0;1.36361;0.796347;0
0;1.15511;0.760443;0
0;1.06679;0.743987;0
0;1.17419;0.763902;0
0;0.941269;0.719356;0
0;1.09149;0.748663;0
0;1.0388;0.738619;0
0;0.956531;0.722427;0
0;1.16704;0.76261;0
0;1.00979;0.732979;0
0;0.986267;0.72835;0
0;1.42179;0.805619;0
0;1.12923;0.755696;0
0;0.986875;0.72847;0
0;1.43465;0.807624;0
0;1.18726;0.76625;0
0;0.850059;0.70058;0
0;0.978987;0.726907;0
0;1.24418;0.77629;0
0;1.2802;0.782483;0
0;1.26904;0.780578;0
0;1.07098;0.744783;0
0;1.64352;0.838014;0
0;1.14478;0.758557;0
0;1.47179;0.813329;0
0;1.59257;0.830977;0
0;1.22819;0.773502;0
0;1.47923;0.814457;0
0;1.26146;0.779278;0
0;1.15242;0.759953;0
0;1.73367;0.849881;0
0;1.50907;0.818923;0
0;1.18059;0.765054;0
0;1.05084;0.740937;0
0;1.54052;0.82354;0
0;1.5253;0.821318;0
0;1.07339;0.745241;0
0;1.1295;0.755747;0
0;1.37867;0.798777;0
0;1.37523;0.798224;0
0;1.18996;0.766733;0
0;1.26604;0.780063;0
0;1.43251;0.807292;0
0;1.0843;0.747306;0
0;1.36177;0.796047;0
0;1.61251;0.833759;0
0;1.22869;0.77359;0
0;1.38473;0.799749;0
0;1.65914;0.840122;0
0;1.07083;0.744754;0
0;1.23153;0.774085;0
0;1.33096;0.790999;0
0;1.34218;0.792848;0
0;1.35302;0.794623;0
0;1.18615;0.766052;0
0;1.76005;0.853215;0
0;1.76986;0.85444;0
0;1.50179;0.817842;0
0;1.37425;0.798066;0
0;2.00144;0.880949;0
0;1.48269;0.814978;0
0;1.32422;0.789883;0
0;1.21709;0.771551;0
0;1.52446;0.821195;0
0;1.15174;0.759828;0
0;1.13287;0.756368;0
0;1.5484;0.824682;0
0;1.40232;0.802551;0
0;1.66176;0.840474;0
0;1.51889;0.820375;0
0;1.33243;0.791242;0
0;1.79119;0.857073;0
0;1.56676;0.827321;0
0;1.38248;0.799388;0
0;1.50622;0.8185;0
0;1.43955;0.808384;0
0;1.40484;0.802951;0
0;1.10326;0.75087;0
0;1.06163;0.743002;0
0;1.27081;0.780882;0
0;1.46751;0.812679;0
0;1.36878;0.797183;0
0;1.65918;0.840127;0
0;1.04179;0.739196;0
0;1.4418;0.808733;0
0;1.42911;0.806763;0
0;1.28144;0.782694;0
0;1.15753;0.760884;0
0;1.51162;0.819302;0
0;1.52612;0.821438;0
0;1.26289;0.779524;0
0;1.38743;0.800182;0
0;1.32346;0.789757;0
0;1.21344;0.770906;0
0;1.74647;0.851507;0
0;1.45308;0.810472;0
0;1.47174;0.813321;0
0;1.70746;0.846506;0
0;1.223;0.772592;0
0;1.39039;0.800655;0
0;1.29929;0.785715;0
0;1.36075;0.795881;0
0;1.50999;0.81906;0
0;1.5397;0.823422;0
0;1.27948;0.782362;0
0;1.27253;0.781176;0
0;1.09874;0.750024;0
0;1.73721;0.850332;0
0;1.31101;0.787682;0
0;1.40852;0.803532;0
0;1.47324;0.81355;0
0;1.38413;0.799653;0
0;1.54974;0.824876;0
0;1.5068;0.818586;0
0;1.30127;0.786048;0
0;1.2706;0.780845;0
0;1.20468;0.769356;0
0;1.20442;0.769311;0
0;1.19453;0.76755;0
0;1.35798;0.795432;0
0;1.17252;0.7636;0
0;2.06367;0.887322;0
0;2.14622;0.895315;0
0;2.28496;0.907624;0
0;2.37586;0.914968;0
0;2.07049;0.888002;0
0;2.51466;0.925163;0
0;2.20657;0.900838;0
0;2.17584;0.898059;0
0;2.43363;0.919356;0
0;2.64847;0.933917;0
0;1.72112;0.848273;0
0;1.94395;0.874786;0
0;2.24879;0.904546;0
0;1.98627;0.879348;0
0;1.8526;0.864433;0
0;1.92281;0.872451;0
0;2.02597;0.883497;0
0;2.51679;0.925311;0
0;1.45192;0.810293;0
0;1.96929;0.877535;0
0;1.96517;0.877092;0
0;1.8867;0.868378;0
0;2.19379;0.899691;0
0;2.19041;0.899385;0
0;2.06198;0.887153;0
0;1.94226;0.8746;0
0;2.08097;0.88904;0
0;1.6377;0.837222;0
0;1.99836;0.880625;0
0;2.17024;0.897545;0
0;1.83192;0.86199;0
0;1.93161;0.873428;0
0;2.20126;0.900363;0
0;2.10495;0.891384;0
0;1.96515;0.877089;0
0;1.41273;0.804197;0
0;1.95986;0.876518;0
0;2.31299;0.909947;0
0;1.90433;0.87038;0
0;1.79779;0.85788;0
0;1.77954;0.855641;0
0;1.87822;0.867406;0
0;2.03139;0.884054;0
0;2.0148;0.882343;0
0;2.08915;0.889845;0
0;2.67346;0.935442;0
0;1.79965;0.858106;0
0;1.82138;0.860732;0
0;2.30232;0.909069;0
0;2.24961;0.904617;0
0;1.97789;0.878456;0
0;2.49738;0.923958;0
0;1.91316;0.871374;0
0;1.89044;0.868806;0
0;2.03427;0.884349;0
0;2.40535;0.917234;0
0;1.68728;0.843866;0
0;2.15863;0.896473;0
0;2.26684;0.906093;0
0;2.17097;0.897612;0
0;2.03353;0.884273;0
0;1.95692;0.8762;0
0;2.14998;0.895667;0
0;2.45434;0.920878;0
0;2.19597;0.899887;0
0;1.93035;0.873288;0
0;2.18009;0.898448;0
0;2.12716;0.893515;0
0;1.96786;0.877382;0
0;0.777999;0.685249;0
0;1.09985;0.750232;0
0;1.15485;0.760396;0
0;0.993043;0.729689;0
0;1.12848;0.755558;0
0;0.724823;0.673668;0
0;0.669899;0.661481;0
0;0.260667;0.5648;0
0;0.966149;0.724351;0
0;0.917924;0.714619;0
0;1.19738;0.768059;0
0;0.7328;0.675419;0
0;1.10327;0.750871;0
0;0.956999;0.722521;0
0;1.13583;0.756913;0
0;1.06269;0.743205;0
0;0.771466;0.683838;0
0;0.804796;0.691;0
0;0.858997;0.702451;0
0;0.732762;0.675411;0
0;0.914764;0.713974;0
0;0.747737;0.678685;0
0;1.17751;0.7645;0
0;0.991021;0.72929;0
0;1.08223;0.746916;0
0;0.945753;0.72026;0
0;0.48214;0.618253;0
0;0.756898;0.68068;0
0;0.790437;0.687925;0
0;0.907762;0.712542;0
0;1.14435;0.758478;0
0;0.904466;0.711866;0
0;1.28752;0.783728;0
0;0.953573;0.721833;0
0;1.02648;0.736234;0
0;1.1948;0.767599;0
0;1.01429;0.733859;0
0;1.05196;0.74115;0
0;0.860829;0.702834;0
0;1.05577;0.741881;0
0;0.94154;0.719411;0
0;0.91323;0.713661;0
0;0.916249;0.714277;0
0;0.734229;0.675733;0
0;0.678028;0.663298;0
0;0.780549;0.685798;0
0;0.436943;0.60753;0
0;0.567876;0.638273;0
0;0.6731;0.662197;0
0;0.957965;0.722714;0
0;0.814918;0.693156;0
0;0.448647;0.610317;0
0;0.821996;0.69466;0
0;0.814328;0.693031;0
0;0.927104;0.716487;0
0;0.900743;0.711102;0
0;0.849682;0.7005;0
0;1.00966;0.732954;0
0;0.861119;0.702894;0
0;1.0426;0.739351;0
0;0.960144;0.723151;0
0;1.03205;0.737314;0
0;0.926548;0.716374;0
0;0.948141;0.720741;0
0;0.885239;0.707907;0
0;1.01727;0.734441;0
0;0.872308;0.705226;0
0;1.13731;0.757186;0
0;1.04215;0.739264;0
0;0.940633;0.719227;0
0;1.32199;0.789513;0
0;0.525106;0.628341;0
0;1.16092;0.7615;0
0;0.980805;0.727268;0
0;0.848808;0.700317;0
0;1.12206;0.75437;0
0;0.921967;0.715443;0
0;1.3735;0.797945;0
0;1.3747;0.798138;0
0;1.29085;0.78429;0
0;1.28752;0.783727;0
0;1.18003;0.764953;0
0;1.2385;0.775303;0
0;1.1573;0.760841;0
0;0.799816;0.689935;0
0;1.21622;0.771398;0
0;0.491008;0.620344;0
0;0.547533;0.633563;0
0;1.19159;0.767026;0
0;0.983387;0.72778;0
0;1.21776;0.771669;0
0;1.30991;0.787497;0
0;1.00407;0.731859;0
0;1.16132;0.761572;0
0;1.0828;0.747023;0
0;1.18684;0.766176;0
0;1.30727;0.787055;0
0;1.45941;0.811442;0
0;1.34731;0.793689;0
0;1.29386;0.7848;0
0;1.04149;0.739137;0
0;0.946993;0.72051;0
0;1.15954;0.761249;0
0;1.22125;0.772283;0
0;1.53503;0.822741;0
0;1.42235;0.805707;0
0;0.936765;0.718446;0
0;0.998844;0.730831;0
0;0.915748;0.714175;0
0;1.18157;0.765229;0
0;1.28054;0.782542;0
0;1.32098;0.789344;0
0;0.979669;0.727042;0
0;1.08666;0.747752;0
0;1.17755;0.764507;0
0;1.02156;0.735277;0
0;1.25302;0.777822;0
0;1.18466;0.765785;0
0;1.38019;0.799022;0
0;1.51663;0.820041;0
0;1.42315;0.805831;0
0;0.77628;0.684878;0
0;1.45136;0.810208;0
0;1.05111;0.740988;0
0;1.06865;0.744341;0
0;0.926996;0.716465;0
0;1.1384;0.757385;0
0;1.40357;0.80275;0
0;1.19045;0.766821;0
0;1.14848;0.759233;0
0;0.894751;0.70987;0
0;1.32217;0.789543;0
0;0.848966;0.70035;0
0;1.42436;0.806021;0
0;1.54281;0.823873;0
0;1.62877;0.836001;0
0;1.34838;0.793864;0
0;1.42961;0.80684;0
0;1.50699;0.818615;0
0;1.74137;0.850861;0
0;1.45326;0.8105;0
0;1.44012;0.808473;0
0;1.36907;0.79723;0
0;1.55812;0.826084;0
0;1.67322;0.842005;0
0;1.53393;0.822581;0
0;1.64618;0.838374;0
0;1.37647;0.798423;0
0;1.12406;0.754741;0
0;1.62267;0.835163;0
0;1.2731;0.781273;0
0;1.52003;0.820543;0
0;1.26196;0.779363;0
0;1.69439;0.8448;0
0;1.3791;0.798846;0
0;1.34467;0.793257;0
0;0.972689;0.725655;0
0;1.44301;0.808921;0
0;1.67176;0.84181;0
0;1.25817;0.778711;0
0;1.33651;0.791916;0
0;1.54253;0.823832;0
0;1.89049;0.868811;0
0;1.4703;0.813103;0
0;1.16865;0.7629;0
0;1.06212;0.743096;0
0;1.70557;0.846261;0
0;1.58995;0.83061;0
0;1.05504;0.741741;0
0;1.46124;0.811722;0
0;1.34824;0.793841;0
0;1.45751;0.811152;0
0;1.05419;0.741578;0
0;1.22421;0.772804;0
0;1.27228;0.781132;0
0;1.2585;0.778768;0
0;1.0641;0.743472;0
0;1.33943;0.792397;0
0;1.28917;0.784007;0
0;1.24246;0.775992;0
0;1.60124;0.832191;0
0;1.47657;0.814054;0
0;1.33573;0.791786;0
0;1.52341;0.821041;0
0;0.91707;0.714445;0
0;1.17529;0.764099;0
0;1.54308;0.823912;0
0;1.0845;0.747344;0
0;0.964083;0.723939;0
0;1.42615;0.806301;0
0;1.73798;0.850431;0
0;1.47798;0.814267;0
0;1.15497;0.760418;0
0;1.44476;0.809191;0
0;1.78667;0.856518;0
0;1.03734;0.738336;0
0;1.46335;0.812044;0
0;2.01127;0.881975;0
0;1.69691;0.845131;0
0;1.11896;0.753796;0
0;0.642236;0.655259;0
0;0.764444;0.682318;0
0;0.520038;0.627157;0
0;0.839877;0.698439;0
0;0.79436;0.688767;0
0;1.08752;0.747915;0
0;0.723711;0.673424;0
0;0.873194;0.70541;0
0;0.580891;0.641272;0
0;1.06339;0.743337;0
0;0.676747;0.663012;0
0;0.676456;0.662947;0
0;1.41404;0.804402;0
0;1.21238;0.770719;0
0;1.16821;0.762821;0
0;0.863024;0.703292;0
0;1.08252;0.746971;0
0;0.359189;0.588844;0
0;1.08335;0.747128;0
0;0.734345;0.675758;0
0;1.01948;0.734871;0
0;0.726013;0.67393;0
0;1.28047;0.782529;0
0;1.36485;0.796547;0
0;1.19232;0.767156;0
0;1.02417;0.735784;0
0;1.12742;0.755363;0
0;0.863207;0.70333;0
0;1.06963;0.744527;0
0;0.941747;0.719452;0
0;0.939906;0.719081;0
0;1.32621;0.790213;0
0;1.08817;0.748037;0
0;1.40717;0.803319;0
0;1.49677;0.817093;0
0;1.23153;0.774086;0
0;0.84479;0.699473;0
0;0.988194;0.728731;0
0;1.00273;0.731595;0
0;0.868813;0.704499;0
0;1.20885;0.770096;0
0;0.989863;0.729061;0
0;1.37713;0.79853;0
0;1.24565;0.776546;0
0;1.33252;0.791257;0
0;1.02729;0.73639;0
0;1.07165;0.744911;0
0;1.49678;0.817094;0
0;1.49581;0.816948;0
0;1.18305;0.765495;0
0;1.12599;0.755097;0
0;1.26341;0.779612;0
0;1.11929;0.753856;0
0;1.02901;0.736724;0
0;1.31872;0.788969;0
0;0.912057;0.713421;0
0;1.21546;0.771263;0
0;1.04721;0.740239;0
0;1.25954;0.778947;0
0;1.09887;0.750049;0
0;1.06755;0.744131;0
0;1.13317;0.756424;0
0;1.36275;0.796206;0
0;0.943023;0.71971;0
0;1.33191;0.791157;0
0;1.04276;0.739383;0
0;1.20936;0.770186;0
0;1.03476;0.737838;0
0;1.18299;0.765486;0
0;1.53504;0.822743;0
0;1.44621;0.809415;0
0;1.43272;0.807325;0
0;1.38541;0.799858;0
0;1.59154;0.830833;0
0;1.43651;0.807913;0
0;1.51129;0.819252;0
0;1.39087;0.80073;0
0;1.31293;0.788003;0
0;1.22448;0.77285;0
0;1.27808;0.782122;0
0;1.25803;0.778687;0
0;1.69617;0.845034;0
0;1.39748;0.801784;0
0;1.36801;0.797058;0
0;0.911302;0.713267;0
0;1.45161;0.810246;0
0;1.19487;0.767611;0
0;0.88239;0.707317;0
0;1.4062;0.803166;0
0;1.38695;0.800105;0
0;0.993353;0.72975;0
0;1.05;0.740775;0
0;1.59764;0.831688;0
0;1.01461;0.733921;0
0;1.4802;0.814603;0
0;1.25063;0.777408;0
0;1.26497;0.77988;0
0;1.23096;0.773987;0
0;1.3361;0.791848;0
0;1.14285;0.758203;0
0;1.27144;0.780988;0
0;0.9872;0.728535;0
0;1.49487;0.816808;0
0;1.49443;0.816742;0
0;1.32979;0.790805;0
0;1.35221;0.794491;0
0;1.31794;0.788839;0
0;1.23023;0.773859;0
0;1.28579;0.783434;0
0;1.3192;0.789048;0
0;1.12495;0.754906;0
0;1.15683;0.760756;0
0;1.33848;0.792241;0
0;1.29097;0.784311;0
0;0.991132;0.729311;0
0;1.36409;0.796424;0
0;1.08922;0.748236;0
0;1.13713;0.757153;0
0;1.36553;0.796657;0
0;0.88375;0.707599;0
0;1.35568;0.795057;0
0;1.3655;0.796651;0
0;1.5619;0.826626;0
0;1.28664;0.783578;0
0;1.4471;0.809552;0
0;1.50405;0.818178;0
0;1.23444;0.774594;0
0;1.33106;0.791016;0
0;1.31285;0.78799;0
0;1.15807;0.760982;0
0;1.26164;0.779309;0
0;1.32913;0.790697;0
0;1.15046;0.759594;0
0;1.02677;0.736289;0
0;1.15858;0.761074;0
0;1.69085;0.844335;0
0;1.73107;0.849549;0
0;1.72901;0.849286;0
0;1.72357;0.848589;0
0;1.88287;0.86794;0
0;2.54042;0.926927;0
0;1.58088;0.829328;0
0;1.48541;0.815388;0
0;2.13504;0.894263;0
0;2.0439;0.88533;0
0;1.61096;0.833545;0
0;1.92172;0.87233;0
0;1.9813;0.87882;0
0;1.83183;0.86198;0
0;1.91631;0.871726;0
0;1.90953;0.870966;0
0;1.50746;0.818684;0
0;2.06628;0.887582;0
0;1.38598;0.79995;0
0;1.99885;0.880676;0
0;1.02555;0.736053;0
0;1.8075;0.859059;0
0;1.82568;0.861247;0
0;1.38879;0.800399;0
0;1.25276;0.777778;0
0;1.03091;0.737091;0
0;1.50774;0.818726;0
0;1.86722;0.866136;0
0;1.67227;0.841878;0
0;1.79381;0.857394;0
0;1.54161;0.823699;0
0;1.80111;0.858283;0
0;1.9928;0.880039;0
0;1.68605;0.843704;0
0;2.06252;0.887206;0
0;1.61584;0.834221;0
0;1.32126;0.789391;0
0;2.12941;0.893729;0
0;1.94805;0.875233;0
0;1.75413;0.852473;0
0;1.57204;0.828074;0
0;1.8805;0.867668;0
0;1.74692;0.851564;0
0;1.9803;0.878713;0
0;1.40459;0.802911;0
0;1.72302;0.848517;0
0;1.76352;0.85365;0
0;1.56701;0.827357;0
0;1.90737;0.870724;0
0;1.66982;0.841552;0
0;1.71348;0.847287;0
0;1.36444;0.79648;0
0;1.37514;0.79821;0
0;1.5146;0.819742;0
0;1.4325;0.80729;0
0;1.40687;0.803271;0
0;1.34133;0.792708;0
0;1.52957;0.821944;0
0;1.37652;0.798431;0
0;1.18214;0.765332;0
0;1.50882;0.818887;0
0;2.19092;0.899431;0
0;1.93021;0.873272;0
0;1.76197;0.853456;0
0;1.26727;0.780275;0
0;1.33228;0.791217;0
0;1.71393;0.847345;0
0;1.37956;0.798921;0
0;1.31065;0.787622;0
0;1.59914;0.831899;0
0;1.60872;0.833233;0
0;1.60132;0.832203;0
0;1.13601;0.756947;0
0;0.912731;0.713559;0
0;1.12672;0.755234;0
0;0.701805;0.668588;0
0;1.28773;0.783763;0
0;0.677341;0.663145;0
0;0.510843;0.625004;0
0;0.580189;0.641111;0
0;1.03802;0.738468;0
0;0.862471;0.703177;0
0;1.33344;0.791409;0
0;1.07249;0.74507;0
0;0.76533;0.68251;0
0;1.18258;0.765411;0
0;1.50349;0.818095;0
0;1.15227;0.759926;0
0;1.3629;0.796231;0
0;1.19872;0.768297;0
0;0.93589;0.718269;0
0;0.528116;0.629044;0
0;1.49059;0.816167;0
0;0.619702;0.650151;0
0;1.03648;0.738171;0
0;1.05801;0.742311;0
0;0.457804;0.612493;0
0;0.908411;0.712675;0
0;0.471987;0.615854;0
0;1.43972;0.808412;0
0;1.40153;0.802426;0
0;0.96936;0.724992;0
0;0.566253;0.637898;0
0;1.77528;0.855114;0
0;1.33298;0.791333;0
0;0.472233;0.615912;0
0;1.40712;0.803312;0
0;1.40789;0.803433;0
0;0.748021;0.678747;0
0;0.668961;0.66127;0
0;0.917106;0.714452;0
0;0.669255;0.661336;0
0;1.51201;0.819359;0
0;1.62646;0.835684;0
0;1.01352;0.733708;0
0;1.30962;0.787449;0
0;0.950679;0.721252;0
0;1.04444;0.739706;0
0;0.957557;0.722632;0
0;0.63339;0.653258;0
0;1.02731;0.736393;0
0;1.01454;0.733907;0
0;1.2669;0.780212;0
0;0.730221;0.674854;0
0;1.35668;0.795219;0
0;0.99389;0.729856;0
0;0.97649;0.726411;0
0;1.19554;0.76773;0
0;1.15408;0.760255;0
0;1.5039;0.818155;0
0;1.2247;0.772889;0
0;1.0608;0.742844;0
0;1.31231;0.787899;0
0;1.03597;0.738072;0
0;1.63348;0.836645;0
0;0.838635;0.698178;0
0;0.764589;0.682349;0
0;1.25623;0.778376;0
0;1.38387;0.799612;0
0;1.0063;0.732296;0
0;0.842285;0.698946;0
0;1.6772;0.842533;0
0;1.15886;0.761125;0
0;1.28962;0.784083;0
0;1.15628;0.760656;0
0;1.49839;0.817334;0
0;1.29905;0.785675;0
0;1.062;0.743072;0
0;1.82561;0.861238;0
0;1.27192;0.781071;0
0;1.31778;0.788812;0
0;1.16516;0.762269;0
0;0.962893;0.723701;0
0;1.2063;0.769643;0
0;1.43977;0.808419;0
0;1.35829;0.795482;0
0;1.11266;0.752624;0
0;1.06847;0.744305;0
0;1.4588;0.811349;0
0;1.47112;0.813228;0
0;1.15064;0.759627;0
0;1.44998;0.809995;0
0;1.13353;0.75649;0
0;1.11334;0.752751;0
0;1.48995;0.816071;0
0;1.49091;0.816215;0
0;1.77566;0.85516;0
0;1.26713;0.78025;0
0;1.48191;0.814861;0
0;0.889798;0.708848;0
0;0.812265;0.692592;0
0;1.0244;0.735829;0
0;0.822783;0.694827;0
0;0.973693;0.725855;0
0;0.798881;0.689735;0
0;1.07953;0.746405;0
0;0.622804;0.650856;0
0;1.36861;0.797155;0
0;1.40066;0.802289;0
0;0.912534;0.713518;0
0;1.02969;0.736856;0
0;1.35554;0.795033;0
0;0.956832;0.722487;0
0;0.821543;0.694564;0
0;1.30615;0.786869;0
0;1.02309;0.735574;0
0;1.1404;0.757753;0
0;0.93502;0.718093;0
0;1.33205;0.79118;0
0;1.23214;0.774193;0
0;0.818432;0.693903;0
0;1.31775;0.788807;0
0;1.09075;0.748522;0
0;0.803111;0.690639;0
0;1.38102;0.799154;0
0;1.4128;0.804207;0
0;1.10585;0.751354;0
0;1.33156;0.791099;0
0;1.11257;0.752608;0
0;1.36634;0.796788;0
0;0.979823;0.727073;0
0;1.43888;0.80828;0
0;1.21091;0.77046;0
0;0.960103;0.723142;0
0;1.11682;0.753399;0
0;1.32591;0.790163;0
0;1.27267;0.7812;0
0;1.65366;0.839385;0
0;1.35343;0.794689;0
0;1.58208;0.829498;0
0;0.952628;0.721643;0
0;1.42829;0.806634;0
0;1.67482;0.842218;0
0;1.41208;0.804093;0
0;0.437101;0.607568;0
0;0.425479;0.604794;0
0;0.458578;0.612677;0
0;0.763071;0.68202;0
0;0.575362;0.64;0
0;0.25914;0.564425;0
0;0.519264;0.626976;0
0;0.677713;0.663228;0
0;0.657542;0.658708;0
0;0.85099;0.700775;0
0;0.659018;0.65904;0
0;0.610247;0.647997;0
0;0.642319;0.655277;0
0;0.716959;0.671937;0
0;0.543873;0.632713;0
0;0.749362;0.67904;0
0;0.573128;0.639485;0
0;0.704347;0.669151;0
0;0.537917;0.631328;0
0;0.282523;0.570165;0
0;0.355775;0.588017;0
0;0.343041;0.584929;0
0;0.566365;0.637924;0
0;0.65496;0.658127;0
0;0.370897;0.591676;0
0;0.721398;0.672915;0
0;0.566731;0.638009;0
0;0.923266;0.715707;0
0;0.615401;0.649172;0
0;0.499027;0.622231;0
0;0.795327;0.688974;0
0;0.637785;0.654253;0
0;0.745665;0.678234;0
0;0.573774;0.639633;0
0;0.663486;0.660043;0
0;0.68963;0.665885;0
0;0.691219;0.666238;0
0;0.77264;0.684092;0
0;0.257472;0.564015;0
0;0.790461;0.68793;0
0;0.91105;0.713215;0
0;0.570813;0.638951;0
0;1.21101;0.770477;0
0;0.478065;0.617291;0
0;0.779618;0.685598;0
0;0.931991;0.717479;0
0;0.890816;0.709059;0
0;0.879351;0.706688;0
0;0.599224;0.645479;0
0;1.03195;0.737293;0
0;0.840079;0.698482;0
0;0.705734;0.669458;0
0;0.363823;0.589966;0
0;1.21907;0.7719;0
0;0.810046;0.692119;0
0;0.824695;0.695232;0
0;0.527722;0.628952;0
0;0.451541;0.611006;0
0;0.916784;0.714386;0
0;0.550518;0.634256;0
0;0.924012;0.715859;0
0;0.766238;0.682706;0
0;0.892949;0.709498;0
0;0.765858;0.682624;0
0;0.758788;0.68109;0
0;0.939975;0.719095;0
0;1.00733;0.732498;0
0;0.615794;0.649261;0
0;0.937055;0.718504;0
0;0.864111;0.703519;0
0;1.23912;0.775411;0
0;0.634822;0.653582;0
0;0.870283;0.704805;0
0;1.08742;0.747896;0
0;0.65782;0.658771;0
0;0.861206;0.702913;0
0;1.04694;0.740187;0
0;0.972833;0.725684;0
0;0.773731;0.684327;0
0;0.742356;0.677511;0
0;0.668885;0.661253;0
0;1.38135;0.799208;0
0;1.04836;0.74046;0
0;0.741918;0.677415;0
0;1.00906;0.732836;0
0;1.34555;0.793401;0
0;0.600883;0.645858;0
0;0.711444;0.67072;0
0;1.22444;0.772844;0
0;1.15073;0.759644;0
0;1.22929;0.773695;0
0;0.91739;0.71451;0
0;0.994216;0.72992;0
0;1.2378;0.775181;0
0;1.24348;0.776169;0
0;1.08866;0.74813;0
0;1.10582;0.751349;0
0;0.0447085;0.511175;0
0;0.522242;0.627672;0
0;1.60111;0.832174;0
0;1.26914;0.780596;0
0;1.01492;0.733983;0
0;1.00918;0.73286;0
0;0.824905;0.695277;0
0;0.648317;0.656631;0
0;0.870266;0.704801;0
0;1.23118;0.774026;0
0;0.802565;0.690523;0
0;0.776395;0.684903;0
0;1.12118;0.754207;0
0;0.915286;0.714081;0
0;1.34058;0.792585;0
0;1.39497;0.801385;0
0;1.0876;0.747929;0
0;0.91213;0.713436;0
0;0.735167;0.675938;0
0;0.885375;0.707935;0
0;1.14067;0.757803;0
0;0.443216;0.609025;0
0;0.87223;0.70521;0
0;0.114501;0.528594;0
0;0.682064;0.664199;0
0;1.2468;0.776746;0
0;0.779098;0.685486;0
0;0.712064;0.670857;0
0;0.913287;0.713672;0
0;0.507164;0.624142;0
0;1.15478;0.760384;0
0;1.52011;0.820554;0
0;0.923308;0.715716;0
0;1.13986;0.757655;0
0;1.04724;0.740245;0
0;1.21048;0.770384;0
0;0.954317;0.721983;0
0;1.09849;0.749977;0
0;0.986572;0.72841;0
0;0.750892;0.679373;0
0;0.85185;0.700955;0
0;0.598466;0.645305;0
0;0.962218;0.723566;0
0;0.984646;0.728029;0
0;0.14692;0.536664;0
0;0.614177;0.648893;0
0;0.318086;0.578858;0
0;0.390738;0.59646;0
0;-0.367436;0.409161;1
0;0.570847;0.638959;0
0;0.332038;0.582255;0
0;0.338521;0.583831;0
0;0.407516;0.600492;0
0;0.380774;0.59406;0
0;0.418404;0.603101;0
0;0.107975;0.526968;0
0;0.48291;0.618435;0
0;-0.0613679;0.484663;1
0;0.0541772;0.513541;0
0;0.381905;0.594332;0
0;0.454531;0.611716;0
0;0.111651;0.527884;0
0;0.150909;0.537656;0
0;0.400685;0.598852;0
0;0.213475;0.553167;0
0;0.237996;0.55922;0
0;0.294239;0.573033;0
0;0.0656492;0.516406;0
0;0.223561;0.555659;0
0;0.217646;0.554198;0
0;0.196449;0.548955;0
0;0.116485;0.529088;0
0;0.420378;0.603574;0
0;0.127152;0.531745;0
0;0.426321;0.604995;0
0;0.141637;0.53535;0
0;0.348761;0.586317;0
0;0.569124;0.638561;0
0;-0.029227;0.492694;1
0;0.0238391;0.50596;0
0;-0.322129;0.420157;1
0;0.242869;0.560421;0
0;0.194667;0.548514;0
0;0.0732111;0.518295;0
0;0.145592;0.536334;0
0;0.0998797;0.524949;0
0;0.0773225;0.519321;0
0;-0.289603;0.428101;1
0;0.260078;0.564655;0
0;0.183732;0.545804;0
0;0.0618003;0.515445;0
0;0.00462631;0.501157;0
0;0.367643;0.590889;0
0;-0.105753;0.473586;1
0;0.276662;0.568728;0
0;0.137354;0.534285;0
0;0.219725;0.554711;0
0;0.0640964;0.516019;0
0;-0.106147;0.473488;1
0;-0.11387;0.471563;1
0;-0.00114533;0.499714;1
0;0.120865;0.53018;0
0;0.113906;0.528446;0
0;-0.137389;0.465707;1
0;-0.0319223;0.49202;1
0;0.206044;0.55133;0
0;-0.147621;0.463161;1
0;-0.22599;0.443742;1
0;0.0687404;0.517178;0
0;-0.00609799;0.498475;1
0;-0.0444523;0.488889;1
0;-0.190532;0.452511;1
0;0.330508;0.581883;0
0;-0.0968981;0.475794;1
0;0.724426;0.673581;0
0;1.15697;0.760781;0
0;0.459151;0.612813;0
0;0.672307;0.66202;0
0;1.161;0.761514;0
0;0.985533;0.728205;0
0;0.654397;0.658001;0
0;0.815384;0.693256;0
0;0.861073;0.702885;0
0;1.21472;0.771132;0
0;0.876275;0.70605;0
0;1.17291;0.76367;0
0;0.681051;0.663973;0
0;0.666176;0.660646;0
0;1.13167;0.756148;0
0;0.817211;0.693644;0
0;0.699321;0.668037;0
0;0.898628;0.710667;0
0;1.19523;0.767674;0
0;1.14045;0.757763;0
0;0.692896;0.666611;0
0;0.755916;0.680466;0
0;1.05226;0.741208;0
0;1.06938;0.74448;0
0;0.86854;0.704442;0
0;0.945316;0.720172;0
0;0.392018;0.596768;0
0;0.657382;0.658672;0
0;1.07918;0.746338;0
0;0.776542;0.684934;0
0;0.826795;0.695677;0
0;0.947541;0.72062;0
0;0.819113;0.694048;0
0;1.31852;0.788935;0
0;0.937945;0.718684;0
0;0.548495;0.633786;0
0;0.78953;0.68773;0
0;0.651713;0.657396;0
0;1.01229;0.733468;0
0;0.927438;0.716555;0
0;0.986511;0.728398;0
0;1.06183;0.743039;0
0;0.561935;0.6369;0
0;0.979864;0.727081;0
0;0.883115;0.707467;0
0;0.578166;0.640645;0
0;0.664684;0.660312;0
0;0.957509;0.722623;0
0;0.801492;0.690294;0
0;0.832372;0.696856;0
0;0.687825;0.665483;0
0;0.793705;0.688626;0
0;0.858978;0.702447;0
0;1.10795;0.751748;0
0;0.813703;0.692898;0
0;0.784559;0.686662;0
0;0.813922;0.692945;0
0;0.84526;0.699572;0
0;0.993796;0.729837;0
0;0.917736;0.71458;0
0;0.838437;0.698136;0
0;0.943223;0.71975;0
0;0.881261;0.707084;0
0;1.37849;0.798749;0
0;1.36889;0.797201;0
0;0.939161;0.71893;0
0;1.03357;0.737608;0
0;1.12092;0.754158;0
0;1.09297;0.748941;0
0;1.44497;0.809223;0
0;1.20327;0.769105;0
0;0.928515;0.716774;0
0;1.56089;0.826482;0
0;1.31129;0.78773;0
0;0.619968;0.650211;0
0;1.4225;0.80573;0
0;1.1697;0.76309;0
0;1.86611;0.866008;0
0;1.25683;0.77848;0
0;1.36939;0.797281;0
0;1.62415;0.835366;0
0;1.58169;0.829444;0
0;1.00007;0.731073;0
0;1.3624;0.796149;0
0;1.27332;0.78131;0
0;1.19222;0.767138;0
0;1.78747;0.856617;0
0;1.58786;0.830314;0
0;1.42079;0.805462;0
0;1.50296;0.818016;0
0;1.33986;0.792467;0
0;1.31427;0.788227;0
0;1.88333;0.867993;0
0;0.210502;0.552432;0
0;0.279877;0.569516;0
0;1.4059;0.803119;0
0;1.46643;0.812514;0
0;1.75876;0.853054;0
0;1.35296;0.794613;0
0;1.72378;0.848615;0
0;1.14254;0.758145;0
0;1.61471;0.834064;0
0;1.48012;0.814591;0
0;1.50332;0.81807;0
0;1.34835;0.79386;0
0;1.41287;0.804218;0
0;1.29443;0.784896;0
0;1.13749;0.757218;0
0;1.61192;0.833678;0
0;1.26862;0.780507;0
0;1.44374;0.809033;0
0;2.18758;0.899128;0
0;1.39399;0.801229;0
0;1.43407;0.807534;0
0;1.56137;0.826549;0
0;1.66298;0.840638;0
0;1.02935;0.736791;0
0;1.46548;0.812369;0
0;1.90794;0.870788;0
0;1.3454;0.793376;0
0;1.62471;0.835443;0
0;1.62037;0.834847;0
0;1.35043;0.7942;0
0;1.32995;0.790833;0
0;1.01831;0.734643;0
0;1.39622;0.801583;0
0;1.59634;0.831506;0
0;1.23966;0.775504;0
0;1.51695;0.820089;0
0;1.74217;0.850963;0
0;0.714773;0.671455;0
0;0.637213;0.654123;0
0;1.23077;0.773953;0
0;1.27884;0.782253;0
0;1.22605;0.773126;0
0;1.04738;0.740271;0
0;1.19411;0.767475;0
0;0.893451;0.709602;0
0;0.617999;0.649763;0
0;1.39964;0.802127;0
0;0.851568;0.700896;0
0;1.05624;0.741971;0
0;1.24112;0.77576;0
0;1.1035;0.750916;0
0;1.33805;0.79217;0
0;0.879599;0.706739;0
0;1.24092;0.775723;0
0;1.40328;0.802704;0
0;1.3394;0.792391;0
0;0.891438;0.709187;0
0;1.33374;0.791458;0
0;1.20029;0.768577;0
0;1.00303;0.731655;0
0;1.05464;0.741666;0
0;1.0427;0.739371;0
0;1.1712;0.763363;0
0;1.19515;0.767661;0
0;1.59932;0.831923;0
0;1.34189;0.7928;0
0;1.52651;0.821495;0
0;1.38811;0.80029;0
0;1.49336;0.816582;0
0;1.23849;0.775301;0
0;1.19799;0.768167;0
0;1.10361;0.750936;0
0;0.744422;0.677962;0
0;1.25268;0.777764;0
0;1.22963;0.773754;0
0;1.42928;0.806789;0
0;1.19527;0.767682;0
0;0.828793;0.6961;0
0;1.65364;0.839383;0
0;0.91728;0.714488;0
0;1.84496;0.863534;0
0;1.31568;0.788462;0
0;0.8938;0.709674;0
0;1.5198;0.820509;0
0;0.870118;0.70477;0
0;1.25681;0.778476;0
0;1.24528;0.776481;0
0;1.36125;0.795963;0
0;0.965585;0.724239;0
0;0.63574;0.65379;0
0;1.44944;0.809912;0
0;1.18564;0.76596;0
0;1.17149;0.763414;0
0;1.34424;0.793186;0
0;1.28904;0.783985;0
0;1.37126;0.797584;0
0;1.03518;0.737918;0
0;1.79296;0.857289;0
0;0.875587;0.705907;0
0;0.972302;0.725578;0
0;1.04126;0.739094;0
0;1.3643;0.796458;0
0;1.60529;0.832757;0
0;1.12314;0.754571;0
0;1.58637;0.830105;0
0;1.32392;0.789834;0
0;1.09357;0.749054;0
0;0.64073;0.654918;0
0;0.805176;0.691081;0
0;0.635167;0.65366;0
0;0.513281;0.625575;0
0;0.275979;0.56856;0
0;0.603685;0.646499;0
0;0.640285;0.654818;0
0;0.713376;0.671147;0
0;0.390506;0.596404;0
0;0.567183;0.638113;0
0;0.340763;0.584376;0
0;0.390077;0.596301;0
0;0.6647;0.660315;0
0;1.21443;0.771081;0
0;0.641344;0.655057;0
0;0.601795;0.646067;0
0;0.79375;0.688636;0
0;0.393255;0.597066;0
0;0.417888;0.602978;0
0;0.858728;0.702395;0
0;0.734703;0.675837;0
0;0.18081;0.54508;0
0;-0.226826;0.443535;1
0;0.646826;0.656295;0
0;0.758134;0.680948;0
0;0.751805;0.679572;0
0;0.562204;0.636962;0
0;0.669151;0.661313;0
0;0.453124;0.611382;0
0;0.906188;0.712219;0
0;0.855279;0.701673;0
0;0.285569;0.570911;0
0;0.654931;0.658121;0
0;0.780225;0.685729;0
0;0.446414;0.609786;0
0;0.420269;0.603548;0
0;0.584433;0.642087;0
0;0.852371;0.701064;0
0;0.661172;0.659524;0
0;0.612479;0.648506;0
0;0.85565;0.701751;0
0;0.632365;0.653026;0
0;0.958969;0.722915;0
0;0.509785;0.624756;0
0;0.0219896;0.505497;0
0;0.805624;0.691176;0
0;0.953508;0.72182;0
0;0.869393;0.704619;0
0;0.930729;0.717223;0
0;0.439908;0.608237;0
0;1.16529;0.762292;0
0;0.711275;0.670683;0
0;0.244729;0.560879;0
0;0.700204;0.668233;0
0;0.847873;0.700121;0
0;0.925938;0.71625;0
0;1.1454;0.75867;0
0;0.750538;0.679296;0
1;-1.3104;0.212419;1
1;-1.37945;0.201098;1
1;-1.86136;0.134545;1
1;-1.24815;0.22302;1
1;-1.3462;0.206493;1
1;-1.75824;0.147011;1
1;-0.586226;0.357501;1
1;-1.05447;0.258368;1
1;-1.01211;0.266568;1
1;-1.03471;0.262171;1
1;-1.37478;0.201848;1
1;-2.12651;0.106547;1
1;-1.23166;0.225891;1
1;-2.22989;0.0970985;1
1;-1.53728;0.176931;1
1;-1.16327;0.238074;1
1;-1.58972;0.169423;1
1;-1.11091;0.247701;1
1;-1.48541;0.184612;1
1;-1.23929;0.22456;1
1;-1.32866;0.209382;1
1;-1.47311;0.18647;1
1;-1.24356;0.223817;1
1;-1.85315;0.135504;1
1;-1.93244;0.12648;1
1;-1.64178;0.162223;1
1;-1.36896;0.202787;1
1;-1.88735;0.131547;1
1;-2.10069;0.10903;1
1;-1.69952;0.154528;1
1;-2.01198;0.11795;1
1;-2.02936;0.116155;1
1;-2.0972;0.109369;1
1;-1.60475;0.167319;1
1;-1.80104;0.141725;1
1;-1.31438;0.211755;1
1;-0.674448;0.337502;1
1;-1.51046;0.180871;1
1;-1.70564;0.153729;1
1;-1.09731;0.250244;1
1;-1.59104;0.169238;1
1;-1.33092;0.209007;1
1;-1.32702;0.209653;1
1;-1.6401;0.162451;1
1;-1.82061;0.139361;1
1;-1.82069;0.139351;1
1;-1.70706;0.153545;1
1;-1.54149;0.176318;1
1;-1.69885;0.154615;1
1;-1.33832;0.207786;1
1;-1.54306;0.176092;1
1;-1.8889;0.13137;1
1;-1.54599;0.175666;1
1;-1.7237;0.151395;1
1;-1.49287;0.183491;1
1;-1.99454;0.119777;1
1;-1.69315;0.155362;1
1;-1.73172;0.150368;1
1;-1.62114;0.165047;1
1;-1.75903;0.146912;1
1;-1.89302;0.1309;1
1;-1.60084;0.167864;1
1;-1.5885;0.169595;1
1;-1.70692;0.153564;1
1;-1.64378;0.161951;1
1;-1.86815;0.133756;1
1;-1.94488;0.125112;1
1;-1.31303;0.211981;1
1;-1.39185;0.199113;1
1;-1.68654;0.156231;1
1;-1.35274;0.205422;1
1;-1.10246;0.249279;1
1;-0.914687;0.286042;1
1;-1.59245;0.169039;1
1;-1.456;0.18908;1
1;-1.45578;0.189113;1
1;-1.90193;0.129891;1
1;-1.60967;0.166635;1
1;-1.6107;0.166492;1
1;-1.52975;0.178031;1
1;-1.03258;0.262585;1
1;-1.69037;0.155728;1
1;-1.75338;0.147622;1
1;-1.30526;0.213281;1
1;-1.60015;0.167961;1
1;-1.76622;0.146014;1
1;-0.97715;0.273458;1
1;-1.46088;0.188333;1
1;-1.69098;0.155647;1
1;-1.33336;0.208604;1
1;-1.50557;0.181596;1
1;-1.34588;0.206544;1
1;-1.60207;0.167693;1
1;-1.83558;0.137575;1
1;-1.21175;0.229391;1
1;-1.42295;0.194199;1
1;-1.51673;0.179943;1
1;-1.71875;0.152032;1
1;-1.52427;0.178834;1
1;-1.84354;0.136633;1
1;-1.88678;0.131612;1
1;-1.52327;0.17898;1
1;-1.48963;0.183977;1
1;-1.61215;0.16629;1
1;-1.45363;0.189443;1
1;-1.48378;0.184857;1
1;-1.43172;0.192831;1
1;-1.80439;0.141317;1
1;-1.43905;0.191693;1
1;-0.79467;0.311167;1
1;-0.995393;0.269848;1
1;-1.37895;0.201177;1
1;-1.08121;0.253277;1
1;-1.62479;0.164546;1
1;-1.64918;0.16122;1
1;-1.60971;0.166628;1
1;-1.37945;0.201098;1
1;-1.17785;0.235439;1
1;-1.75915;0.146896;1
1;-1.35765;0.204623;1
1;-1.65541;0.160379;1
1;-1.72486;0.151246;1
1;-1.31525;0.21161;1
1;-1.89248;0.130962;1
1;-1.34268;0.20707;1
1;-1.22792;0.226545;1
1;-1.77001;0.145541;1
1;-1.60895;0.166734;1
1;-1.81549;0.139976;1
1;-1.97223;0.12215;1
1;-1.38245;0.200615;1
1;-1.63946;0.162539;1
1;-1.77047;0.145484;1
1;-1.67923;0.157197;1
1;-1.93511;0.126186;1
1;-2.00971;0.118187;1
1;-1.7913;0.142914;1
1;-1.86116;0.134568;1
1;-2.03827;0.115243;1
1;-1.52972;0.178034;1
1;-1.53019;0.177966;1
1;-1.75118;0.147898;1
1;-1.80273;0.141519;1
1;-1.36653;0.203181;1
1;-1.72657;0.151027;1
1;-1.5547;0.174408;1
1;-1.78247;0.143998;1
1;-1.60518;0.167259;1
1;-1.89559;0.130608;1
1;-1.24027;0.224389;1
1;-1.62166;0.164976;1
1;-1.85661;0.135098;1
1;-1.85253;0.135577;1
1;-1.67771;0.157399;1
1;-1.71527;0.152481;1
1;-1.82813;0.138462;1
1;-1.31418;0.211789;1
1;-1.33768;0.207891;1
1;-1.55151;0.174869;1
1;-1.5032;0.181949;1
1;-1.76606;0.146033;1
1;-1.26534;0.220056;1
1;-1.61997;0.165209;1
1;-1.37483;0.20184;1
1;-1.89312;0.130889;1
1;-1.12801;0.244529;1
1;-0.698036;0.332248;1
1;-1.3563;0.204842;1
1;-0.914813;0.286016;1
1;-1.66849;0.158626;1
1;-1.4973;0.182829;1
1;-1.28141;0.21731;1
1;-1.62745;0.16418;1
1;-1.7636;0.14634;1
1;-1.08335;0.252873;1
1;-1.84318;0.136675;1
1;-1.58745;0.169743;1
1;-1.36412;0.203572;1
1;-1.28704;0.216353;1
1;-1.41011;0.196217;1
1;-1.4437;0.190974;1
1;-1.92212;0.127625;1
1;-1.94938;0.124621;1
1;-1.75458;0.147471;1
1;-1.48976;0.183957;1
1;-1.42015;0.194638;1
1;-1.74772;0.148335;1
1;-1.2953;0.214957;1
1;-1.68778;0.156068;1
1;-2.17807;0.101737;1
1;-1.72635;0.151055;1
1;-1.60395;0.167431;1
1;-1.25455;0.221914;1
1;-1.84824;0.136079;1
1;-1.65551;0.160366;1
1;-1.69532;0.155077;1
1;-1.96376;0.123061;1
1;-2.33504;0.0882622;1
1;-1.899;0.130221;1
1;-1.69012;0.15576;1
1;-1.89336;0.130862;1
1;-1.94531;0.125066;1
1;-1.32143;0.21058;1
1;-1.63582;0.163035;1
1;-1.59675;0.168436;1
1;-1.81322;0.14025;1
1;-1.6569;0.160179;1
1;-1.66664;0.158873;1
1;-1.65572;0.160338;1
1;-1.33873;0.207719;1
1;-1.64636;0.161601;1
1;-1.50912;0.181069;1
1;-1.54978;0.175118;1
1;-1.62443;0.164595;1
1;-1.47301;0.186485;1
1;-1.62958;0.163888;1
1;-1.54538;0.175755;1
1;-1.48419;0.184796;1
1;-1.64663;0.161564;1
1;-1.72349;0.151422;1
1;-0.466233;0.385508;1
1;-0.790987;0.311957;1
1;-1.03118;0.262856;1
1;-0.929929;0.282939;1
1;-1.29931;0.214281;1
1;-1.81902;0.139551;1
1;-0.968943;0.275091;1
1;-0.843237;0.300854;1
1;-0.744435;0.322035;1
1;-0.963055;0.276267;1
1;-0.96196;0.276486;1
1;-0.445004;0.390549;1
1;-0.102426;0.474416;1
1;-1.10203;0.24936;1
1;-1.03781;0.261573;1
1;-1.71991;0.151883;1
1;-0.987053;0.271494;1
1;-0.606537;0.352849;1
1;-1.23129;0.225956;1
1;-0.56875;0.361525;1
1;-0.699998;0.331813;1
1;-0.588558;0.356966;1
1;-1.22757;0.226607;1
1;-0.862781;0.296759;1
1;-0.426944;0.394856;1
1;-0.871841;0.294871;1
1;-0.904442;0.288139;1
1;-1.20743;0.230156;1
1;-0.7655;0.317453;1
1;-1.37085;0.202482;1
1;-0.855504;0.29828;1
1;-0.437937;0.392233;1
1;-0.291682;0.427592;1
1;-0.536237;0.369063;1
1;-0.320539;0.420544;1
1;-0.888038;0.291515;1
1;-0.690204;0.333988;1
1;-0.95521;0.277838;1
1;-0.344975;0.414601;1
1;-0.174197;0.45656;1
1;-1.22174;0.227631;1
1;-0.182809;0.454425;1
1;-0.303089;0.424803;1
1;-0.564692;0.362462;1
1;-0.444151;0.390752;1
1;-0.747679;0.321327;1
1;-0.664422;0.339747;1
1;-0.827774;0.304116;1
1;-0.556667;0.364319;1
1;-0.638857;0.345505;1
1;-0.468002;0.385089;1
1;-0.545326;0.366949;1
1;-0.570872;0.361036;1
1;-0.708328;0.329968;1
1;-0.749513;0.320927;1
1;-0.478144;0.382691;1
1;-0.398588;0.401652;1
1;-0.682428;0.33572;1
1;-0.313192;0.422336;1
1;-0.344399;0.414741;1
1;-0.896748;0.289719;1
1;-0.822322;0.305271;1
1;-0.362449;0.410367;1
1;-0.468455;0.384982;1
1;-0.70585;0.330517;1
1;-0.662301;0.340223;1
1;-0.139002;0.465305;1
1;-0.538279;0.368588;1
1;-0.064633;0.483847;1
1;-0.353412;0.412555;1
1;-0.543434;0.367389;1
1;-0.278762;0.430757;1
1;-0.906487;0.287719;1
1;-1.56343;0.173155;1
1;-1.27739;0.217995;1
1;-1.86502;0.134119;1
1;-1.57472;0.171545;1
1;-1.77124;0.145389;1
1;-1.09902;0.249923;1
1;-1.70923;0.153264;1
1;-1.66791;0.158704;1
1;-1.51446;0.180279;1
1;-1.39697;0.198297;1
1;-1.36215;0.20389;1
1;-1.04426;0.260328;1
1;-1.27632;0.218177;1
1;-0.79372;0.311371;1
1;-1.44096;0.191396;1
1;-1.5452;0.175781;1
1;-1.46255;0.188077;1
1;-1.35063;0.205767;1
1;-1.2201;0.227919;1
1;-1.03098;0.262895;1
1;-1.36696;0.203112;1
1;-1.56226;0.173322;1
1;-1.54198;0.176248;1
1;-1.23235;0.225771;1
1;-1.37242;0.20223;1
1;-1.14563;0.241289;1
1;-0.637631;0.345782;1
1;-0.989588;0.270993;1
1;-1.28246;0.217131;1
1;-0.871066;0.295033;1
1;-1.14858;0.240748;1
1;-1.11525;0.246893;1
1;-1.0648;0.256394;1
1;-1.095;0.250678;1
1;-0.877464;0.293704;1
1;-1.11223;0.247456;1
1;-1.42251;0.194268;1
1;-0.780804;0.314147;1
1;-1.0815;0.253223;1
1;-1.0806;0.253392;1
1;-1.20466;0.230646;1
1;-1.52559;0.17864;1
1;-1.14758;0.240931;1
1;-1.04943;0.259334;1
1;-1.25378;0.222047;1
1;-0.778451;0.314654;1
1;-1.2302;0.226146;1
1;-1.31765;0.21121;1
1;-1.27752;0.217972;1
1;-1.19288;0.232744;1
1;-1.45904;0.188614;1
1;-1.12949;0.244254;1
1;-0.696019;0.332695;1
1;-0.583152;0.358208;1
1;-0.974384;0.274008;1
1;-1.41987;0.194681;1
1;-1.07154;0.255111;1
1;-0.975753;0.273735;1
1;-1.00449;0.268059;1
1;-1.40474;0.197064;1
1;-0.735576;0.323972;1
1;-1.12401;0.245268;1
1;-1.42979;0.193131;1
1;-1.0811;0.253297;1
1;-1.36323;0.203716;1
1;-1.40769;0.196598;1
1;-1.10486;0.248831;1
1;-1.5271;0.178419;1
1;-1.47397;0.18634;1
1;-1.16821;0.237179;1
1;-1.11523;0.246898;1
1;-1.39089;0.199266;1
1;-1.68813;0.156022;1
1;-1.01927;0.26517;1
1;-0.992686;0.270382;1
1;-1.08761;0.252068;1
1;-1.07396;0.254651;1
1;-1.5991;0.168107;1
1;-1.78576;0.143594;1
1;-1.85335;0.13548;1
1;-1.38465;0.200263;1
1;-0.90603;0.287813;1
1;-1.18285;0.23454;1
1;-1.03938;0.26127;1
1;-1.3645;0.20351;1
1;-1.175;0.235952;1
1;-1.21676;0.228507;1
1;-0.975691;0.273748;1
1;-1.57812;0.171062;1
1;-1.19561;0.232258;1
1;-1.38802;0.199723;1
1;-1.31764;0.211211;1
1;-1.03302;0.2625;1
1;-1.12874;0.244394;1
1;-1.40961;0.196296;1
1;-1.31957;0.21089;1
1;-1.05059;0.259111;1
1;-1.20213;0.231097;1
1;-1.5174;0.179844;1
1;-1.18601;0.233973;1
1;-1.19743;0.231932;1
1;-1.44879;0.190189;1
1;-0.781944;0.313901;1
1;-1.73049;0.150525;1
1;-0.640504;0.345133;1
1;-1.58827;0.169628;1
1;-0.920002;0.284957;1
1;-1.93695;0.125983;1
1;-0.9655;0.275778;1
1;-0.607341;0.352666;1
1;-0.843096;0.300883;1
1;-1.29092;0.215697;1
1;-1.24214;0.224064;1
1;-1.45762;0.188831;1
1;-1.22726;0.226661;1
1;-1.11128;0.247632;1
1;-1.17609;0.235755;1
1;-1.17378;0.236173;1
1;-1.64096;0.162334;1
1;-1.30762;0.212885;1
1;-1.87416;0.133061;1
1;-1.37456;0.201884;1
1;-1.16028;0.238616;1
1;-1.01271;0.266449;1
1;-1.2833;0.216989;1
1;-1.69628;0.154951;1
1;-1.23239;0.225763;1
1;-1.02406;0.264237;1
1;-1.21848;0.228204;1
1;-1.09476;0.250723;1
1;-1.87857;0.132553;1
1;-1.58149;0.170585;1
1;-1.54416;0.175931;1
1;-1.04714;0.259775;1
1;-1.28653;0.216441;1
1;-1.47581;0.186062;1
1;-1.37655;0.201563;1
1;-1.38986;0.199431;1
1;-1.5571;0.174063;1
1;-1.40578;0.1969;1
1;-1.66308;0.159349;1
1;-1.61987;0.165223;1
1;-1.34695;0.20637;1
1;-1.42637;0.193665;1
1;-1.67276;0.158057;1
1;-1.38409;0.200354;1
1;-1.27591;0.218247;1
1;-0.528117;0.370956;1
1;-1.28889;0.216042;1
1;-1.15748;0.239126;1
1;-1.1707;0.236729;1
1;-1.14807;0.240841;1
1;-1.29847;0.214423;1
1;-0.93241;0.282436;1
1;-1.28577;0.21657;1
1;-1.44753;0.190381;1
1;-1.62657;0.164301;1
1;-1.26648;0.21986;1
1;-1.25648;0.221581;1
1;-1.03303;0.262498;1
1;-1.49521;0.183141;1
1;-1.36345;0.20368;1
1;-1.52256;0.179085;1
1;-0.961076;0.276663;1
1;-1.26371;0.220335;1
1;-0.783366;0.313595;1
1;-1.05498;0.258271;1
1;-1.56521;0.172901;1
1;-1.17123;0.236633;1
1;-1.36517;0.203401;1
1;-1.3949;0.198627;1
1;-1.89986;0.130125;1
1;-1.67723;0.157462;1
1;-1.39631;0.198403;1
1;-0.949537;0.278978;1
1;-1.71733;0.152216;1
1;-1.28457;0.216774;1
1;-0.597099;0.355008;1
1;-1.14951;0.240578;1
1;-1.38736;0.19983;1
1;-1.28098;0.217383;1
1;-1.48275;0.185013;1
1;-1.50362;0.181886;1
1;-1.6059;0.167158;1
1;-1.11932;0.246138;1
1;-1.428;0.19341;1
1;-1.67089;0.158306;1
1;-1.62135;0.165019;1
1;-1.5547;0.174409;1
1;-1.36859;0.202848;1
1;-1.37689;0.201509;1
1;-1.29519;0.214976;1
1;-1.07038;0.255331;1
1;-1.15441;0.239684;1
1;-0.843015;0.3009;1
1;-1.36355;0.203664;1
1;-1.08937;0.251736;1
1;-0.998555;0.269226;1
1;-1.11344;0.24723;1
1;-1.10777;0.248287;1
1;-1.83761;0.137334;1
1;-1.68559;0.156357;1
1;-1.24347;0.223833;1
1;-0.712712;0.329;1
1;-1.3505;0.205789;1
1;-1.58243;0.170452;1
1;-1.55872;0.173831;1
1;-1.37506;0.201804;1
1;-1.16811;0.237197;1
1;-1.41743;0.195064;1
1;-1.17913;0.235209;1
1;-1.36085;0.204102;1
1;-0.976775;0.273532;1
1;-1.77549;0.144861;1
1;-1.28779;0.216227;1
1;-1.31255;0.212061;1
1;-1.2234;0.227338;1
1;-1.52849;0.178215;1
1;-1.63883;0.162624;1
1;-1.71334;0.152731;1
1;-1.58855;0.169587;1
1;-1.56935;0.172309;1
1;-1.30421;0.213458;1
1;-1.26287;0.22048;1
1;-1.73271;0.150241;1
1;-1.87796;0.132624;1
1;-1.34889;0.206051;1
1;-1.89194;0.131023;1
1;-1.1125;0.247405;1
1;-1.51148;0.180719;1
1;-1.56076;0.173538;1
1;-1.60961;0.166643;1
1;-1.59458;0.16874;1
1;-1.65408;0.160559;1
1;-1.01625;0.265759;1
1;-1.54298;0.176102;1
1;-1.43651;0.192086;1
1;-2.1321;0.106015;1
1;-1.60136;0.167791;1
1;-1.36213;0.203894;1
1;-1.62464;0.164566;1
1;-1.19089;0.2331;1
1;-1.49615;0.183001;1
1;-1.27366;0.218631;1
1;-1.53788;0.176844;1
1;-1.43553;0.192238;1
1;-1.11857;0.246276;1
1;-1.54011;0.17652;1
1;-1.93932;0.125723;1
1;-1.25544;0.221759;1
1;-1.56841;0.172443;1
1;-1.42111;0.194488;1
1;-1.62138;0.165014;1
1;-1.88685;0.131604;1
1;-2.32929;0.0887257;1
1;-1.6775;0.157427;1
1;-1.33334;0.208608;1
1;-1.80052;0.141788;1
1;-1.96437;0.122995;1
1;-1.72314;0.151467;1
1;-1.2722;0.218881;1
1;-1.89622;0.130537;1
1;-1.1744;0.23606;1
1;-1.58574;0.169984;1
1;-1.92635;0.127155;1
1;-0.747953;0.321268;1
1;-1.72978;0.150616;1
1;-1.9558;0.123922;1
1;-1.82639;0.138669;1
1;-2.08198;0.11086;1
1;-1.78292;0.143943;1
1;-1.76162;0.146587;1
1;-2.05574;0.113474;1
1;-1.8258;0.13874;1
1;-1.63439;0.163229;1
1;-0.79304;0.311516;1
1;-1.65842;0.159975;1
1;-1.56405;0.173066;1
1;-1.60787;0.166884;1
1;-1.17482;0.235985;1
1;-2.01661;0.11747;1
1;-2.18843;0.100794;1
1;-1.03118;0.262855;1
1;-1.15345;0.239859;1
1;-1.38808;0.199715;1
1;-1.77804;0.144546;1
1;-1.49632;0.182975;1
1;-1.5559;0.174236;1
1;-0.909267;0.28715;1
1;-1.40601;0.196864;1
1;-1.56021;0.173617;1
1;-1.36309;0.203739;1
1;-1.40185;0.197523;1
1;-1.74195;0.149065;1
1;-1.19854;0.231735;1
1;-0.976192;0.273648;1
1;-1.16274;0.23817;1
1;-1.41478;0.195482;1
1;-1.0609;0.257137;1
1;-0.631302;0.347215;1
1;-1.96105;0.123353;1
1;-1.25838;0.221253;1
1;-1.76396;0.146295;1
1;-1.3424;0.207116;1
1;-1.27271;0.218794;1
1;-1.50225;0.182091;1
1;-1.33547;0.208256;1
1;-1.54823;0.175342;1
1;-1.78526;0.143654;1
1;-1.14399;0.241588;1
1;-1.50206;0.182119;1
1;-1.885;0.131816;1
1;-1.69763;0.154775;1
1;-1.36255;0.203827;1
1;-1.5295;0.178067;1
1;-0.822671;0.305197;1
1;-1.12352;0.24536;1
1;-1.64073;0.162366;1
1;-1.02404;0.264242;1
1;-1.08901;0.251805;1
1;-1.12219;0.245605;1
1;-1.17048;0.236768;1
1;-1.04434;0.260314;1
1;-1.16508;0.237746;1
1;-1.05518;0.258231;1
1;-1.02406;0.264237;1
1;-1.38754;0.199801;1
1;-1.40692;0.19672;1
1;-1.43686;0.192032;1
1;-1.81272;0.140309;1
1;-1.35978;0.204276;1
1;-1.1178;0.24642;1
1;-1.74913;0.148157;1
1;-1.41493;0.195457;1
1;-1.75806;0.147034;1
1;-1.0577;0.257748;1
1;-1.21505;0.228808;1
1;-1.51086;0.180811;1
1;-1.84045;0.136998;1
1;-1.00615;0.267734;1
1;-0.904384;0.28815;1
1;-1.79355;0.142638;1
1;-1.51939;0.179552;1
1;-1.15849;0.238941;1
1;-1.61651;0.165686;1
1;-1.15567;0.239455;1
1;-1.00902;0.267172;1
1;-1.23174;0.225877;1
1;-0.712077;0.32914;1
1;-0.942564;0.280383;1
1;-1.04165;0.260832;1
1;-1.38326;0.200486;1
1;-0.760631;0.318509;1
1;-0.846673;0.300131;1
1;-0.950158;0.278853;1
1;-0.951132;0.278657;1
1;-1.19937;0.231587;1
1;-1.30451;0.213407;1
1;-0.566391;0.36207;1
1;-1.03302;0.262499;1
1;-0.514059;0.374242;1
1;-0.812437;0.307371;1
1;-1.61486;0.165914;1
1;-1.07001;0.255402;1
1;-0.597044;0.35502;1
1;-1.37133;0.202405;1
1;-0.660284;0.340676;1
1;-0.540405;0.368093;1
1;-1.09955;0.249823;1
1;-1.51072;0.180832;1
1;-1.16698;0.237401;1
1;-0.868927;0.295478;1
1;-1.19454;0.232448;1
1;-1.28587;0.216553;1
1;-1.40595;0.196873;1
1;-1.17462;0.236021;1
1;-1.71107;0.153024;1
1;-0.743112;0.322324;1
1;-2.14238;0.105045;1
1;-1.6388;0.162629;1
1;-1.49635;0.18297;1
1;-1.73126;0.150427;1
1;-1.636;0.163011;1
1;-1.13952;0.242408;1
1;-0.782324;0.313819;1
1;-1.36568;0.203319;1
1;-1.10081;0.249589;1
1;-1.00011;0.268919;1
1;-0.674782;0.337427;1
1;-0.866343;0.296016;1
1;-2.40231;0.0829964;1
1;-1.16062;0.238554;1
1;-1.33134;0.208938;1
1;-1.0917;0.251299;1
1;-1.41334;0.195707;1
1;-1.18639;0.233904;1
1;-1.4879;0.184237;1
1;-0.352735;0.412719;1
1;-0.621441;0.349454;1
1;-0.775891;0.315206;1
1;-0.77549;0.315293;1
1;-0.567348;0.361849;1
1;-0.847769;0.299901;1
1;-0.235546;0.441384;1
1;-0.500196;0.377495;1
1;-0.611853;0.351637;1
1;-0.782834;0.313709;1
1;-0.584116;0.357986;1
1;-0.520933;0.372634;1
1;-0.91446;0.286088;1
1;-1.21678;0.228503;1
1;-0.437565;0.392321;1
1;-0.936123;0.281684;1
1;-0.501411;0.377209;1
1;-0.695184;0.332881;1
1;-1.37758;0.201399;1
1;-1.0289;0.263298;1
1;-0.921425;0.284668;1
1;-1.02511;0.264033;1
1;-0.0630519;0.484242;1
1;-1.05197;0.258848;1
1;-0.872506;0.294733;1
1;-0.489109;0.380103;1
1;-2.08972;0.1101;1
1;-1.18323;0.234472;1
1;-1.17486;0.235977;1
1;-1.03029;0.263028;1
1;-1.01286;0.26642;1
1;-1.49786;0.182745;1
1;-1.17821;0.235374;1
1;-1.54917;0.175207;1
1;-1.49216;0.183597;1
1;-1.30208;0.213815;1
1;-1.15687;0.239236;1
1;-1.82418;0.138933;1
1;-0.969467;0.274987;1
1;-1.26405;0.220278;1
1;-1.16631;0.237522;1
1;-1.51309;0.180481;1
1;-1.16823;0.237174;1
1;-1.395;0.19861;1
1;-0.805938;0.308757;1
1;-1.37426;0.201933;1
1;-1.47458;0.186248;1
1;-0.948491;0.279188;1
1;-1.8062;0.141098;1
1;-1.30825;0.21278;1
1;-1.1607;0.238539;1
1;-1.56065;0.173554;1
1;-0.747202;0.321431;1
1;-0.616893;0.350488;1
1;-1.48181;0.185154;1
1;-1.24493;0.22358;1
1;-1.09786;0.250141;1
1;-1.64102;0.162327;1
1;-1.48789;0.184238;1
1;-1.54964;0.175138;1
1;-1.29876;0.214373;1
1;-1.15853;0.238934;1
1;-1.50483;0.181706;1
1;-1.71824;0.152098;1
1;-0.997127;0.269507;1
1;-1.03319;0.262466;1
1;-1.69648;0.154926;1
1;-0.986948;0.271515;1
1;-1.7501;0.148035;1
1;-1.32802;0.209487;1
1;-0.164272;0.459024;1
1;-1.53641;0.177057;1
1;-1.69067;0.155688;1
1;-0.76939;0.316611;1
1;-1.4102;0.196203;1
1;-1.6319;0.16357;1
1;-1.87478;0.13299;1
1;-1.79162;0.142875;1
1;-1.78129;0.144144;1
1;-1.33866;0.20773;1
1;-1.63249;0.16349;1
1;-1.30089;0.214015;1
1;-1.22615;0.226857;1
1;-1.31748;0.211238;1
1;-1.67056;0.158349;1
1;-1.48355;0.184892;1
1;-1.55338;0.174599;1
1;-1.47966;0.18548;1
1;-1.28431;0.216818;1
1;-1.37107;0.202447;1
1;-1.34824;0.206158;1
1;-1.78531;0.143649;1
1;-2.09263;0.109815;1
1;-1.68593;0.156312;1
1;-1.19809;0.231815;1
1;-0.973186;0.274246;1
1;-1.40256;0.19741;1
1;-0.91802;0.285361;1
1;-1.37667;0.201544;1
1;-1.17014;0.23683;1
1;-1.80701;0.141;1
1;-1.81324;0.140247;1
1;-1.41767;0.195027;1
1;-1.10759;0.248321;1
1;-1.83461;0.13769;1
1;-1.23021;0.226145;1
1;-1.93256;0.126467;1
1;-1.24756;0.223123;1
1;-2.35248;0.086869;1
1;-1.78929;0.14316;1
1;-1.44774;0.190349;1
1;-1.5192;0.179579;1
1;-1.84899;0.135991;1
1;-2.10722;0.108397;1
1;-1.78891;0.143207;1
1;-1.72515;0.151209;1
1;-1.77033;0.145501;1
1;-1.92533;0.127269;1
1;-1.88937;0.131317;1
1;-1.58171;0.170554;1
1;-1.23351;0.225568;1
1;-1.8354;0.137596;1
1;-1.74241;0.149008;1
1;-0.998982;0.269142;1
1;-1.22642;0.226808;1
1;-1.4991;0.182559;1
1;-1.61831;0.165438;1
1;-1.22683;0.226736;1
1;-1.77378;0.145073;1
1;-1.82199;0.139196;1
1;-1.57677;0.171254;1
1;-1.40672;0.196751;1
1;-1.68795;0.156046;1
1;-1.93132;0.126605;1
1;-1.37338;0.202075;1
1;-1.71653;0.152318;1
1;-1.92898;0.126864;1
1;-0.815024;0.306821;1
1;-2.06912;0.112135;1
1;-1.44033;0.191494;1
1;-1.52654;0.1785;1
1;-1.42358;0.194101;1
1;-1.07209;0.255006;1
1;-1.26709;0.219755;1
1;-1.72989;0.150602;1
1;-1.79796;0.1421;1
1;-1.95091;0.124454;1
1;-1.33637;0.208107;1
1;-1.59143;0.169183;1
1;-2.02564;0.116537;1
1;-1.89602;0.13056;1
1;-1.32179;0.21052;1
1;-2.26524;0.0940432;1
1;-1.44871;0.1902;1
1;-1.26708;0.219757;1
1;-1.68145;0.156904;1
1;-2.21074;0.0987905;1
1;-1.76697;0.145919;1
1;-1.35858;0.204472;1
1;-1.54445;0.17589;1
1;-1.74631;0.148514;1
1;-1.66518;0.159067;1
1;-1.47245;0.186571;1
1;-1.66584;0.15898;1
1;-1.76075;0.146696;1
1;-2.03754;0.115317;1
1;-1.61756;0.165542;1
1;-1.63161;0.16361;1
1;-1.20817;0.230025;1
1;-1.58692;0.169818;1
1;-1.62687;0.16426;1
1;-1.75861;0.146965;1
1;-1.07797;0.253891;1
1;-2.1204;0.10713;1
1;-1.02844;0.263386;1
1;-1.79594;0.142347;1
1;-2.05934;0.113112;1
1;-0.896862;0.289696;1
1;-1.22321;0.227373;1
1;-1.26005;0.220965;1
1;-1.00645;0.267675;1
1;-1.24604;0.223386;1
1;-0.0224699;0.494383;1
1;-1.80684;0.14102;1
1;-1.65558;0.160356;1
1;-2.36579;0.0858189;1
1;-1.38943;0.199499;1
1;-1.59782;0.168286;1
1;-0.606548;0.352847;1
1;-2.41608;0.0819549;1
1;-1.81744;0.139741;1
1;-1.32452;0.210068;1
1;-1.67104;0.158286;1
1;-1.70745;0.153494;1
1;-1.42799;0.193411;1
1;-1.70162;0.154254;1
1;-1.68177;0.156861;1
1;-2.09149;0.109927;1
1;-1.89138;0.131087;1
1;-1.74586;0.14857;1
1;-1.62692;0.164252;1
1;-1.7073;0.153515;1
1;-1.88597;0.131704;1
1;-1.58588;0.169964;1
1;-1.99235;0.120008;1
1;-1.6586;0.15995;1
1;-1.88778;0.131498;1
1;-1.64649;0.161584;1
1;-1.57653;0.171288;1
1;-1.39741;0.198227;1
1;-0.906595;0.287697;1
1;-1.88017;0.132369;1
1;-1.6873;0.156132;1
1;-1.47991;0.185441;1
1;-1.51077;0.180825;1
1;-0.935098;0.281892;1
1;-1.44388;0.190945;1
1;-1.532;0.177701;1
1;-1.60881;0.166754;1
1;-2.11573;0.107577;1
1;-0.271292;0.43259;1
1;-2.0801;0.111046;1
1;-2.27946;0.0928384;1
1;-1.78134;0.144137;1
1;-1.35102;0.205703;1
1;-1.12822;0.244489;1
1;-1.69176;0.155545;1
1;-1.46465;0.187757;1
1;-1.54384;0.175978;1
1;-1.85098;0.135758;1
1;-2.09331;0.109749;1
1;-1.28264;0.217101;1
1;-1.29826;0.214457;1
1;-1.22912;0.226336;1
1;-1.9403;0.125615;1
1;-1.64333;0.162013;1
1;-1.32489;0.210005;1
1;-1.9715;0.122228;1
1;-2.29069;0.0918968;1
1;-1.73091;0.150472;1
1;-1.66843;0.158634;1
1;-1.4938;0.183352;1
1;-1.52655;0.178499;1
1;-1.88872;0.131391;1
1;-1.93097;0.126643;1
1;-1.29056;0.215757;1
1;-2.09053;0.11002;1
1;-2.44886;0.0795222;1
1;-1.85691;0.135063;1
1;-1.93971;0.125679;1
1;-2.4852;0.0769019;1
1;-1.75884;0.146936;1
1;-2.34645;0.0873485;1
1;-2.21792;0.0981527;1
1;-1.99781;0.119433;1
1;-2.0099;0.118167;1
1;-1.82556;0.138767;1
1;-1.99191;0.120055;1
1;-1.64423;0.161891;1
1;-2.00171;0.119023;1
1;-1.98692;0.120583;1
1;-2.15636;0.103738;1
1;-1.86747;0.133834;1
1;-1.77488;0.144936;1
1;-1.7003;0.154427;1
1;-1.83005;0.138233;1
1;-1.87892;0.132513;1
1;-2.0548;0.113569;1
1;-2.00822;0.118342;1
1;-1.91035;0.128941;1
1;-2.16351;0.103076;1
1;-1.79871;0.142008;1
1;-2.16803;0.102658;1
1;-2.06495;0.112551;1
1;-0.869975;0.295259;1
1;-1.06991;0.25542;1
1;-1.44182;0.191264;1
1;-0.818768;0.306025;1
1;-1.39375;0.19881;1
1;-1.49168;0.183669;1
1;-1.54782;0.175401;1
1;-0.560155;0.363512;1
1;-0.883432;0.292467;1
1;-0.916031;0.285767;1
1;-1.75015;0.148029;1
1;-0.71032;0.329528;1
1;-0.874276;0.294365;1
1;-1.13105;0.243968;1
1;-1.05203;0.258835;1
1;-0.966158;0.275647;1
1;-1.32443;0.210083;1
1;-0.962526;0.276373;1
1;-0.935703;0.281769;1
1;-0.946232;0.279643;1
1;-1.24856;0.22295;1
1;-1.15181;0.240159;1
1;-1.45541;0.18917;1
1;-1.34531;0.206639;1
1;-0.956902;0.277499;1
1;-1.11753;0.24647;1
1;-1.242;0.224088;1
1;-1.58478;0.170119;1
1;-1.74372;0.148841;1
1;-1.26648;0.21986;1
1;-0.993025;0.270315;1
1;-0.912079;0.286575;1
1;-0.973539;0.274176;1
1;-0.892272;0.290641;1
1;-0.930986;0.282725;1
1;-0.874871;0.294242;1
1;-1.18031;0.234996;1
1;-1.14935;0.240608;1
1;-0.933227;0.28227;1
1;-1.54224;0.176209;1
1;-1.4871;0.184357;1
1;-1.26721;0.219735;1
1;-1.67009;0.158412;1
1;-1.42433;0.193983;1
1;-1.38275;0.200568;1
1;-0.937815;0.281342;1
1;-1.76303;0.146412;1
1;-1.93583;0.126107;1
1;-1.13019;0.244127;1
1;-1.22512;0.227037;1
1;-1.60801;0.166865;1
1;-1.54043;0.176472;1
1;-1.46564;0.187607;1
1;-1.57667;0.171268;1
1;-1.6272;0.164215;1
1;-1.49189;0.183638;1
1;-1.40067;0.197709;1
1;-1.24136;0.224199;1
1;-1.15663;0.239281;1
1;-1.22052;0.227845;1
1;-1.81088;0.140531;1
1;-1.12079;0.245865;1
1;-0.969842;0.274912;1
1;-1.90766;0.129244;1
1;-1.04791;0.259626;1
1;-1.37066;0.202514;1
1;-1.63566;0.163056;1
1;-1.2998;0.214199;1
1;-1.0926;0.25113;1
1;-1.17279;0.23635;1
1;-1.51028;0.180898;1
1;-1.18141;0.234798;1
1;-0.957078;0.277464;1
1;-1.40231;0.19745;1
1;-1.75118;0.147898;1
1;-1.86262;0.134398;1
1;-1.67786;0.157379;1
1;-1.52853;0.178209;1
1;-1.70383;0.153966;1
1;-1.58785;0.169687;1
1;-1.7708;0.145443;1
1;-1.53292;0.177567;1
1;-1.59624;0.168508;1
1;-1.60823;0.166835;1
1;-1.39566;0.198505;1
1;-1.308;0.212821;1
1;-1.89337;0.13086;1
1;-1.38111;0.20083;1
1;-1.32002;0.210815;1
1;-1.50892;0.181098;1
1;-0.911962;0.286599;1
1;-1.72417;0.151335;1
1;-1.50093;0.182286;1
1;-1.56515;0.172909;1
1;-1.30672;0.213036;1
1;-1.4942;0.183293;1
1;-1.24445;0.223662;1
1;-1.08597;0.252377;1
1;-1.40654;0.196781;1
1;-1.87871;0.132537;1
1;-1.66506;0.159084;1
1;-1.21102;0.229521;1
1;-1.05047;0.259136;1
1;-1.48482;0.184701;1
1;-1.1205;0.245918;1
1;-1.35796;0.204573;1
1;-1.82177;0.139222;1
1;-0.919259;0.285109;1
1;-1.19712;0.231988;1
1;-1.43149;0.192867;1
1;-1.36732;0.203054;1
1;-1.05531;0.258207;1
1;-0.880378;0.293099;1
1;-1.1397;0.242375;1
1;-1.79709;0.142206;1
1;-1.03575;0.261971;1
1;-1.27226;0.218871;1
1;-1.47734;0.185829;1
1;-1.01234;0.266523;1
1;-1.4038;0.197214;1
1;-1.33458;0.208403;1
1;-1.7757;0.144835;1
1;-1.75263;0.147715;1
1;-0.935078;0.281896;1
1;-1.09596;0.250498;1
1;-1.57962;0.17085;1
1;-1.40823;0.196513;1
1;-1.5625;0.173289;1
1;-1.66066;0.159674;1
1;-1.27123;0.219047;1
1;-1.56128;0.173463;1
1;-1.51108;0.180779;1
1;-1.67857;0.157284;1
1;-1.37115;0.202433;1
1;-1.69457;0.155176;1
1;-1.25863;0.221211;1
1;-1.6206;0.165123;1
1;-1.61294;0.166181;1
1;-1.46897;0.187099;1
1;-1.24048;0.224352;1
1;-1.36;0.20424;1
1;-1.48932;0.184024;1
1;-1.20327;0.230894;1
1;-1.7534;0.147619;1
1;-1.54382;0.17598;1
1;-1.5506;0.174999;1
1;-1.22859;0.226428;1
1;-1.48346;0.184905;1
1;-1.28247;0.21713;1
1;-1.31879;0.21102;1
1;-1.32677;0.209694;1
1;-1.31415;0.211793;1
1;-1.4747;0.186229;1
1;-1.26404;0.22028;1
1;-1.33093;0.209006;1
1;-1.54237;0.176191;1
1;-1.37585;0.201676;1
1;-1.35271;0.205428;1
1;-1.30665;0.213048;1
1;-1.8385;0.137229;1
1;-1.61393;0.166044;1
1;-1.69768;0.154769;1
1;-1.80891;0.14077;1
1;-1.09209;0.251225;1
1;-1.48303;0.18497;1
1;-1.42746;0.193495;1
1;-1.63093;0.163703;1
1;-1.57084;0.172096;1
1;-1.26537;0.220051;1
1;-1.47416;0.186311;1
1;-1.56843;0.172441;1
1;-1.07927;0.253644;1
1;-1.88648;0.131646;1
1;-1.44154;0.191307;1
1;-1.59925;0.168086;1
1;-1.52493;0.178737;1
1;-1.43462;0.192381;1
1;-1.41989;0.194679;1
1;-1.33033;0.209104;1
1;-1.56376;0.173108;1
1;-1.21085;0.229551;1
1;-1.31713;0.211296;1
1;-1.70249;0.15414;1
1;-1.08835;0.251929;1
1;-1.39491;0.198625;1
1;-1.21415;0.228968;1
1;-1.19784;0.231859;1
1;-1.5065;0.181458;1
1;-1.4413;0.191344;1
1;-1.33034;0.209103;1
1;-0.88996;0.291118;1
1;-0.806518;0.308633;1
1;-1.4928;0.183501;1
1;-1.08891;0.251824;1
1;-1.29438;0.215113;1
1;-1.41673;0.195175;1
1;-0.880173;0.293142;1
1;-0.727192;0.325811;1
1;-1.35247;0.205467;1
1;-1.09034;0.251554;1
1;-1.33566;0.208225;1
1;-0.673006;0.337824;1
1;-1.72062;0.151792;1
1;-1.31213;0.212131;1
1;-0.694843;0.332957;1
1;-1.10631;0.248559;1
1;-0.681789;0.335862;1
1;-1.50148;0.182204;1
1;-0.884393;0.292268;1
1;-0.938652;0.281173;1
1;-0.835598;0.302463;1
1;-0.915081;0.285961;1
1;-0.860523;0.29723;1
1;-1.61542;0.165838;1
1;-0.83383;0.302836;1
1;-1.02756;0.263557;1
1;-1.09707;0.250289;1
1;-1.25493;0.221848;1
1;-1.80336;0.141443;1
1;-0.882587;0.292642;1
1;0.384015;0.594841;0
1;-1.74113;0.149169;1
1;-0.998159;0.269304;1
1;-1.25767;0.221376;1
1;-0.681905;0.335836;1
1;-1.08699;0.252185;1
1;-1.44039;0.191486;1
1;-0.645057;0.344104;1
1;-1.45327;0.189499;1
1;-1.42155;0.194419;1
1;-1.32164;0.210546;1
1;-0.868832;0.295497;1
1;-0.577747;0.359451;1
1;-0.632784;0.346879;1
1;-1.22141;0.227688;1
1;-1.22762;0.226598;1
1;-0.782423;0.313798;1
1;-0.565076;0.362374;1
1;-0.111092;0.472256;1
1;-0.229758;0.442812;1
1;-0.790899;0.311976;1
1;-0.709812;0.32964;1
1;-1.32387;0.210174;1
1;-0.293202;0.42722;1
1;-0.891466;0.290807;1
1;-1.29691;0.214685;1
1;-1.0406;0.261034;1
1;-0.738813;0.323264;1
1;-0.698857;0.332066;1
1;-0.633802;0.346649;1
1;-0.917931;0.28538;1
1;-0.716347;0.328198;1
1;-0.884065;0.292336;1
1;-0.712084;0.329138;1
1;-1.88376;0.131957;1
1;-1.24166;0.224147;1
1;-1.06585;0.256194;1
1;-1.42717;0.193541;1
1;-0.94434;0.280024;1
1;-1.38051;0.200928;1
1;-1.60618;0.16712;1
1;-1.67395;0.157898;1
1;-1.17002;0.236852;1
1;-1.24802;0.223044;1
1;-1.96169;0.123284;1
1;-1.72683;0.150993;1
1;-2.05941;0.113105;1
1;-1.52778;0.178318;1
1;-1.62259;0.164848;1
1;-1.45839;0.188714;1
1;-1.38784;0.199754;1
1;-1.05577;0.258119;1
1;-1.33512;0.208314;1
1;-1.52752;0.178357;1
1;-2.00367;0.118818;1
1;-1.63322;0.16339;1
1;-1.89899;0.130222;1
1;-1.2193;0.228059;1
1;-1.34333;0.206963;1
1;-2.0141;0.117731;1
1;-1.28942;0.215951;1
1;-1.82968;0.138276;1
1;-1.81678;0.13982;1
1;-1.57454;0.17157;1
1;-1.37532;0.201762;1
1;-1.28534;0.216643;1
1;-1.77337;0.145124;1
1;-1.61808;0.16547;1
1;-1.18697;0.233801;1
1;-1.04518;0.260152;1
1;-1.4735;0.186411;1
1;-1.36589;0.203284;1
1;-1.48508;0.184661;1
1;-1.0281;0.263453;1
1;-1.59925;0.168086;1
1;-1.38009;0.200995;1
1;-1.067;0.255974;1
1;-1.39288;0.198949;1
1;-1.17729;0.23554;1
1;-1.265;0.220114;1
1;-1.01984;0.265058;1
1;-1.82173;0.139226;1
1;-1.22228;0.227535;1
1;-1.14353;0.241673;1
1;-0.68274;0.33565;1
1;-0.3374;0.416441;1
1;-1.1523;0.24007;1
1;-1.16352;0.238028;1
1;-1.66441;0.15917;1
1;-1.35228;0.205498;1
1;-1.71678;0.152286;1
1;-1.66217;0.159471;1
1;-1.74057;0.14924;1
1;-1.83784;0.137307;1
1;-1.54746;0.175453;1
1;-1.82092;0.139324;1
1;-0.571523;0.360886;1
1;-1.4077;0.196597;1
1;-1.24367;0.223798;1
1;-1.13504;0.243232;1
1;-0.84773;0.299909;1
1;-0.497469;0.378136;1
1;-0.805606;0.308828;1
1;-0.793923;0.311327;1
1;-0.565434;0.362291;1
1;-0.526563;0.371319;1
1;-0.437352;0.392372;1
1;-0.950871;0.27871;1
1;-0.821898;0.305361;1
1;-1.00232;0.268485;1
1;-1.24435;0.223679;1
1;-0.912713;0.286445;1
1;-1.22621;0.226845;1
1;-0.949367;0.279012;1
1;-0.634794;0.346424;1
1;-0.953996;0.278082;1
1;-0.567869;0.361729;1
1;-0.807767;0.308367;1
1;-1.3105;0.212404;1
1;-1.2495;0.222786;1
1;-1.21346;0.22909;1
1;-0.772787;0.315876;1
1;-1.28446;0.216792;1
1;-0.879778;0.293224;1
1;-1.14665;0.241101;1
1;-1.52666;0.178483;1
1;-1.30172;0.213876;1
1;-1.12577;0.244942;1
1;-0.769548;0.316577;1
1;-0.689156;0.334221;1
1;-0.630003;0.34751;1
1;-0.704648;0.330783;1
1;-0.830133;0.303617;1
1;-0.4231;0.395775;1
1;-1.01941;0.265142;1
1;-0.666417;0.3393;1
1;-0.717536;0.327936;1
1;-1.40412;0.197164;1
1;-0.936855;0.281536;1
1;-1.13458;0.243316;1
1;-0.773638;0.315693;1
1;-0.646014;0.343888;1
1;-0.940794;0.28074;1
1;-0.694445;0.333045;1
1;-0.576996;0.359624;1
1;-0.810239;0.30784;1
1;-1.22996;0.226188;1
1;-0.849854;0.299463;1
1;-1.30939;0.212589;1
1;-1.09216;0.251212;1
1;-0.925549;0.283829;1
1;-1.13713;0.242848;1
1;-0.679364;0.336403;1
1;-1.44314;0.19106;1
1;-1.14035;0.242256;1
1;-0.976983;0.273491;1
1;-1.10979;0.24791;1
1;-1.12829;0.244476;1
1;-0.973031;0.274277;1
1;-1.77571;0.144834;1
1;-1.0399;0.26117;1
1;-1.59673;0.168439;1
1;0.563279;0.637211;0
1;-0.0501017;0.487477;1
1;-0.17057;0.45746;1
1;-0.211909;0.44722;1
1;-0.187013;0.453382;1
1;-0.482774;0.381597;1
1;-0.901217;0.288801;1
1;-0.0570677;0.485737;1
1;-0.229934;0.442768;1
1;-0.00601571;0.498496;1
1;0.157386;0.539266;0
1;0.179441;0.54474;0
1;-0.188884;0.452919;1
1;-0.24616;0.438769;1
1;-0.180993;0.454875;1
1;-0.452227;0.388831;1
1;-0.22894;0.443014;1
1;-0.884338;0.29228;1
1;0.421301;0.603795;0
1;0.43855;0.607913;0
1;-0.03976;0.490061;1
1;-0.270683;0.432739;1
1;-0.224758;0.444046;1
1;-0.384786;0.404973;1
1;-0.657328;0.34134;1
1;-0.577704;0.359461;1
1;-0.188833;0.452931;1
1;-0.0691009;0.482732;1
1;-0.283535;0.429587;1
1;0.29917;0.57424;0
1;-0.382524;0.405518;1
1;-0.00315632;0.499211;1
1;-0.0897511;0.477577;1
1;-0.531682;0.370125;1
1;-1.40832;0.196499;1
1;-0.790067;0.312154;1
1;-0.556695;0.364313;1
1;-0.838538;0.301843;1
1;-0.696363;0.332619;1
1;-0.324812;0.419503;1
1;-1.08027;0.253455;1
1;-1.26289;0.220477;1
1;-1.2954;0.214939;1
1;-0.966251;0.275628;1
1;-0.653249;0.342258;1
1;-1.01565;0.265876;1
1;-0.861795;0.296964;1
1;-0.671675;0.338122;1
1;-1.00562;0.267837;1
1;-1.70627;0.153649;1
1;-1.83442;0.137713;1
1;-1.16876;0.23708;1
1;-1.38893;0.199579;1
1;-1.59612;0.168524;1
1;-1.42111;0.194487;1
1;-1.22804;0.226524;1
1;-1.31051;0.212401;1
1;-1.34933;0.205979;1
1;-1.26123;0.220762;1
1;-1.03265;0.262571;1
1;-1.15302;0.239938;1
1;-1.05621;0.258034;1
1;-1.11429;0.247071;1
1;-0.938074;0.281289;1
1;-1.10987;0.247896;1
1;-1.06075;0.257166;1
1;-0.843794;0.300736;1
1;-1.13088;0.243998;1
1;-1.36233;0.203861;1
1;-0.766776;0.317177;1
1;-0.985338;0.271834;1
1;-0.794644;0.311172;1
1;-1.94852;0.124714;1
1;-1.47652;0.185954;1
1;-1.20767;0.230113;1
1;-1.69419;0.155226;1
1;-0.983564;0.272185;1
1;-1.4658;0.187581;1
1;-1.76361;0.146339;1
1;-1.36641;0.2032;1
1;-1.80039;0.141804;1
1;-1.19651;0.232097;1
1;-1.73085;0.150479;1
1;-1.11284;0.247342;1
1;-1.19965;0.231538;1
1;-1.22278;0.227447;1
1;-1.28321;0.217005;1
1;-1.47212;0.186621;1
1;-1.4099;0.19625;1
1;-1.09516;0.250648;1
1;-1.22543;0.226982;1
1;-1.25626;0.221619;1
1;-1.34094;0.207355;1
1;-1.20463;0.230652;1
1;-1.19125;0.233036;1
1;-1.22689;0.226726;1
1;-1.5991;0.168107;1
1;-1.85113;0.135741;1
1;-1.36499;0.20343;1
1;-1.18966;0.23332;1
1;-1.03353;0.2624;1
1;-1.1254;0.24501;1
1;-1.25534;0.221777;1
1;-0.993857;0.270151;1
1;-1.0375;0.261633;1
1;-1.46207;0.188151;1
1;-1.23975;0.224479;1
1;-1.51886;0.17963;1
1;-1.66932;0.158515;1
1;-1.34885;0.206059;1
1;-1.46969;0.186989;1
1;-0.811264;0.307621;1
1;-1.0633;0.256679;1
1;-1.53103;0.177842;1
1;-1.41878;0.194853;1
1;-1.45259;0.189604;1
1;-1.95482;0.124028;1
1;-1.08896;0.251814;1
1;-1.47849;0.185655;1
1;-1.25899;0.221147;1
1;-1.00922;0.267133;1
1;-2.0125;0.117897;1
1;-1.35911;0.204385;1
1;-1.14545;0.241321;1
1;-1.64945;0.161184;1
1;-0.961803;0.276517;1
1;-1.43996;0.191551;1
1;-1.63672;0.162912;1
1;-0.949106;0.279065;1
1;-1.58175;0.170547;1
1;-1.04929;0.259361;1
1;-1.25041;0.22263;1
1;-1.29741;0.214601;1
1;-0.848057;0.299841;1
1;-0.967382;0.275403;1
1;-0.968801;0.275119;1
1;-1.22189;0.227604;1
1;-0.96239;0.2764;1
1;-1.21843;0.228213;1
1;-1.36599;0.203269;1
1;-1.11323;0.24727;1
1;-0.727874;0.325661;1
1;-1.0424;0.260687;1
1;-1.21156;0.229425;1
1;-1.58985;0.169405;1
1;-1.30341;0.213592;1
1;-1.17716;0.235564;1
1;-1.0821;0.25311;1
1;-1.03176;0.262743;1
1;-1.25229;0.222304;1
1;-0.135579;0.466157;1
1;-0.341601;0.415421;1
1;-0.323112;0.419918;1
1;-0.521065;0.372603;1
1;-0.185624;0.453727;1
1;-1.24647;0.223311;1
1;-1.01119;0.266746;1
1;-0.995546;0.269818;1
1;-0.824548;0.304799;1
1;-1.23958;0.224508;1
1;-1.61942;0.165285;1
1;-1.26896;0.219434;1
1;-0.825797;0.304535;1
1;-1.6238;0.164681;1
1;-1.13318;0.243574;1
1;-0.600282;0.354279;1
1;-1.31807;0.21114;1
1;-1.28656;0.216435;1
1;-0.738735;0.323281;1
1;-1.19324;0.23268;1
1;-0.878729;0.293441;1
1;-0.891328;0.290836;1
1;-1.09191;0.251258;1
1;-1.09074;0.251479;1
1;-1.26288;0.220478;1
1;-1.95206;0.124329;1
1;-1.35367;0.205271;1
1;-1.22338;0.227342;1
1;-1.29722;0.214634;1
1;-1.3357;0.208219;1
1;-1.29634;0.214781;1
1;-1.13899;0.242505;1
1;-1.36293;0.203764;1
1;-2.00897;0.118264;1
1;-1.41588;0.195308;1
1;-1.32608;0.209809;1
1;-1.19749;0.231923;1
1;-1.33921;0.207641;1
1;-1.56112;0.173487;1
1;-0.939627;0.280976;1
1;-1.79756;0.142149;1
1;-1.69752;0.15479;1
1;-1.27022;0.21922;1
1;-1.14693;0.241049;1
1;-1.10576;0.248662;1
1;-1.20746;0.230152;1
1;-1.46272;0.188051;1
1;-1.31899;0.210986;1
1;-0.677824;0.336747;1
1;-0.60967;0.352134;1
1;-0.687846;0.334512;1
1;-1.26277;0.220497;1
1;-0.373184;0.407772;1
1;-1.50589;0.181549;1
1;-0.237021;0.441021;1
1;-0.5619;0.363108;1
1;-1.5271;0.178418;1
1;-1.37308;0.202123;1
1;-1.51233;0.180593;1
1;-1.09638;0.250419;1
1;-1.45572;0.189123;1
1;-1.28922;0.215985;1
1;-1.76784;0.145811;1
1;-1.44322;0.191047;1
1;-1.10302;0.249174;1
1;-1.35885;0.204427;1
1;-1.87787;0.132634;1
1;-1.27488;0.218423;1
1;-1.20861;0.229948;1
1;-1.41783;0.195001;1
1;-0.662092;0.34027;1
1;-1.64199;0.162194;1
1;-1.35978;0.204276;1
1;-0.404331;0.400272;1
1;-1.1093;0.248001;1
1;-0.481039;0.382007;1
1;-0.986812;0.271542;1
1;-0.564725;0.362455;1
1;-0.792998;0.311525;1
1;-0.39055;0.403585;1
1;-0.743756;0.322183;1
1;-0.875516;0.294108;1
1;-0.728905;0.325435;1
1;-1.03628;0.261868;1
1;-0.947385;0.279411;1
1;-0.326354;0.419128;1
1;-0.778465;0.314651;1
1;-0.955142;0.277852;1
1;-0.426074;0.395064;1
1;-1.58872;0.169564;1
1;-1.09541;0.2506;1
1;-0.98804;0.271299;1
1;-0.421632;0.396126;1
1;-0.279369;0.430609;1
1;-0.671426;0.338178;1
1;-1.79888;0.141988;1
1;-1.2338;0.225516;1
1;-1.05117;0.259;1
1;-1.26539;0.220048;1
1;-1.10642;0.248539;1
1;-1.19441;0.23247;1
1;-0.813661;0.307111;1
1;-1.10937;0.247988;1
1;-1.17431;0.236077;1
1;-1.45394;0.189396;1
1;-2.14552;0.104751;1
1;-1.38411;0.200349;1
1;-1.74071;0.149223;1
1;-1.72059;0.151795;1
1;-1.42687;0.193587;1
1;-1.54847;0.175308;1
1;-1.90401;0.129655;1
1;-1.57439;0.171591;1
1;-1.13131;0.24392;1
1;-1.62561;0.164433;1
1;-1.21647;0.228559;1
1;-1.6291;0.163953;1
1;-1.38131;0.200798;1
1;-1.60318;0.167538;1
1;-1.66056;0.159686;1
1;-1.41318;0.195733;1
1;-1.78149;0.14412;1
1;-1.52672;0.178475;1
1;-1.30357;0.213565;1
1;-1.59343;0.168902;1
1;-1.51362;0.180403;1
1;-1.59581;0.168569;1
1;-1.33853;0.207751;1
1;-1.28585;0.216557;1
1;-1.65724;0.160133;1
1;-1.70225;0.154172;1
1;-1.56331;0.173172;1
1;-1.23979;0.224473;1
1;-1.48688;0.184391;1
1;-1.4929;0.183487;1
1;-1.57915;0.170916;1
1;-0.929662;0.282993;1
1;-1.1813;0.234818;1
1;-1.44006;0.191536;1
1;-1.14524;0.24136;1
1;-1.02775;0.263521;1
1;-1.13166;0.243856;1
1;-1.84944;0.135939;1
1;-1.59558;0.1686;1
1;-1.19847;0.231748;1
1;-1.23909;0.224594;1
1;-1.73726;0.149662;1
1;-1.75049;0.147986;1
1;-1.66997;0.158428;1
1;-1.50328;0.181937;1
1;-1.4996;0.182485;1
1;-1.29462;0.215072;1
1;-2.09487;0.109596;1
1;-1.40858;0.196459;1
1;-1.39796;0.19814;1
1;-0.949519;0.278982;1
1;-0.971854;0.274511;1
1;-1.70196;0.154209;1
1;-1.709;0.153294;1
1;-1.2172;0.228429;1
1;-1.51982;0.179488;1
1;-1.45935;0.188566;1
1;-1.56855;0.172423;1
1;-1.7056;0.153736;1
1;-0.926441;0.283647;1
1;-1.14186;0.241979;1
1;-0.972392;0.274404;1
1;-0.923104;0.284326;1
1;-1.56178;0.173391;1
1;-0.86166;0.296993;1
1;-1.4218;0.19438;1
1;-2.22072;0.0979053;1
1;-1.42558;0.193788;1
1;-1.39621;0.198417;1
1;-1.57756;0.171141;1
1;-1.41298;0.195765;1
1;-1.32487;0.210009;1
1;-1.18997;0.233264;1
1;-1.08108;0.253301;1
1;-1.38583;0.200074;1
1;-0.889843;0.291142;1
1;-1.61752;0.165547;1
1;-1.4562;0.18905;1
1;-1.11616;0.246724;1
1;-1.09905;0.249919;1
1;-1.55584;0.174244;1
1;-1.1746;0.236024;1
1;-1.3057;0.213208;1
1;-1.16511;0.23774;1
1;-1.26619;0.21991;1
1;-1.31281;0.212017;1
1;-1.22462;0.227125;1
1;-1.41356;0.195673;1
1;-1.03991;0.261168;1
1;-1.05147;0.258943;1
1;-1.5242;0.178844;1
1;-1.60137;0.16779;1
1;-1.43806;0.191847;1
1;-1.38938;0.199507;1
1;-1.26524;0.220074;1
1;-1.60606;0.167136;1
1;-1.35586;0.204914;1
1;-1.18746;0.233714;1
1;-1.30677;0.213029;1
1;-1.3186;0.211051;1
1;-1.43152;0.192862;1
1;-1.20115;0.231271;1
1;-1.17203;0.236488;1
1;-1.38752;0.199804;1
1;-0.721777;0.327002;1
1;-0.965972;0.275684;1
1;-1.26232;0.220575;1
1;-1.00054;0.268836;1
1;-1.50803;0.181231;1
1;-0.79595;0.310892;1
1;-1.45993;0.188478;1
1;-1.15221;0.240086;1
1;-1.47159;0.186701;1
1;-1.21472;0.228867;1
1;-1.17902;0.235229;1
1;-1.00377;0.268201;1
1;-1.59015;0.169363;1
1;-1.18187;0.234717;1
1;-1.32662;0.20972;1
1;-1.41911;0.194802;1
1;-1.28718;0.21633;1
1;-1.28192;0.217223;1
1;-0.365591;0.409607;1
1;-0.816815;0.30644;1
1;-1.1922;0.232865;1
1;-1.00626;0.267711;1
1;-1.19748;0.231924;1
1;-0.660754;0.34057;1
1;-1.05235;0.258774;1
1;-0.890292;0.29105;1
1;-1.87886;0.13252;1
1;-1.12088;0.245847;1
1;-1.11575;0.246801;1
1;-1.26654;0.219851;1
1;-1.67303;0.158021;1
1;-1.0952;0.25064;1
1;-1.12039;0.245938;1
1;-1.17338;0.236245;1
1;-1.03108;0.262875;1
1;-1.38079;0.200882;1
1;-0.754862;0.319763;1
1;-1.08954;0.251706;1
1;-1.50336;0.181924;1
1;-1.0847;0.252617;1
1;-1.1955;0.232276;1
1;-0.960462;0.276786;1
1;-1.36056;0.204149;1
1;-1.99088;0.120164;1
1;-1.41589;0.195306;1
1;-1.36001;0.204238;1
1;-1.38007;0.200998;1
1;-0.978807;0.273129;1
1;-1.39885;0.197999;1
1;-1.50604;0.181526;1
1;-1.72784;0.150865;1
1;-1.26648;0.219861;1
1;-1.84088;0.136947;1
1;-1.2183;0.228236;1
1;-1.2467;0.223271;1
1;-1.09042;0.25154;1
1;-1.68017;0.157073;1
1;-1.55506;0.174357;1
1;-1.36164;0.203974;1
1;-1.14268;0.241829;1
1;-1.11085;0.247713;1
1;-0.888431;0.291434;1
1;-1.46537;0.187647;1
1;-1.62871;0.164006;1
1;-1.05149;0.258939;1
1;-1.19902;0.231649;1
1;-0.923751;0.284194;1
1;-1.339;0.207675;1
1;-1.67829;0.157322;1
1;-1.39559;0.198517;1
1;-1.5519;0.174811;1
1;-1.17876;0.235276;1
1;-1.34924;0.205994;1
1;-1.26594;0.219954;1
1;-0.401718;0.4009;1
1;-0.731187;0.324934;1
1;-1.33097;0.208999;1
1;-1.83384;0.137782;1
1;-1.47649;0.185959;1
1;-1.19918;0.231622;1
1;-1.74808;0.14829;1
1;-1.44725;0.190425;1
1;-1.36031;0.20419;1
1;-1.4697;0.186988;1
1;-1.15132;0.240248;1
1;-1.43672;0.192054;1
1;-1.44758;0.190374;1
1;-1.73554;0.14988;1
1;-0.558689;0.363851;1
1;-1.42013;0.194641;1
1;-0.931674;0.282585;1
1;-1.22665;0.226769;1
1;-0.921321;0.284689;1
1;-1.37907;0.201159;1
1;-0.709111;0.329795;1
1;-1.68985;0.155795;1
1;-1.25514;0.221811;1
1;-1.44959;0.190065;1
1;-1.08082;0.253351;1
1;-1.84328;0.136663;1
1;-1.57535;0.171455;1
1;-1.00735;0.267498;1
1;-1.58615;0.169926;1
1;-1.20545;0.230507;1
1;-1.50638;0.181476;1
1;-1.50331;0.181933;1
1;-1.2368;0.224993;1
1;-1.60166;0.167749;1
1;-1.27802;0.217888;1
1;-1.04936;0.259348;1
1;-1.26715;0.219745;1
1;-1.45704;0.188921;1
1;-0.672815;0.337867;1
1;-1.2298;0.226216;1
1;-1.44104;0.191384;1
1;-1.03009;0.263067;1
1;-1.34887;0.206056;1
1;-1.70579;0.153711;1
1;-1.4712;0.18676;1
1;-0.988955;0.271119;1
1;-1.39566;0.198505;1
1;-0.496;0.378481;1
1;-1.85546;0.135233;1
1;-0.690013;0.33403;1
1;-1.75672;0.147202;1
1;-0.622003;0.349326;1
1;-0.948206;0.279246;1
1;-0.998293;0.269277;1
1;-1.44503;0.190767;1
1;-0.732388;0.324671;1
1;-1.8773;0.1327;1
1;-0.925548;0.283829;1
1;-0.9206;0.284836;1
1;-0.896521;0.289766;1
1;-1.01838;0.265343;1
1;-1.04912;0.259395;1
1;-0.935904;0.281729;1
1;-1.68448;0.156503;1
1;-1.30174;0.213873;1
1;-1.51717;0.179878;1
1;-1.18572;0.234026;1
1;-0.919438;0.285072;1
1;-0.821789;0.305384;1
1;-1.05505;0.258257;1
1;-0.965952;0.275688;1
1;-1.20274;0.230989;1
1;-1.54238;0.176189;1
1;-1.23913;0.224587;1
1;-1.55579;0.174252;1
1;-1.54087;0.176408;1
1;-1.85394;0.135411;1
1;-1.31393;0.21183;1
1;-1.17787;0.235435;1
1;-1.55266;0.174703;1
1;-1.8539;0.135415;1
1;-1.8285;0.138417;1
1;-1.01578;0.26585;1
1;-1.39001;0.199406;1
1;-1.33629;0.20812;1
1;-1.586;0.169947;1
1;-1.13999;0.242322;1
1;-1.1822;0.234657;1
1;-1.43914;0.191678;1
1;-1.32869;0.209376;1
1;-1.54748;0.175451;1
1;-1.62613;0.164361;1
1;-1.80911;0.140746;1
1;-1.70907;0.153285;1
1;-1.90804;0.129201;1
1;-1.24854;0.222952;1
1;-1.87885;0.132521;1
1;-1.71522;0.152488;1
1;-1.37989;0.201026;1
1;-1.88993;0.131253;1
1;-1.44385;0.19095;1
1;-1.6029;0.167577;1
1;-1.44785;0.190333;1
1;-1.18244;0.234614;1
1;-1.46934;0.187043;1
1;-1.57402;0.171644;1
1;-1.69676;0.154889;1
1;-1.43886;0.191721;1
1;-1.6403;0.162425;1
1;-1.6291;0.163954;1
1;-1.67061;0.158342;1
1;-1.13259;0.243683;1
1;-2.0275;0.116345;1
1;-1.72383;0.151379;1
1;-1.42691;0.193581;1
1;-2.127;0.1065;1
1;-1.76374;0.146323;1
1;-1.89352;0.130844;1
1;-1.27466;0.21846;1
1;-1.2751;0.218386;1
1;-1.42723;0.193531;1
1;-1.39407;0.198759;1
1;-1.17276;0.236357;1
1;-1.6632;0.159333;1
1;-1.68052;0.157027;1
1;-1.75389;0.147557;1
1;-1.33705;0.207995;1
1;-2.05015;0.114037;1
1;-1.77865;0.14447;1
1;-1.60799;0.166868;1
1;-1.44427;0.190885;1
1;-1.91457;0.128468;1
1;-2.10978;0.10815;1
1;-1.78316;0.143914;1
1;-1.55613;0.174203;1
1;-1.27547;0.218323;1
1;-2.24955;0.0953887;1
1;-1.35874;0.204444;1
1;-1.69105;0.155638;1
1;-1.92337;0.127486;1
1;-1.03886;0.261371;1
1;-1.76145;0.146609;1
1;-1.46928;0.187052;1
1;-1.64526;0.16175;1
1;-1.59466;0.168729;1
1;-1.88718;0.131567;1
1;-1.98087;0.121226;1
1;-1.99627;0.119596;1
1;-1.77539;0.144873;1
1;-1.15731;0.239157;1
1;-1.75851;0.146977;1
1;-2.14923;0.104403;1
1;-2.14475;0.104823;1
1;-1.64709;0.161503;1
1;-1.35535;0.204997;1
1;-1.60836;0.166817;1
1;-1.89158;0.131065;1
1;-1.25658;0.221563;1
1;-1.77473;0.144955;1
1;-2.13113;0.106107;1
1;-1.68649;0.156238;1
1;-2.00015;0.119187;1
1;-1.2629;0.220475;1
1;-1.63137;0.163643;1
1;-1.19168;0.232958;1
1;-1.90214;0.129867;1
1;-1.46431;0.187808;1
1;-1.61255;0.166235;1
1;-1.81528;0.140001;1
1;-1.61824;0.165447;1
1;-1.25694;0.221501;1
1;-1.76991;0.145554;1
1;-1.80308;0.141476;1
1;-1.08644;0.25229;1
1;-1.28936;0.215961;1
1;-0.92574;0.28379;1
1;-0.555747;0.364532;1
1;-1.66037;0.159713;1
1;-1.11666;0.246631;1
1;-0.809376;0.308024;1
1;-1.42875;0.193293;1
1;-0.761738;0.318269;1
1;-1.51213;0.180623;1
1;-0.887608;0.291604;1
1;-1.51235;0.180591;1
1;-0.619461;0.349904;1
1;-0.0499047;0.487526;1
1;-0.917464;0.285475;1
1;-1.27556;0.218306;1
1;-0.408579;0.399253;1
1;-1.16295;0.238131;1
1;-1.53677;0.177005;1
1;-1.82605;0.13871;1
1;-1.78247;0.143999;1
1;-1.47661;0.18594;1
1;-1.82412;0.13894;1
1;-1.19566;0.232249;1
1;-0.917003;0.285569;1
1;-1.38178;0.200723;1
1;-0.978024;0.273284;1
1;-1.16401;0.23794;1
1;-0.624747;0.348702;1
1;-1.33499;0.208335;1
1;-0.838549;0.30184;1
1;-2.05908;0.113138;1
1;-1.48331;0.184928;1
1;-2.31101;0.0902152;1
1;-1.75191;0.147807;1
1;-2.1688;0.102587;1
1;-1.76847;0.145733;1
1;-1.09058;0.251509;1
1;-1.44697;0.190468;1
1;-2.04301;0.11476;1
1;-1.76343;0.146361;1
1;-2.09697;0.109392;1
1;-2.49221;0.0764058;1
1;-1.80836;0.140836;1
1;-1.71928;0.151964;1
1;-1.72327;0.15145;1
1;-2.1947;0.100228;1
1;-2.07101;0.111946;1
