0;1.01859;0.734697;0
0;1.37502;0.79819;0
0;1.01859;0.734697;0
0;1.54452;0.824121;0
0;1.27485;0.781572;0
0;0.974962;0.726107;0
0;1.59789;0.831723;0
0;1.07514;0.745572;0
0;1.41108;0.803936;0
0;1.37814;0.798692;0
0;1.37211;0.797722;0
0;1.2878;0.783775;0
0;1.15749;0.760877;0
0;1.35734;0.795327;0
0;1.4426;0.808857;0
0;1.52928;0.8219;0
0;1.91174;0.871214;0
0;1.99633;0.880411;0
0;1.88932;0.868678;0
0;1.98161;0.878852;0
0;1.94297;0.874678;0
0;1.30312;0.78636;0
0;1.81251;0.859665;0
0;1.82619;0.861307;0
0;1.5556;0.825721;0
0;1.66004;0.840244;0
0;1.13692;0.757115;0
0;1.18386;0.765641;0
0;2.12923;0.893712;0
0;1.98676;0.8794;0
0;1.95362;0.875841;0
0;1.3087;0.787295;0
0;1.87413;0.866935;0
0;1.69402;0.844753;0
0;1.65775;0.839935;0
0;1.6903;0.844264;0
0;1.83471;0.862322;0
0;1.88945;0.868692;0
0;1.57235;0.828119;0
0;2.19153;0.899486;0
0;1.95089;0.875543;0
0;1.9108;0.871109;0
0;1.23042;0.773891;0
0;1.84191;0.863175;0
0;2.3012;0.908977;0
0;1.79988;0.858134;0
0;2.09706;0.890617;0
0;1.63987;0.837518;0
0;1.8562;0.864853;0
0;1.56558;0.827152;0
0;2.21646;0.901718;0
0;1.38352;0.799556;0
0;1.91415;0.871485;0
0;1.86892;0.866333;0
0;1.63406;0.836725;0
0;1.01859;0.734697;0
0;1.01859;0.734697;0
0;1.01859;0.734697;0
0;1.01859;0.734697;0
0;1.01859;0.734697;0
0;1.78704;0.856564;0
0;2.0215;0.883036;0
0;1.63771;0.837223;0
0;1.68057;0.842981;0
0;1.37933;0.798884;0
0;2.23544;0.903387;0
0;1.92501;0.872696;0
0;1.79104;0.857055;0
0;1.92455;0.872645;0
0;2.14494;0.895195;0
0;1.68437;0.843482;0
0;1.6946;0.844828;0
0;1.72511;0.848786;0
0;1.58309;0.829641;0
0;1.91663;0.871763;0
0;1.62581;0.835595;0
0;1.95996;0.876529;0
0;1.61599;0.834241;0
0;1.64434;0.838125;0
0;1.51605;0.819957;0
0;1.82344;0.860978;0
0;1.70634;0.846361;0
0;1.70764;0.846529;0
0;1.88986;0.868739;0
0;1.88749;0.868469;0
0;1.65278;0.839267;0
0;1.53547;0.822805;0
0;1.16454;0.762156;0
0;1.66741;0.84123;0
0;1.35579;0.795075;0
0;2.14213;0.894931;0
0;1.68214;0.843188;0
0;1.51016;0.819085;0
0;1.19377;0.767414;0
0;1.85377;0.864569;0
0;1.92525;0.872722;0
0;1.2133;0.770882;0
0;1.74877;0.851798;0
0;1.61569;0.8342;0
0;1.70003;0.845539;0
0;1.65536;0.839615;0
0;1.5899;0.830602;0
0;1.07328;0.745221;0
0;1.55661;0.825867;0
0;1.34704;0.793646;0
0;1.28396;0.783123;0
0;1.73961;0.850638;0
0;1.39692;0.801695;0
0;1.14708;0.758978;0
0;1.6744;0.842162;0
0;1.59414;0.831198;0
0;1.64517;0.838237;0
0;1.5222;0.820862;0
0;1.20022;0.768565;0
0;1.88314;0.867972;0
0;1.70894;0.846699;0
0;1.42705;0.806441;0
0;1.49533;0.816877;0
0;1.77275;0.854799;0
0;1.52164;0.820779;0
0;1.62461;0.83543;0
0;0.771434;0.683831;0
0;1.62568;0.835577;0
0;1.20408;0.769249;0
0;1.34439;0.793211;0
0;1.80168;0.858354;0
0;1.28772;0.78376;0
0;2.24464;0.904187;0
0;1.17613;0.764251;0
0;1.09811;0.749907;0
0;1.54071;0.823569;0
0;1.35236;0.794515;0
0;0.96189;0.7235;0
0;1.24803;0.776959;0
0;1.70255;0.845868;0
0;1.07178;0.744934;0
0;1.77398;0.854952;0
0;1.2267;0.77324;0
0;1.68013;0.842921;0
0;1.40615;0.803158;0
0;1.69226;0.844521;0
0;1.82159;0.860757;0
0;0.610955;0.648159;0
0;0.496115;0.621546;0
0;0.487317;0.619474;0
0;1.02729;0.73639;0
0;0.422886;0.604174;0
0;0.565624;0.637753;0
0;0.355562;0.587966;0
0;0.523394;0.627941;0
0;0.341916;0.584656;0
0;1.07025;0.744645;0
0;0.509342;0.624652;0
0;0.654473;0.658018;0
0;0.438106;0.607808;0
0;0.0265669;0.506641;0
0;0.354059;0.587602;0
0;0.751663;0.679541;0
0;0.759364;0.681216;0
0;0.0476469;0.511909;0
0;0.88363;0.707574;0
0;0.418471;0.603117;0
0;0.318959;0.579071;0
0;0.684784;0.664806;0
0;0.444916;0.60943;0
0;0.500372;0.622547;0
0;1.004;0.731844;0
0;0.741282;0.677276;0
0;0.475251;0.616626;0
0;0.703402;0.668942;0
0;0.546916;0.63342;0
0;0.170912;0.542624;0
0;0.225291;0.556086;0
0;0.610936;0.648154;0
0;0.914615;0.713944;0
0;0.3103;0.576959;0
0;0.705539;0.669415;0
0;0.572637;0.639371;0
0;0.812304;0.6926;0
0;0.594309;0.644353;0
0;0.492768;0.620758;0
0;0.499162;0.622262;0
0;0.728406;0.674455;0
0;0.368476;0.591091;0
0;0.624291;0.651194;0
0;0.572065;0.639239;0
0;0.740725;0.677154;0
0;0.310656;0.577045;0
0;0.691812;0.66637;0
0;0.437467;0.607655;0
0;0.532403;0.630043;0
0;0.763256;0.68206;0
0;0.294419;0.573078;0
0;0.533654;0.630335;0
0;0.4782;0.617323;0
0;1.06696;0.744018;0
0;1.01859;0.734697;0
0;1.01596;0.734185;0
0;1.06044;0.742775;0
0;1.12513;0.75494;0
0;1.00915;0.732854;0
0;1.09183;0.748726;0
0;1.01859;0.734697;0
0;1.54145;0.823675;0
0;1.01859;0.734697;0
0;1.01859;0.734697;0
0;1.01859;0.734697;0
0;1.10672;0.751517;0
0;1.01859;0.734697;0
0;1.01859;0.734697;0
0;1.01859;0.734697;0
0;0.983258;0.727754;0
0;1.01494;0.733987;0
0;1.01859;0.734697;0
0;1.09933;0.750135;0
0;1.24457;0.776359;0
0;1.20805;0.769954;0
0;1.54272;0.82386;0
0;0.778439;0.685344;0
0;1.20817;0.769975;0
0;1.32569;0.790126;0
0;1.21289;0.77081;0
0;1.01859;0.734697;0
0;0.804676;0.690974;0
0;1.01859;0.734697;0
0;1.30983;0.787485;0
0;1.45897;0.811374;0
0;1.12535;0.754981;0
0;1.52744;0.821631;0
0;1.49866;0.817374;0
0;1.57579;0.828607;0
0;1.47068;0.81316;0
0;1.65603;0.839704;0
0;1.5585;0.826138;0
0;1.53234;0.822349;0
0;1.47162;0.813303;0
0;1.56879;0.827611;0
0;1.47439;0.813723;0
0;1.58171;0.829446;0
0;1.67878;0.842743;0
0;1.36231;0.796134;0
0;1.15457;0.760345;0
0;1.18144;0.765207;0
0;1.55975;0.826318;0
0;1.27546;0.781676;0
0;1.07197;0.744972;0
0;1.20716;0.769796;0
0;1.4024;0.802564;0
0;1.5578;0.826038;0
0;1.48582;0.81545;0
0;0.830628;0.696488;0
0;1.30647;0.786921;0
0;0.4303;0.605945;0
0;0.675758;0.662791;0
0;0.687122;0.665326;0
0;0.836671;0.697764;0
0;0.897644;0.710465;0
0;0.705187;0.669337;0
0;1.16884;0.762935;0
0;1.00318;0.731683;0
0;0.516964;0.626437;0
0;0.821413;0.694536;0
0;0.572309;0.639296;0
0;0.42887;0.605604;0
0;0.771266;0.683795;0
0;0.340117;0.584219;0
0;0.789628;0.687751;0
0;1.06619;0.743872;0
0;0.756617;0.680619;0
0;0.774013;0.684388;0
0;0.747184;0.678565;0
0;0.771551;0.683856;0
0;0.595077;0.644529;0
0;0.497;0.621754;0
0;0.600087;0.645676;0
0;0.66096;0.659476;0
0;0.632449;0.653045;0
0;0.795203;0.688947;0
0;0.71421;0.671331;0
0;0.509751;0.624748;0
0;1.1676;0.762711;0
0;0.880817;0.706992;0
0;0.413083;0.601827;0
0;0.965856;0.724293;0
0;1.02998;0.736912;0
0;0.407418;0.600469;0
0;0.515029;0.625985;0
0;0.801571;0.690311;0
0;0.660851;0.659452;0
0;0.986932;0.728481;0
0;0.702122;0.668658;0
0;1.21614;0.771384;0
0;0.589778;0.643314;0
0;0.437578;0.607682;0
0;0.806752;0.691417;0
0;0.795018;0.688908;0
0;0.997607;0.730588;0
0;0.913435;0.713702;0
0;0.674467;0.662503;0
0;1.30767;0.787123;0
0;0.684698;0.664786;0
0;0.928143;0.716698;0
0;0.799128;0.689788;0
0;0.657961;0.658802;0
0;0.788337;0.687474;0
0;1.12556;0.755018;0
0;1.04544;0.739899;0
0;1.1042;0.751046;0
0;1.02248;0.735456;0
0;0.929395;0.716952;0
0;0.91095;0.713194;0
0;0.95887;0.722896;0
0;1.00888;0.732801;0
0;0.887279;0.708328;0
0;0.855812;0.701785;0
0;0.981906;0.727486;0
0;1.1582;0.761006;0
0;0.966833;0.724488;0
0;0.996471;0.730364;0
0;0.578967;0.64083;0
0;1.13393;0.756564;0
0;0.745693;0.67824;0
0;0.84679;0.699893;0
0;0.879197;0.706656;0
0;1.28745;0.783715;0
0;0.987043;0.728503;0
0;0.966992;0.724519;0
0;0.985683;0.728234;0
0;1.04193;0.739222;0
0;0.665958;0.660598;0
0;0.902215;0.711404;0
0;0.685041;0.664863;0
0;0.459259;0.612838;0
0;0.728975;0.67458;0
0;0.784278;0.686601;0
0;0.592287;0.64389;0
0;0.805381;0.691124;0
0;0.834281;0.697259;0
0;0.991085;0.729302;0
0;0.524964;0.628308;0
0;0.482094;0.618242;0
0;0.682141;0.664216;0
0;0.510386;0.624897;0
0;1.11028;0.752181;0
0;0.942198;0.719543;0
0;1.29886;0.785643;0
0;0.986629;0.728422;0
0;1.05749;0.742211;0
0;0.505956;0.623858;0
0;1.06441;0.743533;0
0;1.13283;0.756361;0
0;0.903626;0.711694;0
0;0.992806;0.729642;0
0;0.831394;0.69665;0
0;0.917625;0.714558;0
0;1.02762;0.736455;0
0;1.07347;0.745257;0
0;0.911611;0.71333;0
0;0.516768;0.626392;0
0;0.697361;0.667602;0
0;0.527378;0.628871;0
0;0.890124;0.708916;0
0;0.757587;0.68083;0
0;0.654629;0.658053;0
0;0.695059;0.667091;0
0;1.22277;0.772551;0
0;0.899925;0.710934;0
0;1.39515;0.801413;0
0;1.42124;0.805533;0
0;1.01427;0.733855;0
0;1.3458;0.793442;0
0;0.5358;0.630835;0
0;0.746607;0.678439;0
0;0.979556;0.72702;0
0;1.29396;0.784816;0
0;1.43605;0.807842;0
0;1.14501;0.758599;0
0;1.37236;0.797761;0
0;1.27877;0.78224;0
0;1.1158;0.753209;0
0;1.35195;0.794449;0
0;1.32269;0.789629;0
0;1.35442;0.794851;0
0;1.20153;0.768798;0
0;0.635508;0.653737;0
0;1.34108;0.792668;0
0;1.18384;0.765637;0
0;1.08081;0.746646;0
0;0.975932;0.7263;0
0;1.126;0.7551;0
0;1.18718;0.766236;0
0;0.815623;0.693306;0
0;1.01546;0.734087;0
0;1.22961;0.77375;0
0;1.07303;0.745173;0
0;1.11279;0.752649;0
0;1.1072;0.751607;0
0;0.770005;0.683522;0
0;1.2327;0.774291;0
0;0.764319;0.682291;0
0;0.750946;0.679385;0
0;1.04599;0.740005;0
0;0.918363;0.714708;0
0;0.895911;0.710109;0
0;1.03057;0.737025;0
0;0.952627;0.721643;0
0;1.03664;0.738201;0
0;1.13779;0.757274;0
0;0.803717;0.690769;0
0;1.24886;0.777102;0
0;1.28288;0.782939;0
0;1.09261;0.748873;0
0;1.17331;0.763742;0
0;1.09694;0.749686;0
0;0.989867;0.729062;0
0;0.920871;0.71522;0
0;1.13661;0.757056;0
0;1.37378;0.797991;0
0;1.33975;0.792448;0
0;0.767927;0.683072;0
0;0.793724;0.68863;0
0;1.16975;0.763099;0
0;0.671675;0.661878;0
0;1.26218;0.779401;0
0;1.24546;0.776514;0
0;0.861449;0.702963;0
0;0.851041;0.700785;0
0;0.986392;0.728375;0
0;1.11368;0.752814;0
0;1.06975;0.744549;0
0;1.04873;0.740532;0
0;1.36426;0.796451;0
0;1.0861;0.747646;0
0;1.16703;0.762607;0
0;1.36447;0.796486;0
0;0.918283;0.714692;0
0;1.15919;0.761185;0
0;1.25644;0.778413;0
0;0.974567;0.726029;0
0;1.01859;0.734697;0
0;1.01859;0.734697;0
0;1.01859;0.734697;0
0;1.01859;0.734697;0
0;1.01859;0.734697;0
0;1.01859;0.734697;0
0;1.01859;0.734697;0
0;1.01859;0.734697;0
0;0.965783;0.724278;0
0;0.84888;0.700332;0
0;1.30481;0.786643;0
0;0.853513;0.701304;0
0;1.20296;0.769051;0
0;0.747324;0.678595;0
0;0.996691;0.730408;0
0;0.53411;0.630441;0
0;0.933621;0.717809;0
0;0.8183;0.693875;0
0;0.781656;0.686037;0
0;0.754091;0.680069;0
0;0.842083;0.698904;0
0;0.626556;0.651708;0
0;0.584204;0.642034;0
0;0.901434;0.711244;0
0;0.627815;0.651994;0
0;0.760163;0.681389;0
0;0.707482;0.669844;0
0;1.26289;0.779523;0
0;0.857328;0.702102;0
0;0.940114;0.719123;0
0;1.03839;0.738539;0
0;0.296788;0.573657;0
0;0.205056;0.551085;0
0;0.725668;0.673854;0
0;0.776274;0.684877;0
0;0.444371;0.6093;0
0;0.430167;0.605913;0
0;0.918834;0.714804;0
0;0.523512;0.627969;0
0;0.619594;0.650126;0
0;0.7245;0.673597;0
0;0.835089;0.69743;0
0;0.950789;0.721274;0
0;1.01287;0.733581;0
0;0.604407;0.646664;0
0;0.726475;0.674031;0
0;1.02125;0.735216;0
0;0.677783;0.663244;0
0;0.7502;0.679222;0
0;0.834024;0.697205;0
0;0.767434;0.682966;0
0;0.769234;0.683355;0
0;0.604143;0.646604;0
0;0.478763;0.617456;0
0;0.78788;0.687376;0
0;0.771905;0.683933;0
0;1.19707;0.768004;0
0;0.690318;0.666038;0
0;0.854352;0.701479;0
0;0.408375;0.600698;0
0;0.728975;0.67458;0
0;0.588284;0.642971;0
0;0.484139;0.618725;0
0;0.945268;0.720163;0
0;1.06925;0.744454;0
0;0.839244;0.698306;0
0;1.03863;0.738586;0
0;0.965695;0.724261;0
0;0.66348;0.660042;0
0;0.940937;0.719289;0
0;0.818004;0.693813;0
0;1.38012;0.799011;0
0;1.03662;0.738198;0
0;0.898388;0.710618;0
0;1.04899;0.740581;0
0;1.00064;0.731184;0
0;1.73175;0.849636;0
0;1.49586;0.816956;0
0;1.18594;0.766014;0
0;1.36466;0.796516;0
0;1.18209;0.765324;0
0;1.61763;0.834467;0
0;1.8687;0.866308;0
0;1.5271;0.821582;0
0;1.53657;0.822966;0
0;1.38192;0.799299;0
0;1.38716;0.800138;0
0;1.56339;0.82684;0
0;1.71017;0.846858;0
0;1.21548;0.771268;0
0;1.27769;0.782056;0
0;1.21245;0.770732;0
0;1.12495;0.754905;0
0;1.33662;0.791934;0
0;1.24615;0.776633;0
0;1.55064;0.825006;0
0;1.30382;0.786477;0
0;1.79898;0.858025;0
0;1.1383;0.757367;0
0;1.28823;0.783848;0
0;1.50835;0.818817;0
0;1.45413;0.810634;0
0;1.32745;0.790419;0
0;1.01198;0.733408;0
0;1.05921;0.742539;0
0;1.21666;0.771476;0
0;1.02165;0.735293;0
0;1.35657;0.795202;0
0;1.29397;0.784819;0
0;1.16437;0.762126;0
0;1.32646;0.790254;0
0;1.32137;0.78941;0
0;1.1033;0.750879;0
0;0.923176;0.715689;0
0;1.44793;0.809679;0
0;1.23628;0.774916;0
0;1.41351;0.804319;0
0;1.58229;0.829528;0
0;1.17248;0.763592;0
0;1.51393;0.819642;0
0;1.43666;0.807937;0
0;1.53076;0.822118;0
0;1.27597;0.781764;0
0;1.63893;0.83739;0
0;1.38061;0.799088;0
0;1.06627;0.743887;0
0;1.42616;0.806302;0
0;1.73858;0.850507;0
0;1.26254;0.779463;0
0;1.28125;0.782662;0
0;1.76675;0.854054;0
0;1.26339;0.779609;0
0;1.20653;0.769685;0
0;1.74836;0.851746;0
0;1.68053;0.842975;0
0;1.59176;0.830863;0
0;1.25996;0.779019;0
0;1.19796;0.768161;0
0;1.19942;0.768422;0
0;1.76076;0.853304;0
0;1.51254;0.819437;0
0;1.39765;0.801811;0
0;1.24409;0.776275;0
0;1.31721;0.788717;0
0;1.14538;0.758666;0
0;1.57213;0.828087;0
0;0.503105;0.623189;0
0;0.196813;0.549045;0
0;0.234091;0.558257;0
0;0.128686;0.532127;0
0;0.495189;0.621328;0
0;0.436132;0.607337;0
0;0.318743;0.579018;0
0;0.279674;0.569466;0
0;0.533983;0.630412;0
0;0.621285;0.650511;0
0;0.32935;0.581601;0
0;0.564198;0.637423;0
0;0.230139;0.557282;0
0;0.202143;0.550364;0
0;0.290791;0.57219;0
0;0.537764;0.631292;0
0;0.214232;0.553354;0
0;0.246097;0.561216;0
0;0.182784;0.545569;0
0;0.1929;0.548076;0
0;0.104281;0.526047;0
0;0.197242;0.549151;0
0;0.326054;0.580799;0
0;0.074854;0.518705;0
0;0.488275;0.6197;0
0;0.325998;0.580785;0
0;0.148421;0.537037;0
0;0.0745858;0.518638;0
0;0.463447;0.613832;0
0;0.236429;0.558833;0
0;0.136134;0.533981;0
0;-0.00193644;0.499516;1
0;0.256129;0.563684;0
0;-0.00620974;0.498448;1
0;0.354235;0.587644;0
0;0.354004;0.587588;0
0;0.153648;0.538337;0
0;0.204887;0.551043;0
0;-0.094886;0.476296;1
0;0.123356;0.5308;0
0;0.461523;0.613375;0
0;0.628951;0.652252;0
0;0.469437;0.615251;0
0;0.547325;0.633515;0
0;0.0917058;0.52291;0
0;0.149185;0.537227;0
0;0.687416;0.665392;0
0;-0.0107055;0.497324;1
0;0.612673;0.64855;0
0;0.492871;0.620783;0
0;0.539675;0.631737;0
0;0.356942;0.5883;0
0;0.460561;0.613147;0
0;0.334694;0.582901;0
0;0.495486;0.621398;0
0;0.0557099;0.513924;0
0;0.366839;0.590695;0
0;0.2074;0.551665;0
0;0.173804;0.543342;0
0;0.214597;0.553444;0
0;0.333628;0.582642;0
0;0.627577;0.65194;0
0;0.264094;0.565642;0
0;0.717492;0.672054;0
0;0.314295;0.577933;0
0;0.365762;0.590435;0
0;0.356972;0.588307;0
0;1.08614;0.747654;0
0;0.879996;0.706821;0
0;1.03146;0.737198;0
0;0.975649;0.726244;0
0;0.805868;0.691228;0
0;0.96805;0.724731;0
0;0.68043;0.663835;0
0;0.733967;0.675675;0
0;0.662238;0.659763;0
0;0.662961;0.659925;0
0;1.31001;0.787516;0
0;1.59165;0.830847;0
0;1.50517;0.818345;0
0;1.21959;0.771992;0
0;1.01859;0.734697;0
0;1.01859;0.734697;0
0;1.40753;0.803375;0
0;1.43179;0.80718;0
0;1.39902;0.802028;0
0;1.67175;0.841809;0
0;1.18284;0.765459;0
0;1.11129;0.752369;0
0;1.38139;0.799214;0
0;1.30771;0.787129;0
0;0.944766;0.720061;0
0;0.890476;0.708988;0
0;1.93137;0.8734;0
0;1.74174;0.850909;0
0;1.09516;0.749352;0
0;1.11768;0.753558;0
0;1.25878;0.778816;0
0;1.16723;0.762643;0
0;1.64438;0.83813;0
0;1.29144;0.784391;0
0;1.62813;0.835914;0
0;0.117666;0.529383;0
0;1.05939;0.742573;0
0;1.1559;0.760587;0
0;0.692031;0.666418;0
0;1.02898;0.736719;0
0;0.889402;0.708767;0
0;1.05072;0.740912;0
0;0.972;0.725518;0
0;1.32074;0.789305;0
0;0.559904;0.63643;0
0;0.917004;0.714431;0
0;1.06292;0.743248;0
0;1.33314;0.79136;0
0;1.12239;0.754432;0
0;1.16447;0.762144;0
0;0.961015;0.723325;0
0;0.853552;0.701312;0
0;0.949272;0.720969;0
0;0.922428;0.715537;0
0;0.965479;0.724218;0
0;1.29884;0.785639;0
0;1.0741;0.745375;0
0;1.59442;0.831237;0
0;1.27424;0.781467;0
0;1.38752;0.800196;0
0;1.2044;0.769307;0
0;1.56475;0.827034;0
0;1.50894;0.818905;0
0;1.189;0.766562;0
0;1.16728;0.762654;0
0;1.58202;0.829491;0
0;1.47131;0.813256;0
0;1.81445;0.859898;0
0;1.61704;0.834386;0
0;1.3191;0.789031;0
0;1.6221;0.835085;0
0;1.02878;0.736679;0
0;1.192;0.767098;0
0;1.14654;0.758879;0
0;1.54128;0.82365;0
0;1.70506;0.846194;0
0;1.21034;0.770359;0
0;1.16904;0.762971;0
0;1.51846;0.820312;0
0;1.86738;0.866154;0
0;1.88475;0.868156;0
0;1.00772;0.732574;0
0;1.36028;0.795805;0
0;1.09633;0.749572;0
0;1.25686;0.778485;0
0;1.24172;0.775863;0
0;1.4712;0.81324;0
0;1.15328;0.760109;0
0;1.36005;0.795767;0
0;1.6711;0.841722;0
0;1.06788;0.744194;0
0;1.62402;0.835349;0
0;1.39806;0.801877;0
0;1.67498;0.842238;0
0;1.57899;0.829062;0
0;1.5562;0.825808;0
0;1.40256;0.802591;0
0;1.33602;0.791834;0
0;1.63227;0.836481;0
0;1.66096;0.840367;0
0;1.72145;0.848315;0
0;1.17223;0.763547;0
0;1.36889;0.797201;0
0;1.49118;0.816256;0
0;1.35725;0.795312;0
0;1.52076;0.82065;0
0;1.76986;0.85444;0
0;1.44446;0.809145;0
0;1.58292;0.829618;0
0;2.5454;0.927264;0
0;1.70698;0.846445;0
0;1.6704;0.841629;0
0;1.72481;0.848747;0
0;1.66526;0.840943;0
0;1.57091;0.827914;0
0;1.78686;0.856542;0
0;1.7493;0.851865;0
0;1.62475;0.835449;0
0;1.03757;0.738382;0
0;0.540372;0.631899;0
0;1.36894;0.797208;0
0;1.37541;0.798253;0
0;1.19093;0.766907;0
0;1.75463;0.852535;0
0;1.50719;0.818645;0
0;1.41637;0.804769;0
0;1.52549;0.821345;0
0;1.49867;0.817377;0
0;1.06362;0.743381;0
0;1.21686;0.77151;0
0;0.835322;0.697479;0
0;1.34987;0.794109;0
0;1.7646;0.853785;0
0;1.38904;0.800439;0
0;1.40334;0.802713;0
0;1.45482;0.81074;0
0;1.37509;0.798202;0
0;1.16715;0.762629;0
0;1.12597;0.755095;0
0;1.37843;0.798739;0
0;1.14832;0.759205;0
0;0.757637;0.68084;0
0;0.735666;0.676047;0
0;0.917213;0.714474;0
0;0.618635;0.649908;0
0;0.653874;0.657883;0
0;0.837468;0.697932;0
0;0.653822;0.657871;0
0;0.962939;0.72371;0
0;0.487481;0.619513;0
0;1.17286;0.763662;0
0;1.30236;0.786231;0
0;0.956402;0.722401;0
0;0.806969;0.691463;0
0;1.23126;0.774039;0
0;0.955217;0.722163;0
0;0.688138;0.665553;0
0;1.03005;0.736925;0
0;1.0117;0.733353;0
0;1.12104;0.754182;0
0;0.809747;0.692056;0
0;1.00988;0.732996;0
0;1.17693;0.764395;0
0;1.243;0.776085;0
0;1.12588;0.755078;0
0;1.40158;0.802434;0
0;1.18863;0.766495;0
0;1.22944;0.773721;0
0;1.12313;0.754568;0
0;1.10893;0.75193;0
0;1.61524;0.834137;0
0;1.28475;0.783257;0
0;1.05221;0.741198;0
0;1.20369;0.76918;0
0;1.28338;0.783024;0
0;1.30424;0.786547;0
0;1.02192;0.735347;0
0;1.06911;0.744428;0
0;1.26295;0.779534;0
0;1.03137;0.737181;0
0;1.12632;0.75516;0
0;1.3581;0.795451;0
0;1.39828;0.80191;0
0;0.923035;0.71566;0
0;1.11299;0.752685;0
0;1.10854;0.751856;0
0;1.15111;0.759714;0
0;1.11661;0.753359;0
0;1.30397;0.786502;0
0;1.15262;0.75999;0
0;1.26225;0.779413;0
0;1.25883;0.778825;0
0;1.16725;0.762648;0
0;1.49548;0.8169;0
0;0.87336;0.705444;0
0;1.50287;0.818003;0
0;1.71864;0.847953;0
0;1.42905;0.806754;0
0;1.08925;0.74824;0
0;1.80092;0.85826;0
0;1.33635;0.791889;0
0;1.22619;0.773151;0
0;1.33692;0.791983;0
0;1.40295;0.802651;0
0;1.06727;0.744077;0
0;1.22473;0.772895;0
0;1.70912;0.846722;0
0;1.46009;0.811547;0
0;1.61381;0.83394;0
0;1.20387;0.769213;0
0;1.0527;0.741293;0
0;1.92026;0.872167;0
0;1.4249;0.806105;0
0;1.37304;0.79787;0
0;1.58031;0.829249;0
0;1.56717;0.82738;0
0;1.23964;0.775501;0
0;1.06804;0.744224;0
0;1.27177;0.781045;0
0;1.23737;0.775106;0
0;1.20511;0.769432;0
0;1.25786;0.778658;0
0;1.56964;0.827733;0
0;1.18796;0.766375;0
0;1.55554;0.825713;0
0;1.44669;0.809489;0
0;1.62826;0.835932;0
0;1.15334;0.76012;0
0;1.62988;0.836153;0
0;1.46406;0.812154;0
0;1.34496;0.793304;0
0;1.58819;0.830361;0
0;1.59164;0.830847;0
0;1.31681;0.788651;0
0;1.4403;0.808501;0
0;1.19899;0.768344;0
0;1.37252;0.797787;0
0;1.5474;0.824537;0
0;1.29073;0.78427;0
0;1.32416;0.789873;0
0;1.25145;0.777551;0
0;1.2963;0.785211;0
0;1.35356;0.794712;0
0;1.6096;0.833356;0
0;1.29833;0.785555;0
0;1.25916;0.778881;0
0;1.26416;0.779741;0
0;1.77856;0.855519;0
0;1.51447;0.819723;0
0;1.34168;0.792766;0
0;1.419;0.805181;0
0;1.43572;0.80779;0
0;1.54091;0.823597;0
0;1.51689;0.82008;0
0;1.32842;0.79058;0
0;1.30965;0.787454;0
0;1.27025;0.780785;0
0;1.42298;0.805805;0
0;1.1365;0.757036;0
0;1.4257;0.806231;0
0;1.23288;0.774322;0
0;1.41783;0.804997;0
0;1.54718;0.824506;0
0;1.46416;0.812168;0
0;1.69006;0.844231;0
0;1.27462;0.781533;0
0;1.69301;0.84462;0
0;1.50409;0.818183;0
0;1.53036;0.822059;0
0;1.88081;0.867704;0
0;1.81378;0.859819;0
0;1.34639;0.793539;0
0;1.07338;0.745239;0
0;1.5121;0.819373;0
0;1.7291;0.849297;0
0;1.18635;0.766087;0
0;1.39157;0.800843;0
0;1.47116;0.813234;0
0;2.19221;0.899548;0
0;1.18231;0.765363;0
0;1.34206;0.792828;0
0;1.52258;0.820919;0
0;1.45751;0.811151;0
0;1.67649;0.842439;0
0;1.33305;0.791344;0
0;1.25868;0.778799;0
0;1.46691;0.812588;0
0;1.48941;0.81599;0
0;0.889213;0.708728;0
0;1.38687;0.800092;0
0;1.28291;0.782946;0
0;1.48176;0.814838;0
0;1.44147;0.808682;0
0;1.60316;0.83246;0
0;1.36287;0.796226;0
0;1.19638;0.76788;0
0;1.04169;0.739177;0
0;1.35743;0.795342;0
0;1.63008;0.836181;0
0;1.27129;0.780963;0
0;1.20371;0.769183;0
0;1.53439;0.822648;0
0;1.30422;0.786545;0
0;1.51546;0.819869;0
0;1.84252;0.863247;0
0;1.45702;0.811076;0
0;1.77743;0.855379;0
0;1.31745;0.788757;0
0;1.20431;0.769291;0
0;1.44831;0.809738;0
0;1.91622;0.871717;0
0;1.58823;0.830366;0
0;1.59982;0.831993;0
0;1.00789;0.732607;0
0;1.43152;0.807139;0
0;1.68564;0.843651;0
0;1.81477;0.859937;0
0;1.17634;0.76429;0
0;1.6312;0.836333;0
0;1.93703;0.874025;0
0;1.39112;0.800771;0
0;1.96465;0.877036;0
0;1.68947;0.844154;0
0;1.41452;0.804478;0
0;1.64437;0.838128;0
0;1.80665;0.858956;0
0;1.67533;0.842285;0
0;1.6871;0.843842;0
0;1.34827;0.793847;0
0;1.00862;0.73275;0
0;1.1643;0.762113;0
0;0.792653;0.688401;0
0;1.19103;0.766925;0
0;1.04277;0.739384;0
0;1.09942;0.750151;0
0;0.942262;0.719556;0
0;0.804751;0.69099;0
0;0.594214;0.644331;0
0;1.02583;0.736107;0
0;0.917382;0.714508;0
0;1.20963;0.770234;0
0;0.73442;0.675775;0
0;1.07894;0.746294;0
0;1.29268;0.784601;0
0;1.23322;0.774382;0
0;1.14471;0.758544;0
0;0.819103;0.694046;0
0;0.840809;0.698636;0
0;0.921049;0.715256;0
0;0.911938;0.713397;0
0;0.875051;0.705796;0
0;0.744528;0.677985;0
0;1.33075;0.790965;0
0;1.32311;0.789698;0
0;1.17811;0.764608;0
0;1.19351;0.767367;0
0;0.562168;0.636954;0
0;0.455059;0.611841;0
0;0.711131;0.670651;0
0;0.999951;0.731049;0
0;1.13699;0.757127;0
0;0.774979;0.684597;0
0;1.52979;0.821976;0
0;0.554124;0.635092;0
0;0.934671;0.718022;0
0;1.15967;0.761273;0
0;1.05103;0.740973;0
0;1.18906;0.766572;0
0;0.851419;0.700865;0
0;1.14636;0.758845;0
0;0.77583;0.684781;0
0;0.832281;0.696837;0
0;0.768556;0.683208;0
0;0.637291;0.654141;0
0;0.643849;0.655623;0
0;0.769075;0.683321;0
0;0.555967;0.635519;0
0;0.213466;0.553165;0
0;0.223708;0.555695;0
0;0.929108;0.716894;0
0;0.604046;0.646581;0
0;0.473468;0.616204;0
0;0.893036;0.709516;0
0;0.641625;0.655121;0
0;0.83361;0.697118;0
0;0.524109;0.628108;0
0;0.56445;0.637482;0
0;0.973518;0.72582;0
0;0.612207;0.648444;0
0;0.936918;0.718477;0
0;1.00942;0.732907;0
0;0.842233;0.698935;0
0;1.10525;0.751243;0
0;0.788904;0.687596;0
0;0.948462;0.720806;0
0;0.88438;0.707729;0
0;1.00443;0.731928;0
0;1.19831;0.768223;0
0;1.36932;0.79727;0
0;1.16953;0.763061;0
0;1.30982;0.787483;0
0;0.498456;0.622096;0
0;1.22383;0.772737;0
0;1.20512;0.769434;0
0;1.31921;0.78905;0
0;1.21685;0.771508;0
0;0.733298;0.675528;0
0;1.21317;0.77086;0
0;1.56814;0.827518;0
0;1.50137;0.817779;0
0;1.43338;0.807427;0
0;1.44435;0.809127;0
0;1.37124;0.797581;0
0;1.14527;0.758645;0
0;0.978749;0.72686;0
0;1.16398;0.762055;0
0;0.812385;0.692618;0
0;0.85385;0.701374;0
0;1.52547;0.821343;0
0;1.15896;0.761144;0
0;1.35547;0.795022;0
0;1.47878;0.814389;0
0;0.673427;0.66227;0
0;1.20338;0.769125;0
0;0.856217;0.70187;0
0;0.908503;0.712694;0
0;1.10709;0.751586;0
0;1.286;0.783469;0
0;1.26926;0.780616;0
0;1.23933;0.775447;0
0;1.08326;0.747111;0
0;0.594053;0.644294;0
0;1.0462;0.740045;0
0;1.12838;0.75554;0
0;1.57765;0.828871;0
0;1.45627;0.810962;0
0;0.97147;0.725412;0
0;1.1114;0.752389;0
0;0.969745;0.725069;0
0;1.12475;0.754869;0
0;1.03855;0.73857;0
0;0.985447;0.728188;0
0;1.07687;0.745901;0
0;1.07901;0.746307;0
0;1.16173;0.761646;0
0;0.896599;0.71025;0
0;1.00317;0.731681;0
0;1.18623;0.766066;0
0;1.09009;0.748398;0
0;1.40492;0.802963;0
0;1.6665;0.841108;0
0;0.849938;0.700554;0
0;1.41798;0.805022;0
0;1.09524;0.749367;0
0;1.08367;0.747187;0
0;1.40803;0.803455;0
0;1.16473;0.762191;0
0;1.37736;0.798567;0
0;0.997389;0.730545;0
0;1.05367;0.741479;0
0;0.94314;0.719734;0
0;1.33549;0.791748;0
0;0.977357;0.726584;0
0;1.60019;0.832045;0
0;1.5869;0.830179;0
0;1.90271;0.870198;0
0;1.44219;0.808793;0
0;1.39246;0.800985;0
0;1.52034;0.820588;0
0;2.13653;0.894403;0
0;1.35558;0.79504;0
0;1.24234;0.775972;0
0;1.23753;0.775133;0
0;1.89861;0.869734;0
0;1.59286;0.831018;0
0;1.55337;0.825399;0
0;1.50788;0.818747;0
0;1.69546;0.844941;0
0;1.51007;0.819072;0
0;1.75946;0.853142;0
0;1.4709;0.813194;0
0;1.55825;0.826102;0
0;1.55936;0.826261;0
0;1.73235;0.849713;0
0;1.7039;0.846044;0
0;1.7225;0.84845;0
0;1.01859;0.734697;0
0;1.49687;0.817108;0
0;1.69574;0.844978;0
0;1.35561;0.795045;0
0;1.4623;0.811885;0
0;1.612;0.833689;0
0;2.10991;0.891862;0
0;1.48759;0.815716;0
0;1.54621;0.824365;0
0;1.35179;0.794423;0
0;1.87362;0.866876;0
0;1.79546;0.857595;0
0;1.50658;0.818554;0
0;1.32784;0.790483;0
0;1.72645;0.848958;0
0;1.87317;0.866824;0
0;1.59526;0.831355;0
0;1.65528;0.839604;0
0;1.37094;0.797532;0
0;1.55906;0.826219;0
0;1.56327;0.826822;0
0;1.77926;0.855605;0
0;1.42308;0.805822;0
0;1.47936;0.814476;0
0;1.73596;0.850173;0
0;2.08537;0.889473;0
0;1.49112;0.816247;0
0;1.90932;0.870942;0
0;1.20347;0.769141;0
0;1.33455;0.791592;0
0;1.65954;0.840176;0
0;1.48796;0.815773;0
0;1.61382;0.833941;0
0;1.76552;0.853899;0
0;1.76711;0.854098;0
0;1.67957;0.842847;0
0;1.6996;0.845482;0
0;2.00389;0.881205;0
0;1.71975;0.848097;0
0;1.33149;0.791087;0
0;1.36578;0.796698;0
0;1.97596;0.87825;0
0;1.94579;0.874987;0
0;1.51755;0.820178;0
0;1.09385;0.749107;0
0;0.871351;0.705027;0
0;0.667202;0.660876;0
0;1.06206;0.743084;0
0;0.849772;0.700519;0
0;0.963286;0.723779;0
0;0.861995;0.703077;0
0;0.973661;0.725849;0
0;1.08554;0.74754;0
0;1.11448;0.752963;0
0;0.976663;0.726445;0
0;0.979706;0.72705;0
0;1.31162;0.787784;0
0;1.092;0.748757;0
0;0.972584;0.725634;0
0;1.22168;0.772359;0
0;1.28245;0.782866;0
0;0.779431;0.685558;0
0;1.10646;0.751469;0
0;0.983317;0.727766;0
0;0.980502;0.727208;0
0;0.958578;0.722837;0
0;1.13152;0.756118;0
0;1.12203;0.754365;0
0;1.27417;0.781455;0
0;1.08817;0.748036;0
0;1.21281;0.770796;0
0;0.922937;0.71564;0
0;1.0644;0.743531;0
0;1.11335;0.752753;0
0;1.15369;0.760184;0
0;1.36137;0.795983;0
0;1.36813;0.797078;0
0;1.39224;0.80095;0
0;1.51031;0.819107;0
0;1.30312;0.786359;0
0;0.808668;0.691826;0
0;1.02507;0.735959;0
0;1.09908;0.750088;0
0;1.09408;0.74915;0
0;1.0867;0.74776;0
0;1.23087;0.77397;0
0;1.51351;0.819581;0
0;1.14699;0.758961;0
0;1.44962;0.80994;0
0;1.31429;0.78823;0
0;0.975868;0.726288;0
0;1.35039;0.794193;0
0;1.35988;0.795739;0
0;1.30188;0.786151;0
0;1.23698;0.775039;0
0;1.05139;0.741042;0
0;1.11673;0.753382;0
0;1.01502;0.734002;0
0;1.32167;0.78946;0
0;1.10129;0.750502;0
0;1.16575;0.762376;0
0;0.918109;0.714657;0
0;1.07108;0.744803;0
0;1.29033;0.784203;0
0;1.14108;0.757877;0
0;1.12264;0.754478;0
0;1.36738;0.796957;0
0;1.15638;0.760674;0
0;1.5055;0.818394;0
0;1.23542;0.774765;0
0;1.25642;0.778409;0
0;1.20638;0.769657;0
0;1.18579;0.765987;0
0;1.64288;0.837926;0
0;1.56351;0.826857;0
0;1.33516;0.791693;0
0;1.52551;0.821349;0
0;1.32608;0.790192;0
0;1.25712;0.778529;0
0;1.33009;0.790856;0
0;1.38886;0.800411;0
0;1.25172;0.777598;0
0;1.32247;0.789592;0
0;1.42497;0.806117;0
0;1.21873;0.77184;0
0;1.80292;0.858505;0
0;1.42102;0.805499;0
0;1.25349;0.777904;0
0;1.09231;0.748816;0
0;1.17764;0.764523;0
0;1.12132;0.754234;0
0;1.28024;0.78249;0
0;1.47589;0.813951;0
0;1.57936;0.829113;0
0;1.10858;0.751864;0
0;1.11332;0.752748;0
0;1.57456;0.828433;0
0;1.17465;0.763985;0
0;1.42652;0.806358;0
0;1.40823;0.803486;0
0;1.4796;0.814513;0
0;1.3176;0.788782;0
0;1.24585;0.77658;0
0;1.1541;0.76026;0
0;1.10314;0.750849;0
0;1.31606;0.788526;0
0;1.4245;0.806042;0
0;1.35781;0.795403;0
0;1.16128;0.761564;0
0;1.38635;0.800009;0
0;1.15893;0.761138;0
0;1.17282;0.763654;0
0;1.23685;0.775015;0
0;1.02028;0.735027;0
0;1.19225;0.767143;0
0;1.216;0.771359;0
0;1.26518;0.779916;0
0;1.23849;0.775301;0
0;1.11493;0.753047;0
0;1.23087;0.773971;0
0;1.41229;0.804127;0
0;1.14871;0.759276;0
0;1.38133;0.799204;0
0;1.0979;0.749866;0
0;1.31033;0.787568;0
0;1.20501;0.769415;0
0;1.58585;0.830031;0
0;1.45196;0.810299;0
0;1.39375;0.80119;0
0;1.49255;0.81646;0
0;1.52865;0.821809;0
0;1.35508;0.794959;0
0;1.24056;0.775661;0
0;1.33196;0.791165;0
0;1.41371;0.804351;0
0;1.31822;0.788885;0
0;1.10901;0.751945;0
0;1.05099;0.740965;0
0;1.17432;0.763925;0
0;1.73214;0.849687;0
0;1.4871;0.815643;0
0;1.37822;0.798706;0
0;1.4488;0.809813;0
0;1.61958;0.834737;0
0;1.63807;0.837272;0
0;1.68177;0.843139;0
0;1.64342;0.838;0
0;1.60558;0.832797;0
0;1.96222;0.876773;0
0;1.40414;0.80284;0
0;1.88513;0.868199;0
0;1.85983;0.865277;0
0;1.52231;0.820879;0
0;1.77418;0.854976;0
0;1.64968;0.838848;0
0;1.4775;0.814194;0
0;1.91178;0.871219;0
0;1.24333;0.776143;0
0;1.90276;0.870204;0
0;1.08166;0.746809;0
0;1.63225;0.836477;0
0;1.97157;0.87778;0
0;1.34436;0.793205;0
0;1.34696;0.793631;0
0;1.2368;0.775007;0
0;1.22815;0.773495;0
0;1.76624;0.853989;0
0;1.69362;0.8447;0
0;1.70549;0.846251;0
0;1.68181;0.843144;0
0;1.53237;0.822353;0
0;1.80727;0.859032;0
0;1.39106;0.800762;0
0;1.80741;0.859048;0
0;1.72431;0.848683;0
0;1.57852;0.828995;0
0;1.62584;0.835598;0
0;1.87726;0.867296;0
0;1.63115;0.836327;0
0;1.76146;0.853393;0
0;1.46707;0.812612;0
0;1.66076;0.84034;0
0;1.61245;0.833751;0
0;1.05615;0.741953;0
0;1.65525;0.839599;0
0;1.30683;0.786983;0
0;1.65982;0.840213;0
0;1.80192;0.858383;0
0;1.39855;0.801954;0
0;1.3262;0.790211;0
0;1.26971;0.780693;0
0;1.27276;0.781216;0
0;1.29847;0.785577;0
0;1.2729;0.781239;0
0;1.32633;0.790233;0
0;1.25929;0.778904;0
0;1.00243;0.731536;0
0;1.35941;0.795664;0
0;1.55233;0.825251;0
0;2.04879;0.885825;0
0;1.8392;0.862854;0
0;1.95489;0.875979;0
0;1.9456;0.874966;0
0;1.12477;0.754873;0
0;1.61542;0.834163;0
0;1.26935;0.780631;0
0;1.61766;0.834472;0
0;1.14505;0.758606;0
0;1.36388;0.79639;0
0;1.23758;0.775142;0
0;1.58252;0.829562;0
0;0.93407;0.7179;0
0;0.699271;0.668026;0
0;0.682817;0.664367;0
0;0.633278;0.653232;0
0;0.949544;0.721023;0
0;0.567454;0.638176;0
0;0.871082;0.704971;0
0;0.244853;0.560909;0
0;0.391056;0.596537;0
0;1.21885;0.77186;0
0;0.538082;0.631366;0
0;0.733162;0.675499;0
0;0.685587;0.664985;0
0;1.04929;0.740639;0
0;1.56388;0.82691;0
0;0.988088;0.72871;0
0;1.13182;0.756175;0
0;0.72368;0.673417;0
0;0.887324;0.708338;0
0;0.517905;0.626658;0
0;0.912347;0.71348;0
0;0.580542;0.641192;0
0;0.719495;0.672496;0
0;0.814525;0.693073;0
0;0.303997;0.575419;0
0;0.491973;0.620571;0
0;0.46869;0.615074;0
0;1.02974;0.736865;0
0;1.3205;0.789265;0
0;0.704079;0.669091;0
0;0.741035;0.677222;0
0;1.34815;0.793826;0
0;0.911557;0.713319;0
0;0.458212;0.61259;0
0;1.10879;0.751904;0
0;1.33906;0.792335;0
0;0.666543;0.660729;0
0;0.367484;0.590851;0
0;0.772187;0.683994;0
0;0.512366;0.625361;0
0;1.60909;0.833285;0
0;1.52759;0.821653;0
0;0.887512;0.708376;0
0;1.25863;0.778789;0
0;0.646198;0.656153;0
0;1.01756;0.734497;0
0;0.484677;0.618852;0
0;0.291888;0.572458;0
0;1.01862;0.734704;0
0;0.905886;0.712158;0
0;1.00685;0.732403;0
0;0.494994;0.621282;0
0;0.991792;0.729442;0
0;0.909123;0.712821;0
0;1.07642;0.745817;0
0;1.24547;0.776516;0
0;1.45148;0.810226;0
0;1.15649;0.760695;0
0;0.886107;0.708086;0
0;1.1459;0.758761;0
0;1.29816;0.785526;0
0;1.0051;0.732061;0
0;1.10344;0.750904;0
0;0.492589;0.620716;0
0;0.718656;0.672311;0
0;1.21962;0.771996;0
0;1.2244;0.772837;0
0;0.742237;0.677485;0
0;0.523318;0.627923;0
0;1.63344;0.83664;0
0;1.20566;0.76953;0
0;1.34248;0.792897;0
0;1.21569;0.771304;0
0;1.14505;0.758606;0
0;1.09755;0.749801;0
0;1.40132;0.802393;0
0;1.57974;0.829167;0
0;1.44872;0.809802;0
0;1.23915;0.775416;0
0;1.45699;0.811072;0
0;1.24972;0.777252;0
0;1.15386;0.760216;0
0;1.35082;0.794264;0
0;1.48684;0.815603;0
0;1.28403;0.783135;0
0;1.42588;0.806258;0
0;1.2439;0.776242;0
0;1.58716;0.830216;0
0;1.54731;0.824525;0
0;1.43445;0.807593;0
0;1.25423;0.778031;0
0;1.10553;0.751294;0
0;1.55109;0.825071;0
0;1.66964;0.841528;0
0;1.79922;0.858053;0
0;1.39551;0.801471;0
0;1.49003;0.816083;0
0;1.28943;0.784051;0
0;1.29112;0.784336;0
0;1.08899;0.748192;0
0;0.69556;0.667203;0
0;1.01416;0.733833;0
0;1.0667;0.743968;0
0;1.3438;0.793115;0
0;0.855319;0.701682;0
0;1.31536;0.788409;0
0;1.46845;0.812821;0
0;1.30537;0.786737;0
0;1.37509;0.798201;0
0;1.77409;0.854966;0
0;1.26496;0.779878;0
0;1.20937;0.770187;0
0;1.63723;0.837157;0
0;1.10032;0.75032;0
0;1.55035;0.824964;0
0;1.41911;0.805199;0
0;1.46763;0.812697;0
0;1.27594;0.781757;0
0;1.26513;0.779908;0
0;1.4844;0.815237;0
0;1.2125;0.770741;0
0;1.20109;0.76872;0
0;1.61563;0.834191;0
0;1.54488;0.824173;0
0;1.15266;0.759997;0
0;1.4039;0.802802;0
0;1.15303;0.760065;0
0;1.32318;0.789711;0
0;1.40252;0.802583;0
0;1.2887;0.783927;0
0;1.54421;0.824076;0
0;1.17804;0.764596;0
0;1.12834;0.755532;0
0;1.50494;0.81831;0
0;1.43722;0.808024;0
0;1.87501;0.867037;0
0;1.25941;0.778925;0
0;1.4467;0.80949;0
0;1.18824;0.766425;0
0;1.4346;0.807617;0
0;1.40245;0.802572;0
0;1.20684;0.76974;0
0;0.721743;0.672991;0
0;0.966925;0.724506;0
0;0.713377;0.671147;0
0;0.854171;0.701441;0
0;0.980466;0.727201;0
0;0.721273;0.672887;0
0;0.813126;0.692775;0
0;0.998404;0.730745;0
0;1.01428;0.733857;0
0;1.0515;0.741063;0
0;1.18832;0.766441;0
0;0.922495;0.71555;0
0;1.12299;0.754543;0
0;0.943129;0.719731;0
0;0.859728;0.702604;0
0;0.774487;0.684491;0
0;0.877666;0.706338;0
0;1.07747;0.746014;0
0;0.867537;0.704233;0
0;0.691275;0.66625;0
0;0.996815;0.730432;0
0;0.881677;0.70717;0
0;0.816851;0.693568;0
0;1.03636;0.738147;0
0;0.790538;0.687947;0
0;0.959813;0.723084;0
0;0.906183;0.712218;0
0;1.01103;0.733223;0
0;0.994706;0.730017;0
0;0.74578;0.678258;0
0;1.07012;0.744619;0
0;0.881985;0.707233;0
0;0.872785;0.705325;0
0;0.938871;0.718872;0
0;0.785608;0.686887;0
0;1.09241;0.748835;0
0;0.901657;0.71129;0
0;1.09297;0.74894;0
0;0.802491;0.690507;0
0;1.13034;0.755901;0
0;1.04378;0.739578;0
0;1.00476;0.731993;0
0;1.36772;0.797012;0
0;0.837196;0.697874;0
0;1.18523;0.765887;0
0;1.38079;0.799118;0
0;0.978193;0.72675;0
0;1.1468;0.758927;0
0;1.07796;0.746107;0
0;1.33918;0.792355;0
0;1.13288;0.75637;0
0;1.04673;0.740147;0
0;1.09423;0.749178;0
0;1.48668;0.81558;0
0;1.15578;0.760565;0
0;0.907223;0.712432;0
0;0.717274;0.672006;0
0;0.773191;0.684211;0
0;1.17889;0.764749;0
0;0.67952;0.663632;0
0;0.928692;0.71681;0
0;1.0551;0.741753;0
0;1.10554;0.751296;0
0;0.801717;0.690342;0
0;1.05187;0.741133;0
0;1.0526;0.741274;0
0;1.09264;0.748878;0
0;0.894342;0.709785;0
0;1.06153;0.742983;0
0;0.927622;0.716593;0
0;1.15038;0.759581;0
0;0.947303;0.720573;0
0;0.884962;0.70785;0
0;1.69608;0.845022;0
0;0.802771;0.690567;0
0;0.935269;0.718143;0
0;0.781521;0.686008;0
0;0.876488;0.706094;0
0;0.606975;0.64725;0
0;0.51704;0.626455;0
0;0.668497;0.661167;0
0;1.51635;0.820001;0
0;0.815049;0.693184;0
0;1.13946;0.75758;0
0;0.891663;0.709233;0
0;0.896151;0.710158;0
0;0.615302;0.649149;0
0;0.477197;0.617086;0
0;1.04893;0.740569;0
0;1.27036;0.780805;0
0;0.725665;0.673853;0
0;0.636606;0.653986;0
0;0.893212;0.709553;0
0;1.0899;0.748362;0
0;1.19378;0.767417;0
0;1.34924;0.794006;0
0;0.922412;0.715533;0
0;0.667661;0.660979;0
0;0.610899;0.648146;0
0;1.17263;0.76362;0
0;0.608999;0.647712;0
0;0.593778;0.644232;0
0;0.915771;0.71418;0
0;0.638131;0.654331;0
0;0.492238;0.620634;0
0;0.934106;0.717907;0
0;0.927787;0.716626;0
0;0.701234;0.668461;0
0;0.717007;0.671947;0
0;0.987456;0.728585;0
0;1.27525;0.78164;0
0;0.987885;0.72867;0
0;1.11446;0.75296;0
0;0.962078;0.723538;0
0;0.562465;0.637023;0
0;0.476052;0.616815;0
0;0.29231;0.572562;0
0;0.954455;0.72201;0
0;0.412078;0.601586;0
0;0.674384;0.662484;0
0;0.612021;0.648402;0
0;0.70986;0.67037;0
0;0.935591;0.718208;0
0;0.624861;0.651323;0
0;1.01181;0.733374;0
0;0.657522;0.658704;0
0;0.521422;0.62748;0
0;0.703691;0.669006;0
0;0.813744;0.692907;0
0;0.630056;0.652502;0
0;1.35685;0.795248;0
0;0.845313;0.699583;0
0;1.07395;0.745347;0
0;0.905164;0.71201;0
0;0.893467;0.709605;0
0;0.741284;0.677277;0
0;0.768411;0.683177;0
0;0.834335;0.697271;0
0;0.390365;0.596371;0
0;0.725699;0.673861;0
0;0.589044;0.643146;0
0;-0.0677205;0.483076;1
0;0.277234;0.568868;0
0;0.351575;0.586999;0
0;0.226443;0.55637;0
0;-0.465227;0.385747;1
0;0.216576;0.553933;0
0;0.0414595;0.510363;0
0;0.139431;0.534801;0
0;0.416384;0.602618;0
0;0.163369;0.540752;0
0;0.225336;0.556097;0
0;0.104019;0.525981;0
0;0.45164;0.611029;0
0;-0.21506;0.446441;1
0;0.384066;0.594853;0
0;0.596884;0.644943;0
0;0.340557;0.584326;0
0;0.148653;0.537095;0
0;0.153306;0.538252;0
0;0.642692;0.655362;0
0;0.404545;0.599779;0
0;0.37899;0.593629;0
0;0.182218;0.545429;0
0;0.0152127;0.503803;0
0;0.244115;0.560727;0
0;0.203179;0.550621;0
0;0.240129;0.559745;0
0;0.0180002;0.5045;0
0;0.355643;0.587985;0
0;0.0254699;0.506367;0
0;0.156602;0.539071;0
0;0.395193;0.597532;0
0;0.308854;0.576605;0
0;0.564406;0.637471;0
0;0.253827;0.563118;0
0;0.164025;0.540915;0
0;0.0146639;0.503666;0
0;0.258955;0.564379;0
0;0.133475;0.533319;0
0;0.0713326;0.517826;0
0;0.307888;0.57637;0
0;0.363624;0.589917;0
0;0.041044;0.51026;0
0;-0.115553;0.471144;1
0;0.420447;0.60359;0
0;0.0128093;0.503202;0
0;-0.0505454;0.487366;1
0;0.0237957;0.505949;0
0;0.409018;0.600852;0
0;-0.119561;0.470145;1
0;0.174486;0.543511;0
0;0.246287;0.561262;0
0;0.199178;0.54963;0
0;-0.0389644;0.49026;1
0;-0.136104;0.466027;1
0;-0.0975884;0.475622;1
0;-0.195396;0.451306;1
0;0.00667145;0.501668;0
0;-0.104067;0.474007;1
0;-0.0681984;0.482957;1
0;-0.0262971;0.493426;1
0;0.207683;0.551735;0
0;0.0766101;0.519143;0
0;-0.00947463;0.497631;1
0;-0.0627351;0.484321;1
0;0.187315;0.546692;0
0;-0.177997;0.455618;1
0;-0.151998;0.462074;1
0;0.261663;0.565045;0
0;-0.0344978;0.491376;1
0;0.901646;0.711288;0
0;0.907872;0.712564;0
0;0.344425;0.585265;0
0;0.482107;0.618245;0
0;0.917714;0.714576;0
0;0.646025;0.656114;0
0;0.397274;0.598033;0
0;0.653918;0.657893;0
0;0.546556;0.633336;0
0;0.808791;0.691852;0
0;0.513743;0.625684;0
0;0.851317;0.700843;0
0;0.568814;0.638489;0
0;0.56402;0.637382;0
0;0.740998;0.677214;0
0;0.595548;0.644637;0
0;0.686538;0.665196;0
0;0.73522;0.67595;0
0;1.00074;0.731204;0
0;0.811865;0.692507;0
0;0.62503;0.651362;0
0;0.738486;0.676665;0
0;0.807791;0.691639;0
0;0.997738;0.730614;0
0;0.822571;0.694782;0
0;0.780074;0.685696;0
0;0.532732;0.63012;0
0;0.449699;0.610568;0
0;1.40973;0.803724;0
0;0.594636;0.644428;0
0;0.759831;0.681317;0
0;1.00785;0.7326;0
0;0.507746;0.624278;0
0;1.011;0.733216;0
0;0.632057;0.652956;0
0;0.500969;0.622687;0
0;0.633909;0.653375;0
0;0.277354;0.568897;0
0;0.834092;0.697219;0
0;0.738768;0.676726;0
0;0.848257;0.700201;0
0;1.18616;0.766053;0
0;0.58375;0.64193;0
0;0.618447;0.649865;0
0;0.792105;0.688283;0
0;0.314406;0.57796;0
0;0.54241;0.632373;0
0;0.707474;0.669843;0
0;0.518557;0.62681;0
0;0.540981;0.632041;0
0;0.304796;0.575615;0
0;0.444869;0.609419;0
0;0.78953;0.68773;0
0;0.988075;0.728708;0
0;0.756069;0.6805;0
0;0.497825;0.621948;0
0;0.991669;0.729417;0
0;0.543156;0.632546;0
0;0.744595;0.678;0
0;0.618481;0.649873;0
0;0.629492;0.652374;0
0;0.728757;0.674532;0
0;0.609703;0.647873;0
0;1.22412;0.772788;0
0;1.27592;0.781754;0
0;1.13892;0.757481;0
0;1.10509;0.751213;0
0;1.06126;0.742931;0
0;1.08378;0.747209;0
0;1.25922;0.778892;0
0;1.23877;0.77535;0
0;1.00085;0.731226;0
0;1.71719;0.847767;0
0;1.39703;0.801713;0
0;1.27726;0.781983;0
0;1.46978;0.813024;0
0;1.15954;0.76125;0
0;1.80015;0.858168;0
0;1.22677;0.773252;0
0;1.58668;0.830148;0
0;1.58805;0.830342;0
0;1.48299;0.815024;0
0;1.16145;0.761597;0
0;1.51478;0.819769;0
0;1.08982;0.748348;0
0;1.37171;0.797656;0
0;1.87368;0.866884;0
0;1.60488;0.832699;0
0;1.17886;0.764742;0
0;1.43513;0.807699;0
0;1.22831;0.773522;0
0;1.39517;0.801417;0
0;1.77541;0.855129;0
0;0.14192;0.53542;0
0;0.818315;0.693878;0
0;1.57616;0.828661;0
0;1.44587;0.809362;0
0;1.80288;0.858499;0
0;1.42881;0.806715;0
0;1.68238;0.843219;0
0;1.43362;0.807465;0
0;1.92469;0.87266;0
0;1.26598;0.780054;0
0;1.65453;0.839503;0
0;1.11547;0.753147;0
0;1.58336;0.82968;0
0;1.66614;0.841061;0
0;1.30252;0.786259;0
0;1.51842;0.820305;0
0;1.36444;0.79648;0
0;1.30884;0.787319;0
0;2.08005;0.888949;0
0;1.47549;0.81389;0
0;1.37997;0.798986;0
0;1.30534;0.786733;0
0;1.27122;0.780952;0
0;1.22501;0.772944;0
0;1.47802;0.814274;0
0;1.77485;0.85506;0
0;1.62189;0.835056;0
0;1.59504;0.831323;0
0;1.34229;0.792866;0
0;1.57976;0.829171;0
0;1.01634;0.734259;0
0;1.23235;0.77423;0
0;1.03605;0.738088;0
0;1.58122;0.829377;0
0;1.36253;0.79617;0
0;1.33161;0.791107;0
0;1.68555;0.843638;0
0;1.34765;0.793745;0
0;0.775029;0.684608;0
0;1.43093;0.807046;0
0;0.877658;0.706337;0
0;1.2207;0.772187;0
0;0.92404;0.715865;0
0;1.14188;0.758025;0
0;1.32212;0.789534;0
0;0.605868;0.646998;0
0;1.37821;0.798703;0
0;1.07886;0.746278;0
0;1.07974;0.746446;0
0;1.24711;0.7768;0
0;1.2389;0.775373;0
0;1.22423;0.772807;0
0;1.03971;0.738794;0
0;1.05615;0.741954;0
0;1.19283;0.767247;0
0;1.33171;0.791123;0
0;0.82498;0.695293;0
0;1.26981;0.78071;0
0;0.851094;0.700797;0
0;0.708517;0.670073;0
0;1.02477;0.7359;0
0;0.942233;0.719551;0
0;0.878241;0.706457;0
0;1.17972;0.764898;0
0;1.27832;0.782164;0
0;1.13251;0.756303;0
0;0.994317;0.72994;0
0;1.25601;0.778339;0
0;1.40307;0.802671;0
0;0.78752;0.687299;0
0;1.02914;0.73675;0
0;0.835493;0.697515;0
0;1.18936;0.766627;0
0;1.11649;0.753337;0
0;1.01378;0.73376;0
0;1.32442;0.789916;0
0;1.2329;0.774325;0
0;0.567157;0.638107;0
0;1.19142;0.766996;0
0;0.720561;0.67273;0
0;1.53754;0.823107;0
0;1.22462;0.772875;0
0;0.866018;0.703916;0
0;1.40422;0.802852;0
0;0.885151;0.707889;0
0;1.33095;0.790998;0
0;1.17164;0.763441;0
0;1.18054;0.765045;0
0;1.09663;0.749629;0
0;0.299703;0.57437;0
0;1.23441;0.774589;0
0;0.945225;0.720154;0
0;0.637281;0.654139;0
0;1.18694;0.766194;0
0;1.13752;0.757224;0
0;1.18737;0.766271;0
0;1.28406;0.78314;0
0;1.52294;0.820971;0
0;0.683647;0.664552;0
0;0.914908;0.714003;0
0;0.514382;0.625833;0
0;1.14036;0.757745;0
0;1.43139;0.807119;0
0;1.01978;0.734929;0
0;1.04372;0.739568;0
0;1.47031;0.813104;0
0;0.951089;0.721334;0
0;0.564511;0.637496;0
0;0.547879;0.633643;0
0;0.332471;0.58236;0
0;0.443704;0.609141;0
0;0.103733;0.52591;0
0;0.189274;0.547178;0
0;0.481773;0.618167;0
0;0.416324;0.602603;0
0;0.19474;0.548532;0
0;0.637854;0.654268;0
0;0.161546;0.540299;0
0;0.0643415;0.51608;0
0;0.190467;0.547473;0
0;0.703613;0.668988;0
0;0.152678;0.538096;0
0;0.301287;0.574757;0
0;0.362874;0.589736;0
0;-0.0187509;0.495312;1
0;0.149214;0.537234;0
0;0.557355;0.63584;0
0;0.227943;0.55674;0
0;-0.0703205;0.482427;1
0;-0.109029;0.47277;1
0;0.584363;0.642071;0
0;0.158329;0.5395;0
0;0.567232;0.638124;0
0;0.583816;0.641945;0
0;0.491209;0.620391;0
0;0.235778;0.558673;0
0;0.803132;0.690644;0
0;0.108997;0.527222;0
0;-0.113177;0.471736;1
0;0.333155;0.582527;0
0;0.664655;0.660305;0
0;0.160638;0.540073;0
0;0.0914954;0.522858;0
0;0.888488;0.708578;0
0;0.401664;0.599087;0
0;0.275721;0.568497;0
0;0.334092;0.582755;0
0;0.348606;0.586279;0
0;0.197119;0.549121;0
0;0.288537;0.571638;0
0;0.268662;0.566764;0
0;0.101054;0.525242;0
0;0.347432;0.585995;0
0;0.589745;0.643307;0
0;0.547271;0.633502;0
0;0.46659;0.614576;0
0;0.44938;0.610492;0
0;0.267796;0.566552;0
0;-0.00553232;0.498617;1
0;0.396152;0.597763;0
0;0.618493;0.649876;0
0;0.704127;0.669102;0
0;0.460967;0.613244;0
0;0.433693;0.606755;0
0;0.661685;0.659639;0
1;-1.96331;0.123109;1
1;-1.77716;0.144654;1
1;-1.76201;0.146538;1
1;-1.75422;0.147515;1
1;-1.12277;0.245499;1
1;-1.69709;0.154846;1
1;-1.34068;0.207398;1
1;-1.32457;0.210059;1
1;-1.67004;0.158419;1
1;-1.50925;0.18105;1
1;-2.07889;0.111165;1
1;-1.38635;0.199991;1
1;-1.76465;0.146209;1
1;-1.17421;0.236094;1
1;-1.46144;0.188247;1
1;-1.44996;0.190007;1
1;-1.41754;0.195047;1
1;-1.28866;0.216079;1
1;-1.18221;0.234654;1
1;-1.66595;0.158965;1
1;-1.14376;0.241631;1
1;-1.28617;0.216501;1
1;-1.20196;0.231127;1
1;-1.79642;0.142288;1
1;-1.42741;0.193502;1
1;-1.27786;0.217915;1
1;-1.77426;0.145014;1
1;-0.929007;0.283126;1
1;-0.984899;0.271921;1
1;-0.871694;0.294902;1
1;-0.829275;0.303798;1
1;-0.84683;0.300098;1
1;-0.532716;0.369884;1
1;-1.34491;0.206703;1
1;-0.503477;0.376724;1
1;-0.639746;0.345304;1
1;-1.17033;0.236795;1
1;-0.695099;0.3329;1
1;-0.287135;0.428705;1
1;-0.74389;0.322154;1
1;-0.674558;0.337477;1
1;-1.24692;0.223235;1
1;-1.23815;0.224758;1
1;-0.560251;0.36349;1
1;-1.2794;0.217653;1
1;-0.808293;0.308254;1
1;-0.956103;0.277659;1
1;-1.01078;0.266828;1
1;-1.27423;0.218535;1
1;-1.01191;0.266607;1
1;-0.437888;0.392244;1
1;-0.975654;0.273755;1
1;-0.857932;0.297772;1
1;-1.01085;0.266813;1
1;-0.539885;0.368214;1
1;-0.779643;0.314397;1
1;-0.879465;0.293289;1
1;-1.16416;0.237911;1
1;-0.955;0.27788;1
1;-0.346098;0.414329;1
1;-0.504047;0.37659;1
1;-0.450285;0.389293;1
1;0.106736;0.526659;0
1;-0.619962;0.34979;1
1;-1.87696;0.132739;1
1;-1.26774;0.219644;1
1;-1.3656;0.203331;1
1;-1.4021;0.197484;1
1;-1.44547;0.1907;1
1;-1.52843;0.178224;1
1;-1.02004;0.26502;1
1;-1.77042;0.145491;1
1;-0.830763;0.303484;1
1;-1.29612;0.214819;1
1;-1.87098;0.133428;1
1;-1.63375;0.163318;1
1;-1.49377;0.183356;1
1;-1.34216;0.207155;1
1;-0.962023;0.276473;1
1;-0.972383;0.274406;1
1;-1.40217;0.197472;1
1;-1.35061;0.205771;1
1;-1.35874;0.204445;1
1;-1.47172;0.186681;1
1;-1.93531;0.126164;1
1;-1.17448;0.236047;1
1;-1.53123;0.177814;1
1;-1.04649;0.259899;1
1;-1.55521;0.174335;1
1;-1.42785;0.193434;1
1;-1.4099;0.19625;1
1;-1.25467;0.221892;1
1;-1.61179;0.166341;1
1;-1.55401;0.174509;1
1;-1.32716;0.209629;1
1;-1.27561;0.218299;1
1;-1.42772;0.193454;1
1;-1.27176;0.218956;1
1;-1.19099;0.233082;1
1;-0.737968;0.323449;1
1;-0.583227;0.35819;1
1;-1.29213;0.215493;1
1;-1.09373;0.250916;1
1;-1.82904;0.138352;1
1;-0.595579;0.355356;1
1;-1.50238;0.182071;1
1;-1.28333;0.216983;1
1;-1.1213;0.24577;1
1;-0.741055;0.322773;1
1;-1.84375;0.136608;1
1;-1.30927;0.21261;1
1;-1.3522;0.205511;1
1;-1.19515;0.232338;1
1;-1.29394;0.215187;1
1;-0.625477;0.348537;1
1;-0.5672;0.361883;1
1;-0.199672;0.450247;1
1;-0.794069;0.311296;1
1;-0.91183;0.286625;1
1;-1.41284;0.195787;1
1;-1.31594;0.211495;1
1;-1.00388;0.268179;1
1;-1.40429;0.197137;1
1;-0.986419;0.27162;1
1;-0.991704;0.270576;1
1;-1.24838;0.22298;1
1;-1.30404;0.213486;1
1;-1.4083;0.196503;1
1;-0.93755;0.281396;1
1;-1.59228;0.169063;1
1;-1.75285;0.147688;1
1;-1.59951;0.16805;1
1;-1.4171;0.195117;1
1;0.750312;0.679247;0
1;-2.0904;0.110033;1
1;-1.29978;0.214203;1
1;-1.68548;0.156372;1
1;-1.75448;0.147483;1
1;-1.17301;0.236312;1
1;-1.08164;0.253196;1
1;-1.44281;0.191111;1
1;-1.59081;0.16927;1
1;-1.70376;0.153975;1
1;-1.77134;0.145376;1
1;-1.69704;0.154853;1
1;-1.66148;0.159563;1
1;-1.67647;0.157564;1
1;-1.72721;0.150945;1
1;-1.39497;0.198616;1
1;-1.50046;0.182357;1
1;-1.38253;0.200603;1
1;-1.13615;0.243028;1
1;-0.755352;0.319656;1
1;-1.29275;0.215387;1
1;-1.07767;0.253947;1
1;-1.73329;0.150167;1
1;-1.64702;0.161512;1
1;-1.54487;0.175829;1
1;-1.58143;0.170594;1
1;-1.89936;0.130181;1
1;-1.52172;0.179208;1
1;-1.25702;0.221487;1
1;-1.0055;0.267861;1
1;-1.75472;0.147453;1
1;-1.77984;0.144323;1
1;-0.995017;0.269922;1
1;-1.22096;0.227767;1
1;-1.35662;0.20479;1
1;-1.51433;0.180299;1
1;-1.15138;0.240237;1
1;-1.02221;0.264596;1
1;-1.51151;0.180716;1
1;-1.46376;0.187892;1
1;-1.34236;0.207122;1
1;-1.42922;0.193221;1
1;-1.16245;0.238222;1
1;-1.6866;0.156224;1
1;-0.966698;0.275539;1
1;-1.43978;0.19158;1
1;-1.25944;0.221071;1
1;-1.4753;0.186138;1
1;-0.947485;0.279391;1
1;-1.22142;0.227687;1
1;-1.42206;0.194339;1
1;-1.00466;0.268026;1
1;-1.47059;0.186852;1
1;-0.587695;0.357164;1
1;-1.19687;0.232032;1
1;-1.24095;0.224271;1
1;-1.98575;0.120708;1
1;-1.08841;0.251917;1
1;-0.765161;0.317527;1
1;-0.878916;0.293402;1
1;-1.34393;0.206864;1
1;-0.839724;0.301593;1
1;-0.650217;0.342941;1
1;-1.15906;0.238838;1
1;-1.45302;0.189536;1
1;-1.35784;0.204592;1
1;-1.499;0.182574;1
1;-1.21313;0.229148;1
1;-1.5136;0.180406;1
1;-1.16101;0.238484;1
1;-1.11046;0.247784;1
1;-1.52591;0.178592;1
1;-1.42934;0.193202;1
1;-1.34385;0.206878;1
1;-1.32955;0.209234;1
1;-2.00144;0.119052;1
1;-1.38112;0.20083;1
1;-1.35244;0.205472;1
1;-1.4138;0.195635;1
1;-1.49898;0.182578;1
1;-1.42442;0.193969;1
1;-1.10936;0.247989;1
1;-1.37377;0.202011;1
1;-2.18976;0.100674;1
1;-1.44287;0.191101;1
1;-1.43514;0.192298;1
1;-1.77488;0.144936;1
1;-1.22447;0.227151;1
1;-1.31129;0.212271;1
1;-1.6602;0.159735;1
1;-1.26435;0.220227;1
1;-1.77479;0.144947;1
1;-1.19436;0.232481;1
1;-0.993483;0.270225;1
1;-2.06079;0.112967;1
1;-1.80583;0.141142;1
1;-2.13617;0.105631;1
1;-1.76015;0.146772;1
1;-0.984772;0.271946;1
1;-1.4853;0.184628;1
1;-1.41531;0.195398;1
1;-1.11702;0.246565;1
1;-1.56714;0.172625;1
1;-0.927959;0.283339;1
1;-1.36996;0.202626;1
1;-1.43881;0.191729;1
1;-1.54132;0.176344;1
1;-0.922549;0.284439;1
1;-1.03079;0.262932;1
1;-1.26734;0.219714;1
1;-1.5623;0.173317;1
1;-1.4295;0.193176;1
1;-0.962782;0.276322;1
1;-1.5682;0.172473;1
1;-1.62235;0.164882;1
1;-1.82088;0.139328;1
1;-1.44984;0.190026;1
1;-1.5032;0.181949;1
1;-1.10193;0.249379;1
1;-0.549614;0.365954;1
1;-1.71875;0.152032;1
1;-0.613542;0.351252;1
1;-1.20746;0.230151;1
1;-0.976213;0.273644;1
1;-1.22926;0.226312;1
1;-0.333158;0.417472;1
1;-0.792824;0.311563;1
1;-1.24594;0.223404;1
1;-1.8142;0.140132;1
1;-0.673324;0.337753;1
1;-1.62892;0.163979;1
1;-1.34894;0.206044;1
1;-1.41866;0.194871;1
1;-1.51412;0.180329;1
1;-1.20641;0.230337;1
1;-1.82734;0.138555;1
1;-1.1076;0.248318;1
1;-0.829651;0.303719;1
1;-1.14021;0.242281;1
1;-1.0187;0.26528;1
1;-0.932078;0.282503;1
1;-1.12593;0.244913;1
1;-1.17312;0.236292;1
1;-1.55383;0.174534;1
1;-1.02278;0.264487;1
1;-1.15366;0.239821;1
1;-1.15447;0.239673;1
1;-1.0563;0.258016;1
1;-0.564315;0.36255;1
1;-1.12944;0.244264;1
1;-1.31858;0.211055;1
1;-1.7818;0.144081;1
1;-1.75316;0.14765;1
1;-1.50282;0.182005;1
1;-1.07121;0.255173;1
1;-1.48829;0.184179;1
1;-1.13333;0.243547;1
1;-1.4169;0.195147;1
1;-1.70169;0.154245;1
1;-1.80858;0.14081;1
1;-1.87518;0.132944;1
1;-1.89696;0.130453;1
1;-0.92168;0.284616;1
1;-1.57992;0.170807;1
1;-1.44085;0.191414;1
1;-1.09594;0.250501;1
1;-1.00683;0.2676;1
1;-1.97466;0.12189;1
1;-1.88056;0.132324;1
1;-1.79031;0.143035;1
1;-2.13991;0.105278;1
1;-1.44803;0.190304;1
1;-1.57749;0.171151;1
1;-1.35389;0.205234;1
1;-1.70287;0.154091;1
1;-1.17954;0.235134;1
1;-1.34687;0.206382;1
1;-1.14785;0.240881;1
1;-1.41437;0.195545;1
1;-1.09967;0.249801;1
1;-1.14471;0.241456;1
1;-1.50035;0.182374;1
1;-0.9899;0.270932;1
1;-0.959196;0.277039;1
1;-0.737711;0.323505;1
1;-1.10462;0.248876;1
1;-0.983089;0.272279;1
1;-0.934302;0.282053;1
1;-0.884422;0.292262;1
1;-0.582343;0.358394;1
1;-0.634031;0.346597;1
1;-1.37311;0.202118;1
1;-1.11609;0.246738;1
1;-1.15402;0.239756;1
1;-1.09882;0.249961;1
1;-1.89358;0.130837;1
1;-0.957668;0.277345;1
1;-1.10904;0.248049;1
1;-0.9491;0.279066;1
1;-1.4476;0.190372;1
1;-1.47367;0.186385;1
1;-0.945584;0.279774;1
1;-1.17886;0.235257;1
1;-1.53928;0.17664;1
1;-0.981653;0.272564;1
1;-1.08826;0.251947;1
1;-0.887732;0.291578;1
1;-0.92728;0.283477;1
1;-1.20501;0.230585;1
1;-1.56752;0.17257;1
1;-0.505546;0.376238;1
1;-0.417594;0.397093;1
1;-0.599599;0.354436;1
1;-0.209073;0.447921;1
1;-0.90409;0.288211;1
1;-1.61081;0.166476;1
1;-0.254642;0.436681;1
1;-0.67178;0.338098;1
1;-1.28373;0.216915;1
1;-1.67966;0.15714;1
1;-1.17667;0.235651;1
1;-1.07463;0.254524;1
1;-1.087;0.252184;1
1;-1.9018;0.129905;1
1;-1.12905;0.244337;1
1;-1.20632;0.230353;1
1;-1.23868;0.224665;1
1;-1.03726;0.261679;1
1;-0.702524;0.331253;1
1;-1.28956;0.215927;1
1;-1.66422;0.159196;1
1;-0.862062;0.296909;1
1;-1.64977;0.16114;1
1;-1.31693;0.211329;1
1;-1.51498;0.180202;1
1;-1.11537;0.246872;1
1;-1.81592;0.139924;1
1;-0.85745;0.297872;1
1;-1.22502;0.227055;1
1;-1.52206;0.179158;1
1;-1.25803;0.221312;1
1;-1.63359;0.163339;1
1;-1.92901;0.126861;1
1;-0.836935;0.302181;1
1;-1.63451;0.163213;1
1;-1.22658;0.226781;1
1;-1.4673;0.187353;1
1;-0.801619;0.309679;1
1;-1.57032;0.172171;1
1;-1.77933;0.144386;1
1;-1.7499;0.14806;1
1;-1.13594;0.243066;1
1;-1.03489;0.262137;1
1;-1.2603;0.220923;1
1;-1.33601;0.208168;1
1;-1.59713;0.168383;1
1;-1.48769;0.184269;1
1;-1.45344;0.189472;1
1;-1.04672;0.259856;1
1;-1.90186;0.129898;1
1;-2.06572;0.112474;1
1;-1.23202;0.225828;1
1;-1.66727;0.158789;1
1;-1.84388;0.136593;1
1;-1.62047;0.16514;1
1;-1.62679;0.164271;1
1;-1.75639;0.147243;1
1;-1.74288;0.148948;1
1;-1.52318;0.178994;1
1;-1.48833;0.184172;1
1;-1.62577;0.164411;1
1;-1.28946;0.215945;1
1;-1.52745;0.178367;1
1;-1.37071;0.202505;1
1;-1.45367;0.189438;1
1;-1.62957;0.163889;1
1;-1.38329;0.200481;1
1;-1.26703;0.219766;1
1;-1.70673;0.153588;1
1;-1.40969;0.196283;1
1;-1.67622;0.157597;1
1;-1.21854;0.228193;1
1;-1.31274;0.212029;1
1;-1.86417;0.134218;1
1;-1.39669;0.198342;1
1;-1.70454;0.153873;1
1;-1.37385;0.201998;1
1;-1.61637;0.165707;1
1;-1.43135;0.192888;1
1;-1.56067;0.173551;1
1;-1.33848;0.20776;1
1;-1.2012;0.231262;1
1;-1.57509;0.171491;1
1;-0.88262;0.292635;1
1;-1.56206;0.173351;1
1;-1.47388;0.186353;1
1;-1.04364;0.260449;1
1;-1.05764;0.25776;1
1;-1.72798;0.150846;1
1;-1.20689;0.230252;1
1;-0.89069;0.290967;1
1;-1.92432;0.12738;1
1;-0.975533;0.273779;1
1;-1.27415;0.218547;1
1;-1.44383;0.190954;1
1;-1.05006;0.259213;1
1;-1.68363;0.156616;1
1;-1.48808;0.18421;1
1;-1.53124;0.177812;1
1;-1.53169;0.177747;1
1;-1.63407;0.163274;1
1;-1.22104;0.227753;1
1;-1.13166;0.243855;1
1;-1.356;0.20489;1
1;-1.65198;0.160841;1
1;-1.52852;0.17821;1
1;-1.23443;0.225407;1
1;-1.72587;0.151117;1
1;-1.37143;0.202389;1
1;-1.02306;0.264432;1
1;-1.0538;0.258496;1
1;-1.4816;0.185186;1
1;-1.48902;0.184069;1
1;-1.79552;0.142397;1
1;-1.32785;0.209516;1
1;-1.47415;0.186313;1
1;-1.27727;0.218015;1
1;-0.818253;0.306135;1
1;-0.630803;0.347328;1
1;-1.5565;0.17415;1
1;-1.32598;0.209826;1
1;-1.35247;0.205467;1
1;-0.627289;0.348125;1
1;-0.40376;0.400409;1
1;-0.909263;0.287151;1
1;-0.832551;0.303106;1
1;-0.790711;0.312016;1
1;-0.90644;0.287729;1
1;-0.818284;0.306128;1
1;-0.912409;0.286507;1
1;-0.694068;0.333129;1
1;-0.302266;0.425004;1
1;-0.641146;0.344987;1
1;-1.0438;0.260418;1
1;-1.08391;0.252767;1
1;-1.6324;0.163501;1
1;-1.35846;0.20449;1
1;-1.15632;0.239337;1
1;-1.02174;0.264689;1
1;-0.919585;0.285043;1
1;-0.586092;0.357532;1
1;-1.34905;0.206026;1
1;-1.21769;0.228343;1
1;-1.72973;0.150622;1
1;-1.10914;0.24803;1
1;-0.551915;0.36542;1
1;-1.06263;0.256807;1
1;-0.990194;0.270874;1
1;-1.50646;0.181464;1
1;-1.87992;0.132398;1
1;-1.13699;0.242873;1
1;-0.457456;0.387589;1
1;-1.88652;0.131642;1
1;-0.138789;0.465358;1
1;-0.838957;0.301755;1
1;0.515367;0.626064;0
1;-0.014057;0.496486;1
1;-0.762977;0.318;1
1;-0.215183;0.446411;1
1;-0.0668586;0.483292;1
1;-0.173291;0.456785;1
1;0.26256;0.565266;0
1;-0.99563;0.269801;1
1;-0.264596;0.434234;1
1;-0.818118;0.306163;1
1;-0.104325;0.473942;1
1;-0.637308;0.345855;1
1;0.0616304;0.515403;0
1;0.414425;0.602148;0
1;-0.690333;0.333959;1
1;0.0949226;0.523713;0
1;-0.567386;0.36184;1
1;-1.20286;0.230968;1
1;-0.447003;0.390074;1
1;-0.368751;0.408843;1
1;-0.94859;0.279168;1
1;-0.590953;0.356416;1
1;-0.189599;0.452742;1
1;-0.288521;0.428366;1
1;0.0337419;0.508435;0
1;-1.31528;0.211605;1
1;-0.333535;0.417381;1
1;-0.546426;0.366694;1
1;0.119466;0.529831;0
1;-0.556363;0.364389;1
1;-0.866252;0.296035;1
1;-0.356589;0.411786;1
1;-0.472783;0.383958;1
1;-1.38094;0.200859;1
1;-1.35505;0.205046;1
1;-1.27444;0.218499;1
1;-1.26576;0.219984;1
1;-1.24423;0.223701;1
1;-0.621837;0.349364;1
1;-1.03293;0.262517;1
1;-1.1115;0.247592;1
1;-1.02598;0.263864;1
1;-1.59168;0.169148;1
1;-0.952093;0.278464;1
1;-0.90244;0.288549;1
1;-0.140068;0.46504;1
1;-0.736887;0.323685;1
1;-0.865786;0.296132;1
1;-1.05143;0.25895;1
1;-1.23277;0.225696;1
1;-0.409185;0.399107;1
1;-1.28026;0.217506;1
1;-1.04876;0.259464;1
1;-0.00172953;0.499568;1
1;-0.775098;0.315377;1
1;-1.30881;0.212685;1
1;-0.848772;0.29969;1
1;-0.244257;0.439238;1
1;-0.67052;0.33838;1
1;-1.09533;0.250615;1
1;-0.935961;0.281717;1
1;-0.680397;0.336173;1
1;-0.646567;0.343764;1
1;-0.0758463;0.481048;1
1;-1.04243;0.260682;1
1;-0.378859;0.406402;1
1;-0.379066;0.406352;1
1;-1.01961;0.265103;1
1;-0.514461;0.374148;1
1;-1.30988;0.212507;1
1;-1.29362;0.215241;1
1;-0.866516;0.29598;1
1;-1.06897;0.255599;1
1;-1.30567;0.213212;1
1;-1.12826;0.244483;1
1;-0.986498;0.271604;1
1;-0.746906;0.321496;1
1;-1.40849;0.196473;1
1;-0.807803;0.308359;1
1;-1.18286;0.234539;1
1;-0.953319;0.278218;1
1;-1.23713;0.224935;1
1;-1.39369;0.19882;1
1;-0.880007;0.293176;1
1;-1.51752;0.179827;1
1;-1.13594;0.243067;1
1;-1.37984;0.201035;1
1;-0.831407;0.303348;1
1;-1.21017;0.229671;1
1;-0.934829;0.281946;1
1;-1.30132;0.213943;1
1;-1.30546;0.213247;1
1;-0.683281;0.335529;1
1;-1.11711;0.246547;1
1;0.212562;0.552941;0
1;-0.721435;0.327077;1
1;-1.34424;0.206814;1
1;-0.448894;0.389624;1
1;-0.88715;0.291698;1
1;-0.619092;0.349988;1
1;-0.939021;0.281098;1
1;-0.915402;0.285896;1
1;-0.968614;0.275157;1
1;-0.992123;0.270493;1
1;-1.36837;0.202883;1
1;-1.21304;0.229163;1
1;-0.0521949;0.486954;1
1;-0.324885;0.419486;1
1;-1.13276;0.243653;1
1;-0.829452;0.303761;1
1;-0.61592;0.35071;1
1;-0.89948;0.289157;1
1;-1.12861;0.244417;1
1;-1.54144;0.176326;1
1;-1.15796;0.239039;1
1;-0.311927;0.422644;1
1;-1.10846;0.248159;1
1;-0.724737;0.326351;1
1;-1.01386;0.266226;1
1;-1.24553;0.223475;1
1;-1.24817;0.223017;1
1;-0.696432;0.332604;1
1;-0.700831;0.331628;1
1;-0.787824;0.312636;1
1;-0.836234;0.302328;1
1;-1.65182;0.160863;1
1;-0.984887;0.271923;1
1;-1.00384;0.268187;1
1;-1.12238;0.24557;1
1;-1.13213;0.243768;1
1;-0.738911;0.323242;1
1;-0.928465;0.283236;1
1;-0.796098;0.310861;1
1;-1.14137;0.24207;1
1;-1.16593;0.237591;1
1;-1.48731;0.184326;1
1;-1.9016;0.129927;1
1;-1.34243;0.20711;1
1;-1.45337;0.189483;1
1;-1.37347;0.202059;1
1;-1.41158;0.195984;1
1;-0.709871;0.329627;1
1;-1.35273;0.205425;1
1;-1.02485;0.264083;1
1;-0.852204;0.298971;1
1;-0.725283;0.326231;1
1;-1.32269;0.210371;1
1;-1.58068;0.1707;1
1;-1.03452;0.262209;1
1;-1.63181;0.163582;1
1;-0.740058;0.322991;1
1;-1.36049;0.204161;1
1;-1.4957;0.183067;1
1;-1.57851;0.171007;1
1;-1.69184;0.155534;1
1;-1.36893;0.202792;1
1;-1.21789;0.228309;1
1;-1.47752;0.185802;1
1;-1.28985;0.215879;1
1;-1.18589;0.233995;1
1;-1.52444;0.178809;1
1;-1.16311;0.238103;1
1;-1.51881;0.179637;1
1;-1.53549;0.177193;1
1;-1.06815;0.255756;1
1;-0.919259;0.285109;1
1;-1.83274;0.137912;1
1;-1.37094;0.202469;1
1;-1.50699;0.181385;1
1;-1.17823;0.23537;1
1;-1.36825;0.202903;1
1;-0.44048;0.391627;1
1;-1.488;0.184222;1
1;-1.63011;0.163815;1
1;-1.45103;0.189843;1
1;-1.6105;0.16652;1
1;-1.31684;0.211345;1
1;-1.26879;0.219464;1
1;-1.66908;0.158547;1
1;-1.56998;0.172219;1
1;-1.79747;0.142159;1
1;-1.66763;0.158741;1
1;-1.76933;0.145626;1
1;-1.93598;0.12609;1
1;-1.78248;0.143997;1
1;-2.37701;0.0849429;1
1;-1.42215;0.194324;1
1;-1.66601;0.158957;1
1;-1.57839;0.171024;1
1;-1.46209;0.188148;1
1;-1.72942;0.150662;1
1;-1.91119;0.128847;1
1;-1.65174;0.160874;1
1;-1.7413;0.149147;1
1;-1.68026;0.157061;1
1;-1.65674;0.1602;1
1;-1.33731;0.207953;1
1;-1.80415;0.141346;1
1;-1.47967;0.185478;1
1;-1.81226;0.140366;1
1;-1.55027;0.175047;1
1;-1.78119;0.144157;1
1;-1.78285;0.143952;1
1;-1.55989;0.173663;1
1;-1.84936;0.135948;1
1;-1.58172;0.170552;1
1;-1.57326;0.171753;1
1;-1.79017;0.143052;1
1;-1.58009;0.170783;1
1;-2.19588;0.100121;1
1;-1.51032;0.180892;1
1;-2.62587;0.0674919;1
1;-1.96655;0.12276;1
1;-2.13013;0.106202;1
1;-1.78325;0.143903;1
1;-1.56445;0.173009;1
1;-2.12643;0.106554;1
1;-1.96722;0.122688;1
1;-0.970976;0.274686;1
1;-1.21978;0.227975;1
1;-1.18356;0.234413;1
1;-1.26143;0.220727;1
1;-1.23065;0.226068;1
1;-1.38868;0.199618;1
1;-1.45239;0.189635;1
1;-1.89946;0.13017;1
1;-1.23793;0.224797;1
1;-1.66713;0.158807;1
1;-1.13061;0.244048;1
1;-1.53112;0.17783;1
1;-1.55776;0.173968;1
1;-1.16569;0.237636;1
1;-1.24323;0.223875;1
1;-0.965208;0.275837;1
1;-1.18226;0.234646;1
1;-1.51334;0.180444;1
1;-1.11128;0.247632;1
1;-1.8808;0.132297;1
1;-1.96383;0.123053;1
1;-1.32431;0.210102;1
1;-1.777;0.144674;1
1;-1.4851;0.184658;1
1;-1.72684;0.150992;1
1;-1.40715;0.196685;1
1;-1.34899;0.206035;1
1;-1.70495;0.15382;1
1;-1.45319;0.189511;1
1;-1.58801;0.169664;1
1;-1.82501;0.138834;1
1;-1.16717;0.237366;1
1;-1.99994;0.119209;1
1;-1.35206;0.205534;1
1;-1.30195;0.213836;1
1;-1.52215;0.179145;1
1;-1.60562;0.167198;1
1;-1.48717;0.184346;1
1;-1.64429;0.161882;1
1;-1.46943;0.18703;1
1;-1.33829;0.207792;1
1;-1.83441;0.137713;1
1;-1.15078;0.240346;1
1;-1.30098;0.213999;1
1;-1.34847;0.206121;1
1;-1.88937;0.131316;1
1;-1.0994;0.249853;1
1;-1.96167;0.123287;1
1;-1.57998;0.170799;1
1;-1.48884;0.184096;1
1;-1.60539;0.16723;1
1;-1.82156;0.139247;1
1;-1.80207;0.1416;1
1;-1.42976;0.193137;1
1;-1.99915;0.119292;1
1;-1.27768;0.217945;1
1;-1.5493;0.175187;1
1;-1.14392;0.241602;1
1;-1.95653;0.123843;1
1;-1.57274;0.171826;1
1;-1.42431;0.193987;1
1;-1.48478;0.184707;1
1;-0.833569;0.302891;1
1;-2.07355;0.111695;1
1;-1.4113;0.196029;1
1;-0.814661;0.306898;1
1;-1.72848;0.150783;1
1;-1.1071;0.248411;1
1;-1.12844;0.244448;1
1;-2.07079;0.111969;1
1;-1.20129;0.231246;1
1;-1.4112;0.196045;1
1;-0.907657;0.28748;1
1;-1.01049;0.266884;1
1;-1.02741;0.263587;1
1;-1.32805;0.209482;1
1;-0.819716;0.305824;1
1;-1.22099;0.227762;1
1;-0.615231;0.350867;1
1;-1.10511;0.248785;1
1;-1.00393;0.26817;1
1;-0.896736;0.289722;1
1;-0.651946;0.342551;1
1;-0.743903;0.322151;1
1;-0.823403;0.305042;1
1;-1.14986;0.240515;1
1;-0.88194;0.292776;1
1;-1.27555;0.218308;1
1;-0.759956;0.318656;1
1;-0.925607;0.283817;1
1;-1.22464;0.227121;1
1;-1.27703;0.218056;1
1;-1.68522;0.156406;1
1;-1.43989;0.191562;1
1;-1.09967;0.249801;1
1;-1.13195;0.243801;1
1;-1.30794;0.212832;1
1;-1.31495;0.21166;1
1;-1.51723;0.17987;1
1;-1.27964;0.217611;1
1;-1.82971;0.138273;1
1;-1.4697;0.186989;1
1;-1.16299;0.238125;1
1;-1.40651;0.196785;1
1;-1.74681;0.14845;1
1;-1.46388;0.187875;1
1;-1.72108;0.151733;1
1;-1.5135;0.180421;1
1;-1.60305;0.167555;1
1;-1.28315;0.217014;1
1;-0.927672;0.283397;1
1;-1.47618;0.186005;1
1;-1.53784;0.17685;1
1;-1.59891;0.168134;1
1;-1.44081;0.19142;1
1;-1.66055;0.159688;1
1;-1.88034;0.13235;1
1;-1.02486;0.264082;1
1;-1.0983;0.250059;1
1;-1.42588;0.193742;1
1;-1.6276;0.16416;1
1;-1.8406;0.13698;1
1;-1.49773;0.182765;1
1;-1.57895;0.170944;1
1;-1.87382;0.1331;1
1;-1.02641;0.263782;1
1;-1.70553;0.153744;1
1;-1.73801;0.149566;1
1;-2.04822;0.114232;1
1;-1.66254;0.159421;1
1;-1.82988;0.138252;1
1;-1.14289;0.241791;1
1;-1.67661;0.157545;1
1;-1.13387;0.243448;1
1;-1.0208;0.264872;1
1;-1.6289;0.163981;1
1;-1.45724;0.188889;1
1;-1.63378;0.163314;1
1;-1.9664;0.122776;1
1;-1.63316;0.163398;1
1;-1.56727;0.172606;1
1;-1.60726;0.16697;1
1;-1.57044;0.172154;1
1;-1.81543;0.139983;1
1;-1.15414;0.239734;1
1;-1.64762;0.161431;1
1;-1.59537;0.168629;1
1;-1.45163;0.189751;1
1;-1.47877;0.185613;1
1;-1.49377;0.183356;1
1;-0.654137;0.342058;1
1;-1.29367;0.215232;1
1;-1.60754;0.166931;1
1;-1.46267;0.18806;1
1;-1.77125;0.145387;1
1;-1.6755;0.157692;1
1;-2.17976;0.101583;1
1;-1.90451;0.129599;1
1;-2.18614;0.101002;1
1;-1.86015;0.134685;1
1;-1.43608;0.192153;1
1;-1.01625;0.265758;1
1;-1.82703;0.138592;1
1;-1.73547;0.14989;1
1;-1.19964;0.23154;1
1;-1.42875;0.193293;1
1;-0.441258;0.391441;1
1;-1.91515;0.128404;1
1;-1.27735;0.218002;1
1;-0.421043;0.396267;1
1;-1.21541;0.228745;1
1;-0.332692;0.417586;1
1;-0.916097;0.285754;1
1;-1.32475;0.210029;1
1;-0.724153;0.326479;1
1;-0.502455;0.376964;1
1;-0.967897;0.2753;1
1;-1.11643;0.246675;1
1;-0.850321;0.299365;1
1;-0.9009;0.288866;1
1;-0.337405;0.41644;1
1;-0.830361;0.303569;1
1;-0.539444;0.368317;1
1;-0.741166;0.322749;1
1;-0.733534;0.32442;1
1;-0.780999;0.314105;1
1;-0.82262;0.305208;1
1;-1.10703;0.248425;1
1;-0.886346;0.291864;1
1;-0.99995;0.268951;1
1;-0.703677;0.330998;1
1;-0.73248;0.324651;1
1;-0.485447;0.380967;1
1;-0.87439;0.294342;1
1;0.111848;0.527933;0
1;-0.83502;0.302585;1
1;-0.38203;0.405637;1
1;-1.04644;0.259909;1
1;-0.951686;0.278546;1
1;-0.767672;0.316983;1
1;-0.904291;0.288169;1
1;-0.973856;0.274112;1
1;-1.08826;0.251946;1
1;-0.541748;0.367781;1
1;-0.950624;0.278759;1
1;-0.416126;0.397444;1
1;-0.691202;0.333766;1
1;-1.14441;0.241511;1
1;-0.418702;0.396827;1
1;-1.44918;0.190128;1
1;-1.46368;0.187904;1
1;-1.42275;0.194231;1
1;-1.27674;0.218105;1
1;-1.66904;0.158552;1
1;-1.43433;0.192425;1
1;-1.5152;0.180169;1
1;-1.46746;0.187329;1
1;-1.58033;0.170749;1
1;-1.05219;0.258805;1
1;-1.2764;0.218163;1
1;-1.70806;0.153415;1
1;-1.17382;0.236165;1
1;-1.86995;0.133548;1
1;-1.26558;0.220014;1
1;-1.62395;0.16466;1
1;-1.50374;0.181869;1
1;-1.50759;0.181297;1
1;-1.26989;0.219276;1
1;-1.87509;0.132954;1
1;-1.46053;0.188386;1
1;-1.2849;0.216717;1
1;-2.03534;0.115542;1
1;-0.863059;0.296701;1
1;-1.13342;0.24353;1
1;-1.37111;0.202441;1
1;-1.14872;0.240723;1
1;-1.28918;0.215992;1
1;-1.72738;0.150923;1
1;-1.70428;0.153907;1
1;-1.03874;0.261394;1
1;-1.41571;0.195336;1
1;-1.41883;0.194845;1
1;-1.44083;0.191417;1
1;-1.66954;0.158485;1
1;-1.78336;0.143889;1
1;-1.74023;0.149283;1
1;-2.22179;0.0978107;1
1;-1.68816;0.156018;1
1;-1.63031;0.163788;1
1;-1.52974;0.178032;1
1;-1.78339;0.143885;1
1;-2.03669;0.115404;1
1;-1.62467;0.164562;1
1;-1.82232;0.139156;1
1;-1.61038;0.166536;1
1;-1.17067;0.236734;1
1;-1.88635;0.131661;1
1;-1.48506;0.184664;1
1;-1.77604;0.144793;1
1;-1.26617;0.219914;1
1;-0.624831;0.348683;1
1;-1.17955;0.235133;1
1;-1.52711;0.178416;1
1;-1.65736;0.160117;1
1;-1.8416;0.136862;1
1;-1.24985;0.222727;1
1;-1.75967;0.146832;1
1;-1.70248;0.154141;1
1;-2.0447;0.114589;1
1;-1.08063;0.253387;1
1;-1.83654;0.137461;1
1;-2.09485;0.109598;1
1;-1.46753;0.187318;1
1;-1.56023;0.173613;1
1;-1.37794;0.20134;1
1;-0.722097;0.326931;1
1;-0.84898;0.299647;1
1;-0.853894;0.298617;1
1;-0.787417;0.312723;1
1;-1.08622;0.25233;1
1;-0.691787;0.333636;1
1;-1.33382;0.208528;1
1;-1.31284;0.212012;1
1;-0.984849;0.271931;1
1;-1.39469;0.19866;1
1;-1.57172;0.171971;1
1;-1.244;0.22374;1
1;-0.859541;0.297435;1
1;-1.06695;0.255984;1
1;-1.42649;0.193646;1
1;-0.947302;0.279428;1
1;-0.642503;0.344681;1
1;-0.0845558;0.478874;1
1;-0.950853;0.278713;1
1;-1.17179;0.236531;1
1;-1.23393;0.225494;1
1;-1.5963;0.168499;1
1;-1.4254;0.193817;1
1;-0.965151;0.275848;1
1;-1.46066;0.188366;1
1;-1.53731;0.176927;1
1;-1.5387;0.176725;1
1;-0.792104;0.311717;1
1;-1.18653;0.23388;1
1;-1.1893;0.233384;1
1;-1.43367;0.192528;1
1;-1.26726;0.219726;1
1;-0.869314;0.295397;1
1;-1.35586;0.204914;1
1;-1.0391;0.261323;1
1;-1.10952;0.247961;1
1;-1.17022;0.236815;1
1;-0.997681;0.269398;1
1;-1.51191;0.180656;1
1;-1.11694;0.246579;1
1;-1.32138;0.210588;1
1;-0.839227;0.301698;1
1;-1.21143;0.229449;1
1;-1.92987;0.126765;1
1;-1.41676;0.195171;1
1;-0.53143;0.370183;1
1;-1.17105;0.236665;1
1;-1.03542;0.262034;1
1;-1.06395;0.256555;1
1;-0.921611;0.28463;1
1;-1.29216;0.215488;1
1;-1.53618;0.177091;1
1;-1.23521;0.225271;1
1;-0.894207;0.290242;1
1;-1.46264;0.188064;1
1;-1.00422;0.268113;1
1;-1.11378;0.247168;1
1;-1.44882;0.190183;1
1;-0.857941;0.29777;1
1;-0.944338;0.280025;1
1;-0.826211;0.304447;1
1;-1.15994;0.238678;1
1;-1.46159;0.188224;1
1;-0.737902;0.323463;1
1;-1.24703;0.223214;1
1;-1.33988;0.20753;1
1;-1.03323;0.262458;1
1;-1.19517;0.232336;1
1;-1.11036;0.247805;1
1;-0.906715;0.287673;1
1;-1.5465;0.175593;1
1;-1.25662;0.221556;1
1;-1.26805;0.219592;1
1;-2.01718;0.11741;1
1;-1.33217;0.2088;1
1;-1.87671;0.132767;1
1;-1.14667;0.241098;1
1;-1.84677;0.136253;1
1;-1.26039;0.220907;1
1;-1.05074;0.259083;1
1;-1.48526;0.184635;1
1;-1.24245;0.224009;1
1;-1.86897;0.133661;1
1;-1.25247;0.222272;1
1;-0.982186;0.272458;1
1;-1.19876;0.231695;1
1;-2.01662;0.117469;1
1;-1.96836;0.122565;1
1;-1.78801;0.143317;1
1;-1.85895;0.134825;1
1;-1.50661;0.181441;1
1;-1.3908;0.19928;1
1;-1.91751;0.12814;1
1;-1.55965;0.173697;1
1;-1.978;0.121532;1
1;-1.42431;0.193987;1
1;-1.64802;0.161377;1
1;-1.5256;0.178639;1
1;-1.35414;0.205194;1
1;-1.79064;0.142994;1
1;-1.65221;0.160811;1
1;-2.1294;0.106272;1
1;-1.17777;0.235454;1
1;-1.42393;0.194046;1
1;-1.7265;0.151036;1
1;-1.44068;0.191439;1
1;-1.46854;0.187164;1
1;-1.45262;0.189599;1
1;-1.79538;0.142414;1
1;-1.73003;0.150583;1
1;-2.14641;0.104667;1
1;-1.54361;0.176011;1
1;-1.69026;0.155742;1
1;-0.800743;0.309867;1
1;-1.32452;0.210068;1
1;-0.919117;0.285138;1
1;-1.49561;0.183082;1
1;-1.56817;0.172477;1
1;-0.892393;0.290616;1
1;-1.18283;0.234544;1
1;-1.30181;0.21386;1
1;-0.157159;0.460791;1
1;-1.48573;0.184564;1
1;-0.795223;0.311048;1
1;-0.644148;0.34431;1
1;-1.3513;0.205657;1
1;-0.952727;0.278337;1
1;-0.699546;0.331913;1
1;-1.00534;0.267893;1
1;-1.113;0.247312;1
1;-1.86764;0.133816;1
1;-1.36992;0.202633;1
1;-0.920486;0.284859;1
1;-1.02858;0.263359;1
1;-0.896831;0.289702;1
1;-1.3162;0.211451;1
1;-1.20889;0.229897;1
1;-1.16477;0.237802;1
1;-0.166527;0.458464;1
1;-0.89431;0.290221;1
1;-0.850755;0.299275;1
1;-1.03345;0.262415;1
1;-1.39249;0.199011;1
1;-1.2369;0.224977;1
1;-1.87881;0.132526;1
1;-1.58884;0.169547;1
1;-1.90502;0.129541;1
1;-2.06974;0.112072;1
1;-1.16407;0.237929;1
1;-1.27544;0.218327;1
1;-1.27373;0.21862;1
1;-1.24393;0.223752;1
1;-1.39536;0.198553;1
1;-0.846828;0.300099;1
1;-2.18501;0.101104;1
1;-1.63918;0.162577;1
1;-1.85129;0.135722;1
1;-1.33377;0.208536;1
1;-1.00514;0.267933;1
1;-1.23141;0.225934;1
1;-1.42815;0.193387;1
1;-0.967209;0.275437;1
1;-1.92138;0.127708;1
1;-1.72292;0.151496;1
1;-1.18153;0.234777;1
1;-1.63958;0.162522;1
1;-1.32898;0.209328;1
1;-1.30246;0.213752;1
1;-0.404809;0.400157;1
1;-1.35621;0.204857;1
1;-0.743355;0.322271;1
1;-0.792748;0.311579;1
1;-1.72919;0.150691;1
1;-1.40852;0.196468;1
1;-2.00807;0.118358;1
1;-1.6323;0.163516;1
1;-0.986189;0.271665;1
1;-1.04698;0.259806;1
1;-1.33656;0.208077;1
1;-0.932557;0.282406;1
1;-0.83468;0.302656;1
1;-1.60774;0.166902;1
1;-0.773;0.31583;1
1;-0.802629;0.309463;1
1;-1.67971;0.157134;1
1;-1.65927;0.15986;1
1;-0.902252;0.288588;1
1;-1.24108;0.224247;1
1;-1.10963;0.247939;1
1;-0.957526;0.277374;1
1;-1.44436;0.190872;1
1;-1.43832;0.191806;1
1;-1.40645;0.196795;1
1;-1.54736;0.175468;1
1;-1.37382;0.202003;1
1;-1.29359;0.215246;1
1;-1.36592;0.203279;1
1;-0.806076;0.308727;1
1;-1.20356;0.230842;1
1;-1.20928;0.229828;1
1;-1.34545;0.206615;1
1;-1.70347;0.154012;1
1;-1.38331;0.200478;1
1;-1.40505;0.197016;1
1;-0.916187;0.285735;1
1;-0.856529;0.298065;1
1;-0.558575;0.363877;1
1;-0.657417;0.34132;1
1;-1.15038;0.24042;1
1;-1.03785;0.261566;1
1;-1.26729;0.219721;1
1;-0.534483;0.369472;1
1;-1.05783;0.257725;1
1;-0.952142;0.278454;1
1;-0.323306;0.41987;1
1;-0.756309;0.319448;1
1;-1.29647;0.21476;1
1;-1.12229;0.245587;1
1;-0.850381;0.299353;1
1;-0.40486;0.400145;1
1;-1.06828;0.255731;1
1;-1.07396;0.25465;1
1;-0.86755;0.295764;1
1;-0.845213;0.300438;1
1;-0.456913;0.387718;1
1;-1.09195;0.251251;1
1;-0.852971;0.29881;1
1;-0.924081;0.284127;1
1;-1.03552;0.262016;1
1;-1.2139;0.229012;1
1;-0.941025;0.280693;1
1;-1.10404;0.248983;1
1;-1.00603;0.267757;1
1;-1.5131;0.180479;1
1;-1.42416;0.194011;1
1;-2.11076;0.108056;1
1;-1.71794;0.152136;1
1;-1.5436;0.176012;1
1;-1.95878;0.123599;1
1;-1.91967;0.127899;1
1;-2.14888;0.104435;1
1;-2.10932;0.108194;1
1;-1.76642;0.145988;1
1;-2.26421;0.0941306;1
1;-1.8574;0.135007;1
1;-2.23426;0.0967162;1
1;-1.92915;0.126845;1
1;-2.05827;0.11322;1
1;-1.50123;0.182243;1
1;-1.70828;0.153388;1
1;-1.91502;0.128418;1
1;-1.71929;0.151962;1
1;-1.86272;0.134386;1
1;-1.59849;0.168192;1
1;-2.05034;0.114018;1
1;-1.80822;0.140853;1
1;-2.31959;0.0895137;1
1;-2.04428;0.114632;1
1;-1.95115;0.124428;1
1;-2.06456;0.11259;1
1;-1.70221;0.154177;1
1;-1.64063;0.162379;1
1;-1.82915;0.138339;1
1;-1.75522;0.14739;1
1;-1.50629;0.18149;1
1;-1.39094;0.199258;1
1;-1.42957;0.193165;1
1;-1.78053;0.144238;1
1;-1.54055;0.176455;1
1;-1.65283;0.160727;1
1;-1.29686;0.214693;1
1;-1.13335;0.243543;1
1;-1.7699;0.145555;1
1;-1.35298;0.205383;1
1;-2.05066;0.113986;1
1;-1.32611;0.209803;1
1;-1.16531;0.237704;1
1;-1.54144;0.176326;1
1;-0.885987;0.291939;1
1;-1.58159;0.170571;1
1;-1.17172;0.236544;1
1;-1.14604;0.241213;1
1;-1.9925;0.119993;1
1;-1.29997;0.21417;1
1;-1.45375;0.189425;1
1;-2.06399;0.112646;1
1;-1.56369;0.173118;1
1;-1.40756;0.196619;1
1;-1.04604;0.259985;1
1;-1.99963;0.119242;1
1;-1.39139;0.199186;1
1;-1.68847;0.155977;1
1;-1.49288;0.183489;1
1;-2.17628;0.101901;1
1;-1.63918;0.162577;1
1;-1.43614;0.192145;1
1;-0.73242;0.324664;1
1;-1.39591;0.198466;1
1;-1.56197;0.173365;1
1;-1.59116;0.169221;1
1;-1.87619;0.132827;1
1;-1.18497;0.234161;1
1;-1.45444;0.189319;1
1;-1.72415;0.151338;1
1;-1.45824;0.188737;1
1;-1.57243;0.171871;1
1;-1.90726;0.12929;1
1;-1.82378;0.138981;1
1;-1.29266;0.215402;1
1;-1.35149;0.205627;1
1;-1.97421;0.121937;1
1;-1.60109;0.167829;1
1;-1.54153;0.176313;1
1;-1.59671;0.168443;1
1;-1.71816;0.152108;1
1;-1.90625;0.129403;1
1;-1.5869;0.169821;1
1;-1.44874;0.190195;1
1;-1.85559;0.135218;1
1;-1.20422;0.230726;1
1;-1.83658;0.137456;1
1;-1.10351;0.249083;1
1;-1.42893;0.193265;1
1;-1.55763;0.173987;1
1;-1.02611;0.263839;1
1;-0.381506;0.405764;1
1;-0.600951;0.354126;1
1;-1.43501;0.192319;1
1;-0.917044;0.285561;1
1;-1.40469;0.197072;1
1;-1.01826;0.265366;1
1;-1.07926;0.253646;1
1;-1.34796;0.206203;1
1;-1.40811;0.196532;1
1;-1.13608;0.243042;1
1;-0.994871;0.269951;1
1;-1.86606;0.133999;1
1;0.0230672;0.505767;0
1;-1.03052;0.262983;1
1;-1.28203;0.217205;1
1;-1.15975;0.238713;1
1;-1.41989;0.194679;1
1;-1.14184;0.241982;1
1;-0.841058;0.301312;1
1;-0.479228;0.382434;1
1;-1.54834;0.175326;1
1;-1.64212;0.162177;1
1;-1.35294;0.205391;1
1;-1.43419;0.192447;1
1;-1.4782;0.1857;1
1;-0.796693;0.310733;1
1;-1.34758;0.206267;1
1;-0.915632;0.285849;1
1;-0.354536;0.412283;1
1;-0.995258;0.269875;1
1;-0.944889;0.279914;1
1;-1.01107;0.266771;1
1;-1.43316;0.192607;1
1;-0.908172;0.287374;1
1;-0.913932;0.286196;1
1;-0.740201;0.32296;1
1;-1.26032;0.220918;1
1;-1.10645;0.248533;1
1;-0.542428;0.367623;1
1;-1.15149;0.240218;1
1;-1.2207;0.227813;1
1;-1.14221;0.241914;1
1;-0.969187;0.275043;1
1;-0.596732;0.355092;1
1;-1.31021;0.212451;1
1;-1.33938;0.207613;1
1;-1.20061;0.231366;1
1;-1.30494;0.213334;1
1;-1.43328;0.192588;1
1;-0.88034;0.293107;1
1;-1.2268;0.226742;1
1;-1.46581;0.18758;1
1;-1.4277;0.193457;1
1;-0.974167;0.274051;1
1;-1.92208;0.12763;1
1;-1.67916;0.157207;1
1;-2.01252;0.117894;1
1;-1.92932;0.126826;1
1;-1.54664;0.175572;1
1;-1.54412;0.175938;1
1;-1.49101;0.183771;1
1;-1.81157;0.140448;1
1;-1.93711;0.125965;1
1;-1.48233;0.185076;1
1;-1.6128;0.1662;1
1;-2.04109;0.114956;1
1;-1.4373;0.191963;1
1;-2.06244;0.112801;1
1;-1.61313;0.166154;1
1;-1.42848;0.193336;1
1;-2.12772;0.106431;1
1;-1.53263;0.17761;1
1;-1.67198;0.15816;1
1;-1.65149;0.160908;1
1;-2.562;0.0716246;1
1;-2.14085;0.10519;1
1;-0.79075;0.312008;1
1;-1.39752;0.19821;1
1;-1.26968;0.219312;1
1;-1.07547;0.254365;1
1;-1.23002;0.226177;1
1;-1.33473;0.208377;1
1;-1.66048;0.159697;1
1;-1.6461;0.161637;1
1;-1.79032;0.143033;1
1;-1.59918;0.168097;1
1;-1.57372;0.171687;1
1;-1.36479;0.203462;1
1;-0.543055;0.367477;1
1;-1.66427;0.15919;1
1;-1.51083;0.180816;1
1;-2.18097;0.101473;1
1;-1.64947;0.16118;1
1;-1.52845;0.178221;1
1;-1.43767;0.191906;1
1;-2.22957;0.0971265;1
1;-2.49623;0.0761226;1
1;-1.98647;0.12063;1
1;-1.65742;0.160108;1
1;-1.43701;0.192008;1
1;-1.84242;0.136765;1
1;-1.93632;0.126053;1
1;-1.72147;0.151682;1
1;-1.57795;0.171085;1
1;-1.66468;0.159134;1
1;-1.43093;0.192953;1
1;-1.40201;0.197498;1
1;-2.02651;0.116447;1
1;-1.81323;0.140248;1
1;-1.49406;0.183313;1
1;-1.47097;0.186795;1
1;-2.05435;0.113613;1
1;-1.78573;0.143597;1
1;-2.16789;0.102671;1
1;-1.83084;0.138138;1
1;-1.58544;0.170026;1
1;-1.19564;0.232253;1
1;-0.826092;0.304472;1
1;-1.45902;0.188618;1
1;-1.19369;0.232599;1
1;-1.5363;0.177074;1
1;-1.69493;0.155129;1
1;-1.19096;0.233087;1
1;-1.72815;0.150825;1
1;-1.97274;0.122095;1
1;-1.23981;0.224469;1
1;-1.2992;0.2143;1
1;-1.58776;0.169699;1
1;-1.32185;0.210511;1
1;-1.08612;0.25235;1
1;-1.74747;0.148367;1
1;-1.41413;0.195583;1
1;-1.23899;0.224612;1
1;-1.20846;0.229974;1
1;-1.27282;0.218774;1
1;-0.966768;0.275525;1
1;-0.930768;0.282769;1
1;-0.469843;0.384653;1
1;-0.928953;0.283137;1
1;-1.14374;0.241635;1
1;-0.725419;0.326201;1
1;-1.62218;0.164904;1
1;-1.24589;0.223412;1
1;-2.07847;0.111207;1
1;-1.74659;0.148477;1
1;-0.415747;0.397535;1
1;-0.538046;0.368642;1
1;-0.667012;0.339166;1
1;-0.794912;0.311115;1
1;-1.06904;0.255586;1
1;-1.04162;0.260838;1
1;-0.163772;0.459148;1
1;-0.561245;0.363259;1
1;-0.826682;0.304347;1
1;-0.664995;0.339619;1
1;-1.52023;0.179428;1
1;-1.13587;0.243079;1
1;-0.352996;0.412656;1
1;-1.30647;0.213078;1
1;0.369089;0.591239;0
1;-0.421766;0.396094;1
1;-0.292517;0.427388;1
1;-0.542645;0.367572;1
1;-0.422247;0.395979;1
1;-0.508083;0.375643;1
1;0.622772;0.650849;0
1;0.729357;0.674664;0
1;-0.329059;0.41847;1
1;0.143397;0.535788;0
1;-0.802426;0.309507;1
1;-0.924098;0.284124;1
1;-0.933383;0.282239;1
1;-0.835309;0.302524;1
1;-0.416129;0.397444;1
1;-0.767857;0.316943;1
1;-0.703695;0.330994;1
1;-0.0560241;0.485998;1
1;-0.412608;0.398287;1
1;-1.48004;0.185421;1
1;-1.36282;0.203783;1
1;-1.52758;0.178348;1
1;-1.80435;0.141322;1
1;-1.52404;0.178868;1
1;-1.06056;0.257202;1
1;-1.5263;0.178536;1
1;-1.39108;0.199235;1
1;-1.67024;0.158392;1
1;-0.983052;0.272287;1
1;-1.47717;0.185856;1
1;-1.2309;0.226024;1
1;-1.18988;0.233281;1
1;-1.7164;0.152335;1
1;-1.05576;0.258121;1
1;-1.3725;0.202216;1
1;-1.41225;0.195879;1
1;-1.18351;0.234421;1
1;-1.16754;0.2373;1
1;-0.788082;0.312581;1
1;-0.797227;0.310619;1
1;-1.01865;0.26529;1
1;-1.3599;0.204256;1
1;-1.39935;0.19792;1
1;-1.45025;0.189963;1
1;-1.20231;0.231065;1
1;-1.50675;0.181421;1
1;-1.47728;0.185838;1
1;-0.952178;0.278447;1
1;-1.72886;0.150733;1
1;-1.18309;0.234496;1
1;-1.71684;0.152278;1
1;-1.68093;0.156972;1
1;-1.76518;0.146143;1
1;-1.77504;0.144917;1
1;-1.03616;0.261891;1
1;-1.50419;0.181801;1
1;-0.992794;0.270361;1
1;-1.22216;0.227557;1
1;-2.04416;0.114644;1
1;-1.43199;0.192789;1
1;-1.32065;0.21071;1
1;-1.45312;0.189521;1
1;-1.66643;0.158901;1
1;-1.71441;0.152592;1
1;-1.38279;0.200562;1
1;-1.65054;0.161037;1
1;-1.99237;0.120006;1
1;-1.49327;0.183432;1
1;-1.27655;0.218137;1
1;-1.29445;0.2151;1
1;-1.62933;0.163922;1
1;-1.89456;0.130725;1
1;-2.07898;0.111157;1
1;-1.68501;0.156433;1
1;-1.25974;0.221019;1
1;-1.69618;0.154965;1
1;-1.0554;0.25819;1
1;-1.48707;0.184362;1
1;-1.11323;0.247269;1
1;-1.42929;0.193209;1
1;-1.3543;0.205168;1
1;-1.80429;0.141329;1
1;-0.895985;0.289876;1
1;-1.00353;0.268247;1
1;-1.42515;0.193856;1
1;-1.61;0.166589;1
1;0.366181;0.590536;0
1;-1.15379;0.239797;1
1;-0.708503;0.32993;1
1;-1.06418;0.256512;1
1;-1.31026;0.212444;1
1;-0.867051;0.295868;1
1;-1.0682;0.255745;1
1;-1.60683;0.16703;1
1;-1.33856;0.207747;1
1;-2.13985;0.105284;1
1;-0.76311;0.317971;1
1;-1.14015;0.242293;1
1;-1.17535;0.235889;1
1;-1.40483;0.197051;1
1;-1.72691;0.150984;1
1;-1.52066;0.179365;1
1;-0.807938;0.30833;1
1;-1.67274;0.15806;1
1;-1.44734;0.190411;1
1;-1.4857;0.184568;1
1;-1.00537;0.267887;1
1;-1.19774;0.231877;1
1;-1.65491;0.160447;1
1;-2.06268;0.112778;1
1;-0.774783;0.315445;1
1;-1.31321;0.211949;1
1;-0.84591;0.300292;1
1;-0.535617;0.369208;1
1;-0.859838;0.297373;1
1;-1.62551;0.164447;1
1;-1.27089;0.219105;1
1;-1.22233;0.227526;1
1;-1.93654;0.126028;1
1;-1.37012;0.202601;1
1;-1.10234;0.249302;1
1;-1.58263;0.170423;1
1;-1.82625;0.138686;1
1;-1.00349;0.268256;1
1;-0.48329;0.381475;1
1;-0.722272;0.326893;1
1;-0.437026;0.39245;1
1;-0.934958;0.28192;1
1;-0.601223;0.354064;1
1;-0.851643;0.299088;1
1;0.00355083;0.500888;0
1;-0.435348;0.39285;1
1;-0.783185;0.313634;1
1;-0.814356;0.306963;1
1;-0.0778381;0.48055;1
1;-0.952352;0.278412;1
1;-0.775895;0.315205;1
1;-1.10953;0.247959;1
1;-1.18176;0.234735;1
1;-0.668742;0.338779;1
1;-0.627174;0.348152;1
1;-1.24465;0.223627;1
1;-0.446215;0.390261;1
1;-0.89672;0.289725;1
1;-0.587887;0.35712;1
1;-0.839644;0.30161;1
1;-0.930348;0.282854;1
1;-0.0826092;0.479359;1
1;-0.729503;0.325304;1
1;-0.642217;0.344746;1
1;-1.59933;0.168075;1
1;-0.267313;0.433567;1
1;-0.385888;0.404708;1
1;-0.62464;0.348727;1
1;-0.546502;0.366676;1
1;-1.06493;0.256369;1
1;-1.22418;0.227201;1
1;-1.21141;0.229452;1
1;-1.10576;0.248662;1
1;-1.80312;0.141471;1
1;-1.24595;0.223402;1
1;-1.21714;0.228441;1
1;-0.887491;0.291628;1
1;-1.26831;0.219546;1
1;-1.60696;0.167012;1
1;-1.28113;0.217357;1
1;-1.33189;0.208847;1
1;-1.06709;0.255957;1
1;-1.49714;0.182853;1
1;-1.45958;0.188532;1
1;-1.13842;0.24261;1
1;-1.2782;0.217857;1
1;-1.09513;0.250654;1
1;-1.13448;0.243336;1
1;-1.31104;0.212313;1
1;-0.806108;0.308721;1
1;-0.989754;0.270961;1
1;-1.45717;0.1889;1
1;-1.18753;0.233701;1
1;-1.95248;0.124284;1
1;-1.3717;0.202346;1
1;-1.63825;0.162703;1
1;-1.69857;0.154653;1
1;-1.60273;0.167601;1
1;-1.50466;0.181731;1
1;-1.35291;0.205395;1
1;-1.84725;0.136196;1
1;-1.04097;0.260962;1
1;-0.263987;0.434384;1
1;-0.768218;0.316865;1
1;-1.213;0.22917;1
1;-0.738161;0.323406;1
1;-1.27835;0.217831;1
1;-1.64139;0.162276;1
1;-1.39134;0.199194;1
1;-1.16467;0.23782;1
1;-0.323811;0.419747;1
1;-0.574864;0.360115;1
1;-0.469905;0.384639;1
1;-0.792879;0.311551;1
1;-1.02803;0.263466;1
1;-1.25487;0.221859;1
1;-1.30084;0.214024;1
1;-1.26749;0.219688;1
1;-1.21506;0.228808;1
1;-0.85077;0.299271;1
1;-0.0997042;0.475095;1
1;-1.26412;0.220265;1
1;-0.914783;0.286022;1
1;-1.00806;0.26736;1
1;-0.613068;0.35136;1
1;-0.639497;0.34536;1
1;-0.490323;0.379818;1
1;-1.36845;0.202871;1
1;-1.45804;0.188767;1
1;-1.34952;0.205948;1
1;-0.839285;0.301685;1
1;0.0305524;0.507638;0
1;-1.72021;0.151844;1
1;-1.53059;0.177908;1
1;-1.04346;0.260482;1
1;-0.90474;0.288077;1
1;-0.235179;0.441475;1
1;-1.24367;0.223797;1
1;-2.041;0.114965;1
1;-1.34593;0.206536;1
1;-1.70475;0.153846;1
1;-0.979938;0.272904;1
1;-1.21832;0.228232;1
1;-0.750368;0.320741;1
1;-0.81913;0.305948;1
1;-1.42342;0.194126;1
1;-0.126734;0.468359;1
1;-0.836671;0.302236;1
1;-1.15839;0.238959;1
1;-0.821524;0.30544;1
1;-1.17843;0.235334;1
1;-1.01349;0.266298;1
1;-1.40192;0.197511;1
1;-1.60843;0.166806;1
1;-1.39467;0.198664;1
1;-0.89187;0.290724;1
1;-0.979346;0.273022;1
1;-1.06171;0.256984;1
1;-1.17313;0.23629;1
1;-0.962594;0.276359;1
1;-1.62009;0.165193;1
1;-0.780141;0.314289;1
1;-1.75154;0.147853;1
1;-1.4294;0.193193;1
1;-1.36398;0.203594;1
1;-0.254252;0.436777;1
1;-1.14572;0.241271;1
1;-1.32232;0.210432;1
1;-0.833739;0.302855;1
1;-0.762131;0.318184;1
1;-0.398669;0.401632;1
1;-1.40461;0.197086;1
1;-1.44872;0.190199;1
1;-0.967042;0.27547;1
1;-1.44255;0.191151;1
1;-1.02551;0.263955;1
1;-1.50418;0.181803;1
1;-0.66086;0.340547;1
1;-1.32455;0.210063;1
1;-1.41718;0.195104;1
1;-1.66565;0.159005;1
1;-1.07496;0.254462;1
1;-0.892577;0.290578;1
1;-1.66823;0.15866;1
1;-1.22961;0.226249;1
1;-0.770308;0.316412;1
1;-0.966798;0.275519;1
1;-0.700983;0.331594;1
1;-1.38464;0.200265;1
1;-1.37232;0.202246;1
1;-1.18998;0.233262;1
1;-1.08216;0.253097;1
1;-1.22959;0.226254;1
1;-1.54138;0.176335;1
1;-1.05033;0.259162;1
1;-1.20365;0.230827;1
1;-0.524163;0.371879;1
1;-1.09596;0.250497;1
1;-0.527825;0.371024;1
1;-0.53868;0.368495;1
1;-0.679818;0.336302;1
1;-1.38896;0.199573;1
1;-0.865114;0.296272;1
1;-1.05234;0.258775;1
1;-0.911838;0.286624;1
1;-1.09486;0.250704;1
1;-1.38391;0.200382;1
1;-0.429039;0.394356;1
1;-1.13013;0.244137;1
1;-1.28404;0.216863;1
1;-1.64182;0.162217;1
1;-0.920817;0.284792;1
1;-1.08006;0.253494;1
1;-0.633747;0.346661;1
1;-0.586949;0.357335;1
1;-1.06443;0.256465;1
1;-1.28372;0.216918;1
1;-1.05092;0.259048;1
1;-1.12826;0.244482;1
1;-1.87151;0.133367;1
1;-1.35462;0.205116;1
1;-1.62769;0.164147;1
1;-2.20254;0.0995226;1
1;-1.33787;0.207861;1
1;-0.896091;0.289855;1
1;-1.68623;0.156272;1
1;-1.42865;0.193309;1
1;-1.34304;0.207011;1
1;-1.87085;0.133443;1
1;-1.13009;0.244144;1
1;-1.50327;0.181938;1
1;-1.61289;0.166188;1
1;-1.62985;0.163851;1
1;-1.53858;0.176742;1
1;-1.29756;0.214577;1
1;-1.79669;0.142255;1
1;-1.93425;0.126281;1
1;-1.8752;0.132941;1
1;-1.50777;0.181269;1
1;-1.5756;0.17142;1
1;-1.99672;0.119548;1
1;-1.2266;0.226776;1
1;0.459888;0.612988;0
1;-1.14692;0.241051;1
1;-1.24837;0.222982;1
1;-0.975038;0.273877;1
1;0.513562;0.625641;0
1;-1.4148;0.195479;1
1;-0.501222;0.377253;1
1;-1.06544;0.256271;1
1;-0.452575;0.388749;1
1;-0.0212442;0.494689;1
1;-1.03435;0.262242;1
1;-0.683999;0.335369;1
1;-0.998684;0.2692;1
1;-1.247;0.223219;1
1;-1.17712;0.23557;1
1;-0.330182;0.418196;1
1;-1.90228;0.12985;1
1;-0.610908;0.351852;1
1;-0.60813;0.352486;1
1;-0.953263;0.278229;1
1;-0.415556;0.397581;1
1;-1.03728;0.261675;1
1;-0.322871;0.419976;1
1;-0.529493;0.370635;1
1;-0.312008;0.422625;1
1;-0.701282;0.331528;1
1;-0.427111;0.394816;1
1;-1.12076;0.24587;1
1;-1.0344;0.262231;1
1;-1.5645;0.173002;1
1;-1.64534;0.16174;1
1;-0.842391;0.301032;1
1;-1.14902;0.240668;1
1;-1.50013;0.182407;1
1;-1.43385;0.192499;1
1;-1.61225;0.166277;1
1;-1.04382;0.260413;1
1;-1.28986;0.215876;1
1;-0.980961;0.272701;1
1;-1.10021;0.249701;1
1;-1.3519;0.20556;1
1;-1.40504;0.197018;1
1;-1.65653;0.160228;1
1;-0.78065;0.31418;1
1;-1.35858;0.204471;1
1;-1.44382;0.190954;1
1;-0.893598;0.290368;1
1;-1.39928;0.19793;1
1;-1.60999;0.16659;1
1;-1.02619;0.263824;1
1;-1.47433;0.186285;1
1;-1.61754;0.165545;1
1;-1.65046;0.161047;1
1;-1.30739;0.212923;1
1;-1.69543;0.155063;1
1;-1.17996;0.23506;1
1;-0.954688;0.277943;1
1;-2.286;0.0922891;1
1;-1.46282;0.188036;1
1;-1.92022;0.127837;1
1;-1.07248;0.254931;1
1;-1.20076;0.23134;1
1;-1.38567;0.2001;1
1;-1.34968;0.205923;1
1;-1.37778;0.201366;1
1;-1.60855;0.166791;1
1;-1.18316;0.234484;1
1;-1.675;0.157759;1
1;-1.56084;0.173526;1
1;-1.49075;0.183809;1
1;-1.15927;0.238799;1
1;-0.870169;0.295219;1
1;-0.739304;0.323156;1
1;-0.940531;0.280793;1
1;-1.65004;0.161104;1
1;-1.26852;0.21951;1
1;-1.45289;0.189557;1
1;-1.03109;0.262873;1
1;-0.704549;0.330804;1
1;-0.723308;0.326665;1
1;-1.07399;0.254644;1
1;-0.995986;0.269731;1
1;-1.7806;0.144229;1
1;-1.16404;0.237935;1
1;-1.59359;0.168879;1
1;-1.42714;0.193545;1
1;-0.961966;0.276485;1
1;-0.923557;0.284234;1
1;-1.29772;0.214549;1
1;-1.94319;0.125297;1
1;-1.34676;0.2064;1
1;-1.83474;0.137675;1
1;-1.23182;0.225863;1
1;-1.37224;0.202258;1
1;-1.35362;0.205278;1
1;-1.15424;0.239716;1
1;-1.13687;0.242896;1
1;-1.09434;0.250802;1
1;-1.27315;0.218719;1
1;-0.962394;0.276399;1
1;-0.762407;0.318124;1
1;-1.13356;0.243505;1
1;-1.21693;0.228477;1
1;-1.21773;0.228336;1
1;-1.06603;0.256159;1
1;-1.45099;0.18985;1
1;-0.923317;0.284283;1
1;-0.951498;0.278584;1
1;-0.817591;0.306275;1
1;-1.29;0.215853;1
1;-1.29893;0.214346;1
1;-1.29822;0.214464;1
1;-0.86134;0.297059;1
1;-1.71206;0.152897;1
1;-1.48399;0.184825;1
1;-1.48452;0.184746;1
1;-1.61883;0.165366;1
1;-1.66495;0.159099;1
1;-1.68389;0.156581;1
1;-2.13526;0.105716;1
1;-1.75879;0.146942;1
1;-1.77695;0.14468;1
1;-1.58438;0.170176;1
1;-1.3105;0.212403;1
1;-1.57277;0.171821;1
1;-2.02456;0.116648;1
1;-1.19248;0.232816;1
1;-1.82475;0.138864;1
1;-1.77858;0.144478;1
1;-1.52449;0.178802;1
1;-1.7543;0.147505;1
1;-2.26746;0.093854;1
1;-1.8854;0.131769;1
1;-1.39396;0.198777;1
1;-2.25095;0.0952678;1
1;-1.42007;0.194651;1
1;-1.61794;0.165489;1
1;-2.16581;0.102863;1
1;-1.92847;0.12692;1
1;-1.67913;0.157211;1
1;-1.38609;0.200032;1
1;-0.937197;0.281467;1
1;-1.15491;0.239594;1
1;-1.46596;0.187558;1
1;-0.781505;0.313996;1
1;-0.956977;0.277484;1
1;-0.95008;0.278869;1
1;-0.772094;0.316026;1
1;-0.970705;0.27474;1
1;-1.29555;0.214914;1
1;-0.761703;0.318277;1
1;-0.600663;0.354192;1
1;-0.626516;0.348301;1
1;-0.901596;0.288723;1
1;-0.495891;0.378507;1
1;-0.891487;0.290803;1
1;-1.2249;0.227075;1
1;-0.665383;0.339531;1
1;-1.16402;0.237937;1
1;-1.36895;0.202789;1
1;-0.95352;0.278177;1
1;-1.16324;0.238078;1
1;-1.01414;0.26617;1
1;-0.616239;0.350637;1
1;-1.11383;0.247158;1
1;-0.80707;0.308515;1
1;-0.748798;0.321083;1
1;-1.1962;0.232153;1
1;-1.72406;0.151348;1
1;-1.45634;0.189028;1
1;-1.51872;0.17965;1
1;-0.789061;0.31237;1
1;-1.25638;0.221598;1
1;-1.44214;0.191214;1
1;-1.75037;0.148;1
1;-0.880197;0.293137;1
1;-1.38997;0.199413;1
1;-0.704436;0.33083;1
1;-0.816606;0.306485;1
1;-0.947464;0.279395;1
1;-1.78039;0.144255;1
1;-1.29401;0.215175;1
1;-0.997197;0.269493;1
1;-1.2623;0.220579;1
1;-0.895128;0.290053;1
1;-1.33291;0.208679;1
1;-1.15554;0.239478;1
1;-1.61144;0.166389;1
1;-1.79358;0.142635;1
1;-0.957986;0.277282;1
1;-0.990527;0.270808;1
1;-1.13928;0.242453;1
1;-0.937168;0.281473;1
1;-0.801339;0.309739;1
1;-0.9615;0.276578;1
1;-1.06515;0.256326;1
1;-1.13587;0.243079;1
