0;1;0.731059;0
0;1.79191;0.857161;0
0;1;0.731059;0
0;2.01741;0.882613;0
0;1.92379;0.872561;0
0;1.96183;0.876731;0
0;1.9539;0.875871;0
0;2.02171;0.883057;0
0;1.86366;0.865723;0
0;1.77182;0.854683;0
0;1.78223;0.855973;0
0;2.10391;0.891283;0
0;1.91545;0.87163;0
0;2.04216;0.885153;0
0;1.84296;0.863298;0
0;2.12455;0.893266;0
0;2.15031;0.895698;0
0;2.00489;0.88131;0
0;1.93378;0.873668;0
0;2.10623;0.891508;0
0;1.70739;0.846497;0
0;1.85245;0.864415;0
0;1.9951;0.880282;0
0;1.7494;0.851878;0
0;2.09716;0.890627;0
0;1.83188;0.861985;0
0;1.94641;0.875054;0
0;2.08596;0.889531;0
0;1.75369;0.852418;0
0;1.71441;0.847408;0
0;1.96438;0.877006;0
0;1.94294;0.874674;0
0;1.6916;0.844434;0
0;2.05218;0.886167;0
0;1.78666;0.856518;0
0;1.80144;0.858324;0
0;2.03759;0.884688;0
0;2.15027;0.895694;0
0;2.10253;0.891149;0
0;1.9413;0.874495;0
0;1.74966;0.85191;0
0;1.84683;0.863754;0
0;1.80033;0.858189;0
0;1.93538;0.873844;0
0;1.97025;0.877638;0
0;1.79912;0.858042;0
0;1.95373;0.875852;0
0;2.05172;0.886121;0
0;1.93306;0.873588;0
0;2.16906;0.897437;0
0;1.92002;0.872141;0
0;2.18379;0.898784;0
0;2.08652;0.889586;0
0;1.94259;0.874637;0
0;1.60545;0.832779;0
0;1;0.731059;0
0;1;0.731059;0
0;1;0.731059;0
0;1;0.731059;0
0;1;0.731059;0
0;1.74757;0.851647;0
0;2.21396;0.901496;0
0;1.88829;0.86856;0
0;1.79022;0.856954;0
0;1.76639;0.854008;0
0;1.9243;0.872617;0
0;1.99853;0.880642;0
0;1.81486;0.859948;0
0;1.84425;0.86345;0
0;1.53929;0.823362;0
0;2.13714;0.894461;0
0;1.71401;0.847356;0
0;2.09356;0.890276;0
0;1.92236;0.872401;0
0;1.93472;0.873771;0
0;2.01017;0.881861;0
0;1.93505;0.873807;0
0;1.68478;0.843537;0
0;1.87332;0.866842;0
0;2.29379;0.908362;0
0;2.01291;0.882145;0
0;1.92392;0.872575;0
0;1.66197;0.840502;0
0;1.87444;0.866971;0
0;2.00263;0.881073;0
0;2.14661;0.895352;0
0;1.45011;0.810016;0
0;1.92459;0.87265;0
0;1.50089;0.817707;0
0;1.63788;0.837247;0
0;1.93221;0.873493;0
0;1.61513;0.834123;0
0;2.08399;0.889337;0
0;1.59438;0.831232;0
0;1.79729;0.857819;0
0;2.01357;0.882214;0
0;1.98565;0.879282;0
0;1.39095;0.800745;0
0;1.80032;0.858188;0
0;1.65138;0.839077;0
0;2.16015;0.896613;0
0;1.84543;0.863589;0
0;1.47435;0.813717;0
0;1.5389;0.823305;0
0;1.68764;0.843914;0
0;1.78323;0.856095;0
0;1.50212;0.817891;0
0;1.47423;0.813699;0
0;2.08207;0.889149;0
0;1.9355;0.873857;0
0;1.98299;0.878999;0
0;2.19714;0.899992;0
0;1.91685;0.871787;0
0;1.61809;0.834531;0
0;1.75864;0.853039;0
0;1.83302;0.862121;0
0;1.84521;0.863563;0
0;2.03705;0.884633;0
0;2.16358;0.896931;0
0;1.72141;0.84831;0
0;1.60157;0.832238;0
0;1.72017;0.848151;0
0;1.3754;0.798252;0
0;2.01455;0.882316;0
0;2.12128;0.892955;0
0;1.90773;0.870764;0
0;1.82289;0.860913;0
0;2.0646;0.887414;0
0;1.89663;0.86951;0
0;1.89408;0.86922;0
0;1.92017;0.872157;0
0;1.79939;0.858075;0
0;1.76415;0.853729;0
0;1.84429;0.863455;0
0;1.99343;0.880105;0
0;1.67947;0.842835;0
0;1.69212;0.844503;0
0;1.57949;0.829132;0
0;1.80554;0.858823;0
0;1.5286;0.821802;0
0;1.43467;0.807627;0
0;1.72915;0.849304;0
0;0.337165;0.583502;0
0;0.567865;0.63827;0
0;-0.141984;0.464563;1
0;0.00273192;0.500683;0
0;0.278726;0.569234;0
0;-0.102566;0.474381;1
0;0.128549;0.532093;0
0;0.109347;0.52731;0
0;-0.0377032;0.490575;1
0;0.0461789;0.511543;0
0;0.143654;0.535852;0
0;-0.00960005;0.4976;1
0;0.462777;0.613673;0
0;0.365961;0.590483;0
0;0.195874;0.548813;0
0;0.0696971;0.517417;0
0;0.0302994;0.507574;0
0;0.347522;0.586017;0
0;-0.0899689;0.477523;1
0;0.203058;0.550591;0
0;0.14916;0.537221;0
0;0.148092;0.536955;0
0;0.205374;0.551164;0
0;-0.190443;0.452533;1
0;-0.345601;0.41445;1
0;0.183894;0.545844;0
0;0.0179133;0.504478;0
0;-0.0626014;0.484355;1
0;0.125464;0.531325;0
0;0.261232;0.564939;0
0;0.4997;0.622389;0
0;0.571032;0.639001;0
0;0.119037;0.529724;0
0;0.367793;0.590926;0
0;0.355421;0.587932;0
0;0.175298;0.543712;0
0;0.0868344;0.521695;0
0;0.340138;0.584224;0
0;0.0637349;0.515928;0
0;0.0130733;0.503268;0
0;0.187256;0.546678;0
0;0.196706;0.549019;0
0;0.0932233;0.523289;0
0;0.185321;0.546198;0
0;0.307873;0.576366;0
0;0.0143144;0.503579;0
0;-0.291951;0.427526;1
0;-0.411974;0.398439;1
0;0.00423574;0.501059;0
0;-0.00835836;0.49791;1
0;0.00931203;0.502328;0
0;0.199788;0.549782;0
0;-0.00294459;0.499264;1
0;1.51571;0.819905;0
0;1;0.731059;0
0;1.56496;0.827064;0
0;1.45211;0.810323;0
0;1.57577;0.828605;0
0;1.69435;0.844796;0
0;1.43004;0.806908;0
0;1;0.731059;0
0;1.73042;0.849466;0
0;1;0.731059;0
0;1;0.731059;0
0;1;0.731059;0
0;1.73079;0.849513;0
0;1;0.731059;0
0;1;0.731059;0
0;1;0.731059;0
0;1.53475;0.822701;0
0;1.83914;0.862847;0
0;1;0.731059;0
0;1.88842;0.868576;0
0;1.61526;0.834141;0
0;1.68338;0.843351;0
0;1.67026;0.841611;0
0;1.5054;0.818379;0
0;1.4536;0.810552;0
0;1.51154;0.81929;0
0;1.81376;0.859815;0
0;1;0.731059;0
0;1.87371;0.866887;0
0;1;0.731059;0
0;2.15808;0.896422;0
0;1.98655;0.879377;0
0;1.59833;0.831785;0
0;1.89411;0.869223;0
0;1.76136;0.85338;0
0;1.84206;0.863192;0
0;1.76297;0.853581;0
0;2.26983;0.906347;0
0;1.91327;0.871386;0
0;1.97147;0.877769;0
0;1.61242;0.833748;0
0;1.87867;0.867458;0
0;1.69911;0.845418;0
0;1.93086;0.873345;0
0;2.04344;0.885283;0
0;1.50241;0.817933;0
0;1.50136;0.817778;0
0;1.62961;0.836116;0
0;1.94619;0.875031;0
0;1.88069;0.86769;0
0;1.62788;0.83588;0
0;1.92862;0.873097;0
0;1.52512;0.821291;0
0;1.76301;0.853586;0
0;1.83458;0.862306;0
0;1.71621;0.84764;0
0;1.63336;0.836629;0
0;1.76805;0.854216;0
0;1.52065;0.820635;0
0;1.72701;0.849029;0
0;1.81928;0.86048;0
0;1.76406;0.853717;0
0;1.69676;0.845111;0
0;1.90985;0.871002;0
0;1.52129;0.820728;0
0;2.07574;0.888523;0
0;2.12435;0.893248;0
0;1.82712;0.861418;0
0;2.01508;0.882372;0
0;1.75184;0.852185;0
0;1.87849;0.867437;0
0;1.73208;0.849678;0
0;1.62519;0.835509;0
0;1.96962;0.87757;0
0;2.07294;0.888245;0
0;2.03643;0.884569;0
0;1.94097;0.874459;0
0;2.03173;0.884089;0
0;1.75929;0.853121;0
0;1.66413;0.840791;0
0;1.98922;0.87966;0
0;1.64138;0.837723;0
0;1.79158;0.85712;0
0;1.70433;0.8461;0
0;1.82286;0.86091;0
0;1.80037;0.858194;0
0;1.85755;0.865011;0
0;1.86445;0.865815;0
0;1.52993;0.821996;0
0;1.57509;0.828509;0
0;2.13762;0.894506;0
0;1.7326;0.849744;0
0;2.1255;0.893357;0
0;1.70427;0.846092;0
0;1.90536;0.870497;0
0;1.80952;0.859304;0
0;1.93552;0.873859;0
0;1.78716;0.856578;0
0;1.83851;0.862772;0
0;1.84337;0.863347;0
0;1.6632;0.840668;0
0;1.88278;0.86793;0
0;1.63749;0.837193;0
0;1.94834;0.875265;0
0;1.48271;0.814982;0
0;1.57167;0.828022;0
0;1.43664;0.807934;0
0;1.84849;0.863949;0
0;1.88345;0.868007;0
0;1.91958;0.872092;0
0;1.69763;0.845225;0
0;1.6994;0.845456;0
0;1.48967;0.816028;0
0;1.32033;0.789236;0
0;1.6881;0.843975;0
0;1.67339;0.842028;0
0;1.54032;0.823511;0
0;1.71764;0.847824;0
0;1.79095;0.857044;0
0;1.19684;0.767963;0
0;1.79528;0.857574;0
0;1.44323;0.808954;0
0;1.5852;0.829939;0
0;1.46925;0.812943;0
0;1.62339;0.835262;0
0;1.68865;0.844047;0
0;1.68831;0.844002;0
0;1.49716;0.817151;0
0;1.9107;0.871097;0
0;1.71091;0.846954;0
0;1.66831;0.84135;0
0;1.67885;0.842752;0
0;1.6757;0.842334;0
0;1.3524;0.794521;0
0;1.54882;0.824744;0
0;1.8759;0.867139;0
0;1.6307;0.836266;0
0;1.88121;0.86775;0
0;1.68737;0.843878;0
0;1.86733;0.866149;0
0;1.67749;0.842572;0
0;1.66741;0.84123;0
0;1.69955;0.845476;0
0;1.7227;0.848476;0
0;1.4971;0.817142;0
0;1.51196;0.819352;0
0;1.82798;0.86152;0
0;1.85205;0.864368;0
0;1.56846;0.827564;0
0;1.70589;0.846303;0
0;1.61698;0.834379;0
0;1.66311;0.840655;0
0;1.53151;0.822227;0
0;1.84691;0.863764;0
0;1.83437;0.862282;0
0;1.72045;0.848187;0
0;1.68034;0.84295;0
0;1.60081;0.832131;0
0;1.81681;0.860183;0
0;1.62429;0.835386;0
0;1.71919;0.848024;0
0;1.85943;0.86523;0
0;1.57071;0.827885;0
0;1.67674;0.842472;0
0;1.8144;0.859893;0
0;1.84485;0.863522;0
0;1.82624;0.861313;0
0;1.70344;0.845984;0
0;1.67861;0.84272;0
0;1.75733;0.852875;0
0;1.52189;0.820817;0
0;1.64382;0.838054;0
0;1.48456;0.815261;0
0;1.61347;0.833892;0
0;1.59463;0.831266;0
0;1.43696;0.807983;0
0;1.81596;0.86008;0
0;1.57534;0.828544;0
0;1.792;0.857172;0
0;1.78794;0.856675;0
0;1.88279;0.867931;0
0;2.07172;0.888124;0
0;2.0647;0.887425;0
0;1.78881;0.856781;0
0;2.10315;0.891209;0
0;1.54497;0.824186;0
0;2.08583;0.889518;0
0;1.95008;0.875455;0
0;2.03768;0.884697;0
0;1.87204;0.866694;0
0;1.86421;0.865787;0
0;2.04243;0.885181;0
0;2.10007;0.89091;0
0;1.77519;0.855102;0
0;1.84693;0.863766;0
0;1.56372;0.826886;0
0;1.65352;0.839366;0
0;1.84372;0.863388;0
0;2.04559;0.885501;0
0;1.89415;0.869228;0
0;1.87682;0.867245;0
0;2.09223;0.890146;0
0;1.72654;0.848969;0
0;2.10463;0.891353;0
0;2.02914;0.883823;0
0;1.45899;0.811379;0
0;1.62839;0.835949;0
0;1.67198;0.841839;0
0;1.69622;0.84504;0
0;1.87481;0.867014;0
0;1.5924;0.830953;0
0;1.65515;0.839585;0
0;2.22046;0.902072;0
0;1.84688;0.86376;0
0;1.85287;0.864463;0
0;2.17096;0.897611;0
0;1.91643;0.87174;0
0;2.27753;0.906999;0
0;1.74617;0.85147;0
0;1.90182;0.870097;0
0;1.78622;0.856464;0
0;2.02847;0.883753;0
0;1.54356;0.823982;0
0;2.19185;0.899516;0
0;1.75623;0.852737;0
0;1.8652;0.865902;0
0;1.76282;0.853563;0
0;1.70975;0.846804;0
0;1.79977;0.858121;0
0;1.79627;0.857695;0
0;1.89489;0.869312;0
0;1.62397;0.835342;0
0;2.08236;0.889177;0
0;1.87998;0.867609;0
0;1.8963;0.869472;0
0;1.9317;0.873438;0
0;1.98843;0.879577;0
0;1.94331;0.874715;0
0;2.0051;0.881332;0
0;1.83639;0.862521;0
0;1.79231;0.85721;0
0;1.68507;0.843575;0
0;1.85484;0.864694;0
0;1.83357;0.862186;0
0;1;0.731059;0
0;1;0.731059;0
0;1;0.731059;0
0;1;0.731059;0
0;1;0.731059;0
0;1;0.731059;0
0;1;0.731059;0
0;1;0.731059;0
0;2.02161;0.883048;0
0;1.82276;0.860897;0
0;1.84027;0.86298;0
0;1.66416;0.840796;0
0;2.0056;0.881384;0
0;1.87881;0.867475;0
0;2.10653;0.891537;0
0;1.86285;0.865628;0
0;2.03612;0.884538;0
0;1.83285;0.862101;0
0;1.74756;0.851645;0
0;1.75798;0.852957;0
0;2.0994;0.890845;0
0;1.79082;0.857028;0
0;1.73064;0.849495;0
0;1.97832;0.878502;0
0;1.79051;0.85699;0
0;1.66669;0.841134;0
0;1.70207;0.845805;0
0;2.06776;0.88773;0
0;1.78193;0.855935;0
0;1.84997;0.864123;0
0;1.69542;0.844935;0
0;1.59259;0.83098;0
0;2.04835;0.885781;0
0;1.77064;0.854537;0
0;2.10742;0.891622;0
0;1.68723;0.84386;0
0;1.65364;0.839382;0
0;1.80626;0.85891;0
0;1.83377;0.862211;0
0;1.88233;0.867878;0
0;1.88887;0.868626;0
0;1.86782;0.866206;0
0;1.76497;0.85383;0
0;1.71972;0.848093;0
0;1.92139;0.872294;0
0;1.95186;0.875649;0
0;1.54444;0.82411;0
0;1.54455;0.824125;0
0;1.94154;0.874521;0
0;1.62194;0.835062;0
0;1.82105;0.860692;0
0;1.53198;0.822296;0
0;1.7634;0.853634;0
0;1.93212;0.873484;0
0;1.80982;0.859341;0
0;1.73108;0.84955;0
0;1.87559;0.867104;0
0;1.62511;0.835498;0
0;1.78682;0.856537;0
0;1.79424;0.857446;0
0;1.54677;0.824446;0
0;1.94288;0.874668;0
0;1.74641;0.851499;0
0;1.74343;0.851122;0
0;1.62368;0.835302;0
0;1.90209;0.870128;0
0;1.72373;0.848608;0
0;1.94861;0.875295;0
0;1.6745;0.842175;0
0;1.62895;0.836025;0
0;1.57241;0.828126;0
0;1.79898;0.858024;0
0;1.65757;0.839911;0
0;1.9276;0.872984;0
0;1.90255;0.87018;0
0;1.51618;0.819975;0
0;1.83957;0.862898;0
0;1.74096;0.850809;0
0;1.55526;0.825672;0
0;1.76753;0.85415;0
0;1.64724;0.838518;0
0;1.681;0.843037;0
0;1.92856;0.87309;0
0;1.86396;0.865758;0
0;1.87471;0.867002;0
0;1.6997;0.845495;0
0;1.79728;0.857818;0
0;1.90725;0.87071;0
0;1.8256;0.861237;0
0;1.70167;0.845752;0
0;1.90735;0.870721;0
0;1.76123;0.853364;0
0;1.74511;0.851335;0
0;1.8869;0.868401;0
0;1.8178;0.860302;0
0;1.62256;0.835148;0
0;1.89139;0.868914;0
0;1.48358;0.815113;0
0;1.78812;0.856696;0
0;1.85951;0.86524;0
0;1.67215;0.841862;0
0;1.75484;0.852562;0
0;1.84652;0.863718;0
0;1.8162;0.860109;0
0;1.87543;0.867085;0
0;1.55592;0.825767;0
0;1.61697;0.834377;0
0;1.7355;0.850114;0
0;1.69518;0.844904;0
0;1.71672;0.847706;0
0;1.88317;0.867975;0
0;1.61189;0.833673;0
0;1.49619;0.817005;0
0;1.71127;0.847001;0
0;1.83968;0.862911;0
0;1.85368;0.864558;0
0;1.74657;0.851519;0
0;1.78163;0.855898;0
0;1.93628;0.873943;0
0;1.77734;0.855368;0
0;1.95337;0.875814;0
0;1.62961;0.836116;0
0;1.69187;0.84447;0
0;1.80754;0.859065;0
0;1.75706;0.852842;0
0;1.716;0.847613;0
0;2.33439;0.911686;0
0;1.67866;0.842727;0
0;1.61061;0.833497;0
0;1.27158;0.781013;0
0;1.82439;0.861092;0
0;1.61243;0.833748;0
0;1.76472;0.8538;0
0;1.77731;0.855364;0
0;1.68455;0.843506;0
0;1.69934;0.845448;0
0;1.57953;0.829137;0
0;1.77236;0.854751;0
0;1.4733;0.813559;0
0;1.69169;0.844446;0
0;2.09814;0.890722;0
0;1.49435;0.816731;0
0;1.54233;0.823803;0
0;1.86357;0.865712;0
0;1.77563;0.855156;0
0;1.62164;0.835022;0
0;1.67163;0.841793;0
0;1.87065;0.866534;0
0;1.63598;0.836987;0
0;1.54928;0.82481;0
0;1.33908;0.792339;0
0;1.50288;0.818003;0
0;1.13929;0.75755;0
0;1.61547;0.83417;0
0;1.77156;0.854652;0
0;1.65391;0.839419;0
0;1.69077;0.844325;0
0;1.85696;0.864943;0
0;1.88895;0.868635;0
0;1.8328;0.862094;0
0;1.72918;0.849307;0
0;1.73277;0.849767;0
0;1.83896;0.862825;0
0;1.59852;0.831811;0
0;1.71048;0.846899;0
0;1.68237;0.843218;0
0;1.71977;0.848099;0
0;1.53281;0.822417;0
0;1.72687;0.849011;0
0;1.51136;0.819263;0
0;1.74216;0.850961;0
0;1.42209;0.805666;0
0;1.75885;0.853065;0
0;1.79233;0.857213;0
0;1.64307;0.837952;0
0;1.55868;0.826164;0
0;1.38271;0.799426;0
0;1.73994;0.850679;0
0;1.93866;0.874205;0
0;1.63653;0.837062;0
0;1.73869;0.850521;0
0;1.64211;0.837821;0
0;1.54709;0.824492;0
0;1.71888;0.847984;0
0;1.21397;0.771001;0
0;1.51481;0.819773;0
0;1.55363;0.825437;0
0;1.86495;0.865873;0
0;1.7455;0.851385;0
0;1.532;0.822299;0
0;1.53637;0.822937;0
0;1.79168;0.857133;0
0;1.50813;0.818784;0
0;1.57575;0.828602;0
0;1.43095;0.80705;0
0;1.64967;0.838847;0
0;1.42559;0.806213;0
0;1.98189;0.878882;0
0;1.64612;0.838366;0
0;1.35419;0.794814;0
0;1.03406;0.737703;0
0;1.80541;0.858806;0
0;1.5623;0.826683;0
0;1.64508;0.838225;0
0;1.45854;0.811309;0
0;1.94502;0.874903;0
0;1.52567;0.821372;0
0;1.36516;0.796596;0
0;1.9147;0.871546;0
0;1.61452;0.834039;0
0;1.53104;0.822159;0
0;1.42964;0.806845;0
0;1.41995;0.805331;0
0;1.69441;0.844803;0
0;1.80418;0.858658;0
0;0.772518;0.684065;0
0;0.691073;0.666205;0
0;0.777074;0.685049;0
0;0.958511;0.722824;0
0;0.707414;0.66983;0
0;0.65345;0.657788;0
0;0.992799;0.72964;0
0;1.50023;0.817608;0
0;1.7009;0.845653;0
0;1.7146;0.847432;0
0;1.7235;0.848579;0
0;1.66841;0.841363;0
0;1;0.731059;0
0;1;0.731059;0
0;1.74314;0.851085;0
0;1.5793;0.829106;0
0;1.7524;0.852255;0
0;1.68438;0.843483;0
0;1.72474;0.848738;0
0;1.7175;0.847807;0
0;1.72741;0.84908;0
0;1.75203;0.852209;0
0;1.67303;0.84198;0
0;1.52796;0.821707;0
0;1.55607;0.825789;0
0;1.65322;0.839326;0
0;1.61236;0.833739;0
0;1.35339;0.794683;0
0;1.51239;0.819415;0
0;1.47921;0.814453;0
0;1.69928;0.84544;0
0;1.44378;0.809039;0
0;1.34187;0.792797;0
0;0.695665;0.667226;0
0;1.79147;0.857107;0
0;1.54695;0.824473;0
0;0.586408;0.642541;0
0;1.63767;0.837218;0
0;1.66539;0.840961;0
0;1.97085;0.877703;0
0;1.38057;0.799083;0
0;1.41625;0.80475;0
0;1.77839;0.855498;0
0;1.77623;0.855231;0
0;1.67198;0.841839;0
0;1.6981;0.845286;0
0;0.999679;0.730995;0
0;1.63491;0.836841;0
0;1.52622;0.821452;0
0;1.46913;0.812925;0
0;1.55919;0.826237;0
0;1.59319;0.831064;0
0;1.48961;0.81602;0
0;1.38147;0.799227;0
0;1.28146;0.782699;0
0;1.30938;0.787409;0
0;1.3832;0.799505;0
0;1.90586;0.870553;0
0;1.57174;0.828032;0
0;1.64358;0.838022;0
0;1.82651;0.861346;0
0;1.56599;0.827211;0
0;1.94905;0.875343;0
0;1.84684;0.863756;0
0;1.26354;0.779635;0
0;1.83465;0.862314;0
0;1.67663;0.842458;0
0;1.73242;0.849722;0
0;1.2747;0.781546;0
0;1.19652;0.767906;0
0;1.54077;0.823577;0
0;1.35904;0.795604;0
0;1.62783;0.835872;0
0;1.62106;0.834942;0
0;1.45967;0.811483;0
0;1.55535;0.825685;0
0;1.66152;0.840442;0
0;1.86433;0.865801;0
0;1.7521;0.852218;0
0;1.68645;0.843757;0
0;1.69439;0.844801;0
0;1.6671;0.841188;0
0;1.67406;0.842116;0
0;1.53667;0.82298;0
0;1.71833;0.847914;0
0;1.17153;0.763421;0
0;1.62849;0.835963;0
0;1.66056;0.840314;0
0;1.44634;0.809434;0
0;1.51594;0.81994;0
0;1.73521;0.850078;0
0;1.44797;0.809685;0
0;1.69714;0.845161;0
0;1.6718;0.841816;0
0;1.9748;0.878126;0
0;1.61937;0.834708;0
0;1.8825;0.867898;0
0;1.71139;0.847017;0
0;1.80259;0.858464;0
0;1.97249;0.877878;0
0;1.69588;0.844995;0
0;1.55905;0.826217;0
0;1.73692;0.850295;0
0;1.78452;0.856254;0
0;1.72257;0.84846;0
0;1.77102;0.854584;0
0;1.6913;0.844395;0
0;1.18256;0.765408;0
0;1.67009;0.841588;0
0;1.55528;0.825675;0
0;1.61023;0.833444;0
0;1.57599;0.828636;0
0;1.6096;0.833355;0
0;1.64208;0.837818;0
0;1.71128;0.847002;0
0;1.89363;0.869168;0
0;1.80734;0.85904;0
0;1.6321;0.836458;0
0;1.7492;0.851852;0
0;1.51083;0.819185;0
0;1.59836;0.831789;0
0;1.61315;0.833848;0
0;1.74578;0.85142;0
0;1.6541;0.839444;0
0;1.72769;0.849116;0
0;1.60884;0.83325;0
0;1.48485;0.815305;0
0;2.11178;0.892043;0
0;1.64496;0.838208;0
0;1.6952;0.844906;0
0;1.68478;0.843536;0
0;1.79519;0.857562;0
0;1.60827;0.833171;0
0;1.58381;0.829744;0
0;1.55711;0.825938;0
0;1.70158;0.845741;0
0;1.64596;0.838344;0
0;1.39663;0.801648;0
0;1.12919;0.755689;0
0;1.46898;0.812903;0
0;2.05846;0.886799;0
0;1.74708;0.851584;0
0;1.47805;0.814278;0
0;1.75922;0.853112;0
0;1.63574;0.836955;0
0;1.66199;0.840505;0
0;1.86352;0.865706;0
0;1.90409;0.870354;0
0;1.49652;0.817055;0
0;1.84739;0.863821;0
0;1.66283;0.840618;0
0;1.58148;0.829414;0
0;1.4956;0.816917;0
0;1.57498;0.828492;0
0;1.55232;0.825249;0
0;1.28807;0.78382;0
0;1.50775;0.818727;0
0;1.45426;0.810653;0
0;1.62632;0.835664;0
0;1.50429;0.818213;0
0;1.52051;0.820614;0
0;1.50734;0.818666;0
0;1.49031;0.816125;0
0;1.45065;0.810099;0
0;1.65007;0.838901;0
0;1.80275;0.858484;0
0;1.51108;0.819221;0
0;1.16131;0.76157;0
0;1.6915;0.844422;0
0;1.56066;0.826448;0
0;1.34023;0.792528;0
0;1.66999;0.841574;0
0;1.37963;0.798932;0
0;1.66352;0.84071;0
0;1.5732;0.828239;0
0;1.75443;0.852511;0
0;1.57346;0.828276;0
0;1.61152;0.833622;0
0;1.45664;0.811018;0
0;1.5595;0.826282;0
0;1.40196;0.802494;0
0;1.75529;0.852619;0
0;1.43949;0.808376;0
0;1.50062;0.817667;0
0;1.53847;0.823242;0
0;1.57478;0.828465;0
0;1.27598;0.781764;0
0;1.10448;0.751098;0
0;1.4351;0.807695;0
0;1.59618;0.831484;0
0;1.33826;0.792203;0
0;1.98366;0.879071;0
0;1.36421;0.796443;0
0;1.66013;0.840256;0
0;1.63422;0.836747;0
0;1.76477;0.853806;0
0;1.73638;0.850226;0
0;1.73035;0.849457;0
0;1.53127;0.822192;0
0;1.73409;0.849935;0
0;1.76981;0.854434;0
0;1.89366;0.869173;0
0;1.67031;0.841617;0
0;1.75695;0.852827;0
0;1.84894;0.864003;0
0;1.76639;0.854009;0
0;1.82618;0.861306;0
0;1.79295;0.857288;0
0;2.00267;0.881077;0
0;1.82061;0.860639;0
0;1.89813;0.86968;0
0;1.68886;0.844075;0
0;1.92583;0.872787;0
0;1.6892;0.844119;0
0;1.82453;0.861108;0
0;1.68483;0.843544;0
0;1.91481;0.871558;0
0;1.70884;0.846685;0
0;1.4381;0.80816;0
0;1.68903;0.844097;0
0;1.73721;0.850332;0
0;1.64513;0.838232;0
0;1.77642;0.855254;0
0;1.73538;0.8501;0
0;1.75184;0.852184;0
0;2.13252;0.894024;0
0;1.72818;0.84918;0
0;1.28772;0.783761;0
0;1.6766;0.842454;0
0;1.70776;0.846546;0
0;1.75038;0.852;0
0;1.64886;0.838737;0
0;1.71535;0.847529;0
0;1.8619;0.865518;0
0;1.73592;0.850169;0
0;1.62374;0.83531;0
0;1.74473;0.851287;0
0;1.56974;0.827747;0
0;1.74225;0.850973;0
0;1.89281;0.869076;0
0;1.9903;0.879775;0
0;1.92719;0.872938;0
0;1.85643;0.86488;0
0;1.61398;0.833964;0
0;1.84458;0.86349;0
0;1.62419;0.835373;0
0;1.89603;0.869442;0
0;1.99726;0.880509;0
0;1.77633;0.855243;0
0;1.85576;0.864801;0
0;2.07068;0.888021;0
0;1.9857;0.879287;0
0;1.86079;0.865389;0
0;2.03075;0.883988;0
0;1.85997;0.865293;0
0;1.81674;0.860175;0
0;1.8857;0.868264;0
0;1.99614;0.880391;0
0;1.97595;0.878249;0
0;1.50692;0.818604;0
0;1.35735;0.795329;0
0;1.13014;0.755864;0
0;1.22492;0.772928;0
0;1.13089;0.756002;0
0;1.11164;0.752435;0
0;1.07603;0.745742;0
0;1.42012;0.805357;0
0;1.39873;0.801983;0
0;0.964515;0.724025;0
0;1.16697;0.762597;0
0;1.40604;0.803141;0
0;1.21594;0.771348;0
0;1.10458;0.751118;0
0;1.51186;0.819336;0
0;1.37722;0.798544;0
0;1.45551;0.810845;0
0;1.33195;0.791163;0
0;1.1986;0.768275;0
0;1.27466;0.781539;0
0;1.42005;0.805346;0
0;1.54438;0.8241;0
0;1.37596;0.798342;0
0;1.41913;0.805201;0
0;1.24288;0.776064;0
0;1.38839;0.800336;0
0;1.55474;0.825597;0
0;1.08703;0.747822;0
0;1.50103;0.817728;0
0;1.20012;0.768546;0
0;0.926207;0.716305;0
0;1.41322;0.804274;0
0;1.19961;0.768456;0
0;1.28532;0.783353;0
0;1.26661;0.780163;0
0;1.17008;0.763159;0
0;1.71058;0.846912;0
0;1.58285;0.829607;0
0;1.4736;0.813604;0
0;1.39016;0.800617;0
0;1.34351;0.793067;0
0;1.39926;0.802067;0
0;1.08957;0.748301;0
0;1.46746;0.81267;0
0;1.4694;0.812966;0
0;1.34213;0.79284;0
0;1.19266;0.767216;0
0;1.34302;0.792986;0
0;1.50994;0.819052;0
0;1.38336;0.799529;0
0;1.05141;0.741045;0
0;1.30392;0.786493;0
0;1.45572;0.810878;0
0;1.32683;0.790315;0
0;1.10078;0.750405;0
0;1.42487;0.8061;0
0;1.17126;0.763373;0
0;1.09417;0.749166;0
0;1.39803;0.801871;0
0;1.27487;0.781575;0
0;1.22527;0.772989;0
0;1.21812;0.771733;0
0;1.17466;0.763986;0
0;1.31238;0.787911;0
0;1.09106;0.748582;0
0;1.0365;0.738175;0
0;1.53515;0.822758;0
0;1.33624;0.791871;0
0;1.42558;0.806211;0
0;1.3611;0.795939;0
0;1.30817;0.787207;0
0;1.09205;0.748768;0
0;1.25064;0.77741;0
0;1.29291;0.784639;0
0;1.45454;0.810697;0
0;1.16076;0.761471;0
0;1.50588;0.818449;0
0;1.25788;0.778662;0
0;1.23693;0.775029;0
0;1.18988;0.766719;0
0;1.22019;0.772097;0
0;1.355;0.794946;0
0;1.31058;0.787611;0
0;1.13667;0.757068;0
0;1.18314;0.765512;0
0;1.43884;0.808275;0
0;1.16467;0.762181;0
0;1.39888;0.802006;0
0;1.22871;0.773593;0
0;1.23673;0.774994;0
0;1.16534;0.762302;0
0;1.00424;0.731892;0
0;1.24333;0.776144;0
0;1.11229;0.752555;0
0;0.704134;0.669104;0
0;1.07976;0.746449;0
0;0.911045;0.713214;0
0;1.07;0.744598;0
0;1.17851;0.764679;0
0;1.02249;0.735458;0
0;1.24784;0.776925;0
0;1.59837;0.831791;0
0;1.14485;0.758568;0
0;1.27439;0.781494;0
0;1.23379;0.77448;0
0;1.36551;0.796653;0
0;1.31545;0.788424;0
0;1.11089;0.752294;0
0;1.14309;0.758247;0
0;1.5583;0.826109;0
0;1.48983;0.816053;0
0;1.19502;0.767637;0
0;1.09283;0.748915;0
0;1.19778;0.768129;0
0;1.32981;0.790809;0
0;1.19798;0.768166;0
0;1.1673;0.762656;0
0;1.09435;0.749199;0
0;1.28863;0.783915;0
0;1.01833;0.734646;0
0;1.12909;0.755671;0
0;1.20549;0.769499;0
0;1.23195;0.77416;0
0;1.20233;0.768939;0
0;0.978304;0.726772;0
0;1.0896;0.748306;0
0;1.28009;0.782466;0
0;1.1585;0.76106;0
0;1.30191;0.786156;0
0;1.31269;0.787963;0
0;1.25324;0.777861;0
0;1.30794;0.787169;0
0;1.27281;0.781223;0
0;1.11331;0.752746;0
0;1.20428;0.769286;0
0;1.45379;0.810581;0
0;1.78494;0.856305;0
0;1.85253;0.864424;0
0;1.83344;0.862171;0
0;1.72148;0.84832;0
0;1.63152;0.836377;0
0;1.8557;0.864795;0
0;1.754;0.852457;0
0;2.13787;0.89453;0
0;1.79522;0.857566;0
0;2.10384;0.891276;0
0;2.09833;0.89074;0
0;1.67201;0.841843;0
0;2.12023;0.892854;0
0;1.54023;0.823498;0
0;2.06824;0.887778;0
0;1.63413;0.836735;0
0;1.83301;0.86212;0
0;2.12214;0.893036;0
0;1.56211;0.826656;0
0;2.0357;0.884495;0
0;1.75357;0.852403;0
0;1.84619;0.86368;0
0;1.69482;0.844857;0
0;2.19578;0.89987;0
0;1.76787;0.854192;0
0;1.71429;0.847392;0
0;1.78306;0.856075;0
0;1.6859;0.843685;0
0;1.63515;0.836874;0
0;1.82636;0.861328;0
0;1.79048;0.856986;0
0;1.92966;0.873211;0
0;1.61529;0.834145;0
0;1.74567;0.851405;0
0;1.97768;0.878433;0
0;1.87871;0.867463;0
0;1.63184;0.836421;0
0;2.02116;0.883001;0
0;2.05888;0.886842;0
0;2.00508;0.881329;0
0;1.81524;0.859995;0
0;1.77556;0.855147;0
0;2.03968;0.884901;0
0;1.63549;0.83692;0
0;1.9271;0.872928;0
0;1.73705;0.850312;0
0;1.9747;0.878115;0
0;1.89983;0.869872;0
0;1.98045;0.878729;0
0;1.85329;0.864513;0
0;1.88829;0.86856;0
0;1.72544;0.848828;0
0;1.69073;0.84432;0
0;1.7117;0.847056;0
0;1.89832;0.869702;0
0;1.754;0.852456;0
0;1.73943;0.850614;0
0;1.86033;0.865336;0
0;2.03971;0.884903;0
0;1.66327;0.840677;0
0;1.85778;0.865038;0
0;1.55638;0.825834;0
0;2.12823;0.893617;0
0;1.79982;0.858127;0
0;1.56217;0.826665;0
0;1.82056;0.860633;0
0;1.40509;0.80299;0
0;1.93965;0.874314;0
0;1.89711;0.869564;0
0;1.83688;0.862579;0
0;1.95429;0.875914;0
0;1.67247;0.841905;0
0;1.88803;0.868531;0
0;2.08277;0.889217;0
0;1.95988;0.87652;0
0;1.84018;0.86297;0
0;1.78111;0.855834;0
0;1.83419;0.86226;0
0;1.86503;0.865882;0
0;1.82108;0.860696;0
0;1.68217;0.843192;0
0;1.72727;0.849063;0
0;1.54419;0.824073;0
0;1.75573;0.852675;0
0;1.59931;0.831922;0
0;1.83379;0.862213;0
0;2.13006;0.893791;0
0;1.79142;0.857101;0
0;2.31603;0.910196;0
0;1;0.731059;0
0;2.05394;0.886346;0
0;1.54718;0.824505;0
0;1.81305;0.85973;0
0;2.01185;0.882035;0
0;1.86405;0.865769;0
0;1.85832;0.865101;0
0;1.80511;0.85877;0
0;1.96597;0.877178;0
0;1.70118;0.845689;0
0;1.59167;0.830851;0
0;1.97953;0.878631;0
0;1.32974;0.790797;0
0;2.12473;0.893284;0
0;1.77342;0.854883;0
0;1.75614;0.852726;0
0;1.62405;0.835353;0
0;1.65336;0.839344;0
0;1.63057;0.836247;0
0;2.18661;0.899041;0
0;2.00908;0.881747;0
0;1.90315;0.870247;0
0;2.07457;0.888407;0
0;2.09468;0.890385;0
0;2.09565;0.89048;0
0;1.99108;0.879857;0
0;1.8334;0.862166;0
0;1.76703;0.854088;0
0;2.1598;0.896581;0
0;2.00081;0.880883;0
0;1.20654;0.769685;0
0;2.13385;0.89415;0
0;2.01199;0.88205;0
0;1.68433;0.843478;0
0;1.66046;0.840299;0
0;1.87595;0.867145;0
0;1.82687;0.861389;0
0;1.42801;0.806592;0
0;2.26054;0.905556;0
0;1.72618;0.848923;0
0;1.82695;0.861398;0
0;1.73185;0.849649;0
0;2.18169;0.898593;0
0;2.10688;0.89157;0
0;2.12157;0.892982;0
0;1.74147;0.850874;0
0;2.04164;0.8851;0
0;1.94652;0.875066;0
0;2.05519;0.886471;0
0;1.51355;0.819586;0
0;2.30349;0.909166;0
0;1.89918;0.869799;0
0;1.52914;0.821881;0
0;2.14481;0.895183;0
0;2.24456;0.90418;0
0;1.84298;0.863301;0
0;2.03587;0.884513;0
0;1.68407;0.843443;0
0;2.0394;0.884872;0
0;1.87542;0.867085;0
0;1.99006;0.87975;0
0;1.95707;0.876215;0
0;2.11432;0.892288;0
0;1.98212;0.878907;0
0;2.28161;0.907342;0
0;1.44032;0.808504;0
0;1.92973;0.87322;0
0;1.95376;0.875856;0
0;2.17164;0.897674;0
0;1.82459;0.861116;0
0;1.90764;0.870754;0
0;2.03513;0.884436;0
0;1.88693;0.868405;0
0;1.89307;0.869106;0
0;1.914;0.871468;0
0;2.1563;0.896256;0
0;2.37806;0.915139;0
0;2.12857;0.893649;0
0;1.81222;0.85963;0
0;1.79981;0.858125;0
0;1.63117;0.83633;0
0;1.65727;0.839872;0
0;1.80105;0.858277;0
0;1.80992;0.859352;0
0;1.95282;0.875754;0
0;2.10786;0.891665;0
0;1.75828;0.852994;0
0;1.78459;0.856262;0
0;1.90171;0.870085;0
0;1.97383;0.878022;0
0;2.13509;0.894267;0
0;1.78;0.855697;0
0;2.08203;0.889144;0
0;2.20599;0.900786;0
0;2.34677;0.912678;0
0;1.63567;0.836945;0
0;1.8909;0.868859;0
0;1.91787;0.8719;0
0;1.66035;0.840285;0
0;1.86415;0.86578;0
0;1.80848;0.859178;0
0;1.66177;0.840475;0
0;2.25338;0.904942;0
0;1.88129;0.867759;0
0;1.90495;0.870451;0
0;1.73274;0.849763;0
0;1.97015;0.877628;0
0;2.17891;0.89834;0
0;1.87788;0.867367;0
0;2.07747;0.888694;0
0;1.94147;0.874513;0
0;2.22541;0.902509;0
0;2.26435;0.905881;0
0;1.51875;0.820355;0
0;1.66037;0.840287;0
0;1.47735;0.814172;0
0;1.69179;0.84446;0
0;0.978087;0.726728;0
0;1.47011;0.813074;0
0;1.6181;0.834533;0
0;1.3351;0.791682;0
0;1.49805;0.817284;0
0;1.00399;0.731843;0
0;1.4766;0.814058;0
0;1.45839;0.811287;0
0;1.36998;0.797377;0
0;1.51695;0.82009;0
0;1.42706;0.806443;0
0;1.88843;0.868576;0
0;1.54974;0.824876;0
0;1.45988;0.811514;0
0;1.61205;0.833695;0
0;1.4943;0.816723;0
0;1.41018;0.803795;0
0;1.50676;0.818581;0
0;1.16464;0.762176;0
0;1.3782;0.798701;0
0;1.35974;0.795717;0
0;1.49183;0.816353;0
0;1.55707;0.825933;0
0;1.52941;0.82192;0
0;1.32874;0.790631;0
0;1.51504;0.819806;0
0;1.52191;0.820819;0
0;1.39602;0.801551;0
0;1.59013;0.830635;0
0;1.4687;0.81286;0
0;1.44914;0.809866;0
0;1.05032;0.740836;0
0;1.28331;0.783012;0
0;1.70042;0.84559;0
0;1.64938;0.838807;0
0;1.63971;0.837495;0
0;1.66605;0.841049;0
0;1.67561;0.842322;0
0;1.4995;0.817499;0
0;1.26071;0.779147;0
0;1.25441;0.778063;0
0;1.81714;0.860222;0
0;1.54738;0.824535;0
0;1.56636;0.827264;0
0;1.2951;0.78501;0
0;1.35372;0.794737;0
0;1.28363;0.783066;0
0;1.70738;0.846496;0
0;1.54351;0.823974;0
0;1.48326;0.815065;0
0;1.66249;0.840572;0
0;1.4466;0.809475;0
0;1.6333;0.836622;0
0;1.48064;0.814669;0
0;1.46208;0.81185;0
0;1.40767;0.803398;0
0;1.63007;0.836179;0
0;1.31859;0.788948;0
0;1.54411;0.824061;0
0;1.64652;0.83842;0
0;1.55355;0.825426;0
0;1.37458;0.798119;0
0;1.72855;0.849227;0
0;1.75891;0.853073;0
0;1.06052;0.74279;0
0;1.72832;0.849197;0
0;1.8684;0.866273;0
0;1.88069;0.867691;0
0;1.63873;0.837362;0
0;1.82599;0.861283;0
0;1.77928;0.855608;0
0;1.35916;0.795623;0
0;1.31912;0.789035;0
0;1.41956;0.805269;0
0;1.27551;0.781685;0
0;1.36523;0.796608;0
0;1.58625;0.830088;0
0;1.40681;0.803262;0
0;1.43517;0.807705;0
0;1.70303;0.84593;0
0;1.3302;0.790873;0
0;1.47227;0.813403;0
0;1.76463;0.853788;0
0;1.42564;0.806221;0
0;1.28713;0.78366;0
0;1.54221;0.823785;0
0;1.49469;0.816781;0
0;1.58235;0.829537;0
0;1.51528;0.819843;0
0;1.72925;0.849316;0
0;1.6668;0.841149;0
0;1.27563;0.781705;0
0;1.55553;0.825711;0
0;1.53658;0.822967;0
0;1.57721;0.828809;0
0;1.61727;0.834418;0
0;1.42167;0.8056;0
0;1.30921;0.787382;0
0;1.50127;0.817764;0
0;1.09961;0.750188;0
0;1.73687;0.850289;0
0;1.4613;0.811731;0
0;1.56453;0.827003;0
0;1.2188;0.771852;0
0;1.37607;0.798358;0
0;1.54762;0.82457;0
0;0.780219;0.685727;0
0;1.49889;0.817408;0
0;1.44569;0.809334;0
0;1.53734;0.823078;0
0;1.54338;0.823956;0
0;1.58392;0.829759;0
0;1.35236;0.794514;0
0;1.28374;0.783085;0
0;1.79257;0.857242;0
0;1.05538;0.741806;0
0;1.23501;0.774694;0
0;1.22692;0.773279;0
0;1.19905;0.768355;0
0;1.46004;0.811539;0
0;1.39959;0.802118;0
0;1.54526;0.824228;0
0;1.28469;0.783248;0
0;1.60543;0.832775;0
0;1.43519;0.807708;0
0;1.12964;0.755772;0
0;1.61653;0.834316;0
0;1.73504;0.850056;0
0;1.6886;0.84404;0
0;1.50153;0.817803;0
0;1.40576;0.803096;0
0;1.6201;0.834809;0
0;1.49577;0.816943;0
0;1.33843;0.792232;0
0;1.39666;0.801653;0
0;1.5081;0.81878;0
0;1.31388;0.788161;0
0;1.3623;0.796133;0
0;1.32538;0.790075;0
0;1.56298;0.826781;0
0;1.3985;0.801946;0
0;1.17984;0.764919;0
0;1.26531;0.779939;0
0;1.75473;0.852549;0
0;1.28212;0.78281;0
0;1.46753;0.812681;0
0;1.50883;0.818888;0
0;1.54655;0.824415;0
0;1.22644;0.773195;0
0;1.39903;0.80203;0
0;1.30309;0.786355;0
0;1.03383;0.737657;0
0;1.7577;0.852921;0
0;1.31693;0.78867;0
0;1.25833;0.778739;0
0;1.57806;0.82893;0
0;1.04479;0.739772;0
0;1.38123;0.799188;0
0;1.25994;0.779016;0
0;1.66855;0.841383;0
0;0.782171;0.686148;0
0;0.863618;0.703416;0
0;1.78405;0.856196;0
0;1.35415;0.794808;0
0;1.43851;0.808224;0
0;1.18022;0.764987;0
0;0.863374;0.703365;0
0;1.59675;0.831563;0
0;1.42091;0.80548;0
0;1.62263;0.835158;0
0;1.47613;0.813988;0
0;1.29156;0.784411;0
0;1.28613;0.783492;0
0;1.43761;0.808085;0
0;1.39409;0.801244;0
0;1.06146;0.742969;0
0;1.37342;0.797932;0
0;0.978278;0.726766;0
0;1.48855;0.815861;0
0;1.23448;0.774602;0
0;1.63545;0.836915;0
0;1.30845;0.787254;0
0;1.00002;0.731062;0
0;1.3053;0.786726;0
0;1.3432;0.793016;0
0;1.66306;0.840648;0
0;1.13881;0.757462;0
0;1.16076;0.761471;0
0;1.04329;0.739484;0
0;1.69262;0.844568;0
0;1.30814;0.787202;0
0;1.33015;0.790866;0
0;1.69993;0.845526;0
0;1.81722;0.860232;0
0;1.57284;0.828189;0
0;1.56074;0.82646;0
0;1.05605;0.741934;0
0;1.5534;0.825404;0
0;1.20527;0.769461;0
0;1.51284;0.819481;0
0;1.54629;0.824377;0
0;1.28832;0.783862;0
0;1.17263;0.76362;0
0;2.00918;0.881757;0
0;1.83371;0.862203;0
0;1.74308;0.851078;0
0;2.00681;0.88151;0
0;1.80898;0.859239;0
0;1.62614;0.83564;0
0;2.07329;0.88828;0
0;1.34335;0.79304;0
0;1.78873;0.856772;0
0;2.10962;0.891835;0
0;1.84318;0.863324;0
0;1.56397;0.826922;0
0;1.50858;0.818851;0
0;2.01477;0.882339;0
0;1.9449;0.874889;0
0;1.89802;0.869667;0
0;1.8297;0.861726;0
0;2.12114;0.892941;0
0;1.93096;0.873355;0
0;1.8412;0.86309;0
0;1.87145;0.866626;0
0;1.95469;0.875957;0
0;1.44934;0.809897;0
0;2.23441;0.903298;0
0;1.78242;0.855995;0
0;1.86106;0.865421;0
0;1.47771;0.814226;0
0;1.67809;0.842652;0
0;1.70183;0.845773;0
0;1.65774;0.839934;0
0;1.58973;0.830578;0
0;1.54045;0.82353;0
0;1.4981;0.817292;0
0;1.50803;0.81877;0
0;1.7853;0.856351;0
0;1.61849;0.834586;0
0;1.69574;0.844977;0
0;1.80985;0.859344;0
0;1.82829;0.861558;0
0;1.80055;0.858216;0
0;2.20584;0.900772;0
0;1.62559;0.835565;0
0;1.57207;0.828078;0
0;1.82394;0.861038;0
0;1.57851;0.828994;0
0;1.75802;0.852961;0
0;1.96135;0.876679;0
0;2.06314;0.887269;0
0;1.78465;0.85627;0
0;1.6979;0.845261;0
0;1.5922;0.830926;0
0;1.45497;0.810761;0
0;1.63889;0.837384;0
0;1.58533;0.829958;0
0;1.60088;0.832141;0
0;1.58026;0.829241;0
0;1.58999;0.830615;0
0;1.48372;0.815133;0
0;1.75325;0.852362;0
0;1.71134;0.84701;0
0;1.42194;0.805642;0
0;1.77512;0.855093;0
0;1.91448;0.871522;0
0;1.22291;0.772576;0
0;1.95527;0.87602;0
0;1.69141;0.844409;0
0;1.89752;0.86961;0
0;1.73945;0.850617;0
0;1.67179;0.841815;0
0;1.6816;0.843116;0
0;1.73212;0.849684;0
0;1.70713;0.846464;0
0;1.48905;0.815936;0
0;1.80921;0.859267;0
0;1.66438;0.840825;0
0;1.55831;0.826111;0
0;1.53649;0.822954;0
0;1.77391;0.854943;0
0;1.60744;0.833056;0
0;1.61706;0.83439;0
0;1.59976;0.831985;0
0;1.44723;0.809571;0
0;1.61514;0.834123;0
0;1.37487;0.798166;0
0;1.52768;0.821666;0
0;1.53164;0.822247;0
0;1.69884;0.845384;0
0;1.60544;0.832777;0
0;1.7425;0.851004;0
0;1.59206;0.830905;0
0;1.5994;0.831935;0
0;1.53395;0.822583;0
0;1.69872;0.845368;0
0;1.50758;0.818702;0
0;1.87796;0.867377;0
0;1.52365;0.821075;0
0;1.3955;0.801469;0
0;1.70489;0.846173;0
0;1.72424;0.848674;0
0;1.66226;0.840541;0
0;1.35697;0.795266;0
0;1.63681;0.837101;0
0;1.79302;0.857298;0
0;1.54013;0.823484;0
0;1.53382;0.822565;0
0;1.60832;0.833178;0
0;1.58506;0.82992;0
0;1.59479;0.831288;0
0;1.57919;0.82909;0
0;1.59952;0.831952;0
0;1.60677;0.832962;0
0;1.58539;0.829966;0
0;1.59925;0.831913;0
0;1.77647;0.855261;0
0;1.62815;0.835916;0
0;1.58897;0.830471;0
0;1.58275;0.829593;0
0;1.56934;0.827689;0
0;1.59776;0.831704;0
0;1.56801;0.8275;0
0;1.69273;0.844583;0
0;1.55072;0.825018;0
0;1.72924;0.849316;0
0;1.64132;0.837714;0
0;1.45484;0.810743;0
0;1.73957;0.850632;0
0;1.53922;0.823351;0
0;1.63567;0.836945;0
0;1.6526;0.839242;0
0;1.60539;0.832771;0
0;1.65127;0.839063;0
0;1.62672;0.83572;0
0;1.64825;0.838655;0
0;1.6098;0.833384;0
0;1.51249;0.81943;0
0;1.75821;0.852986;0
0;1.52603;0.821425;0
0;1.66466;0.840862;0
0;1.46531;0.812344;0
0;1.51541;0.819862;0
0;1.651;0.839026;0
0;1.48857;0.815863;0
0;1.79715;0.857801;0
0;0.824771;0.695248;0
0;0.873755;0.705526;0
0;0.849339;0.700428;0
0;0.935734;0.718237;0
0;1.11213;0.752527;0
0;0.996489;0.730368;0
0;0.865825;0.703876;0
0;0.370208;0.591509;0
0;0.634466;0.653501;0
0;0.789647;0.687755;0
0;0.695121;0.667105;0
0;1.10088;0.750425;0
0;0.990284;0.729144;0
0;0.775706;0.684754;0
0;0.995665;0.730205;0
0;0.687446;0.665399;0
0;0.855611;0.701743;0
0;0.871556;0.705069;0
0;1.07026;0.744647;0
0;0.913195;0.713653;0
0;0.68184;0.664149;0
0;0.718071;0.672182;0
0;1.27848;0.782191;0
0;0.921214;0.715289;0
0;0.71959;0.672517;0
0;0.865934;0.703899;0
0;1.31516;0.788376;0
0;0.794572;0.688812;0
0;1.12252;0.754456;0
0;0.774742;0.684546;0
0;0.862831;0.703252;0
0;1.21394;0.770995;0
0;0.96238;0.723598;0
0;1.07045;0.744683;0
0;0.902657;0.711495;0
0;1.07037;0.744668;0
0;0.966932;0.724508;0
0;1.18593;0.766013;0
0;1.07612;0.745759;0
0;1.1751;0.764066;0
0;0.943005;0.719706;0
0;0.606299;0.647096;0
0;1.25858;0.778781;0
0;1.27783;0.78208;0
0;1.05131;0.741026;0
0;1.04941;0.740662;0
0;1.15819;0.761005;0
0;0.86601;0.703915;0
0;1.17402;0.763871;0
0;1.21313;0.770852;0
0;1.17462;0.76398;0
0;0.51375;0.625685;0
0;0.772675;0.684099;0
0;0.565265;0.63767;0
0;1.09708;0.749712;0
0;1.00628;0.732291;0
0;0.835296;0.697474;0
0;1.2281;0.773486;0
0;0.791184;0.688085;0
0;1.01923;0.734822;0
0;1.3424;0.792885;0
0;1.16372;0.762008;0
0;1.11631;0.753304;0
0;1.29091;0.784301;0
0;0.907511;0.712491;0
0;1.34446;0.793223;0
0;0.783805;0.6865;0
0;0.965252;0.724172;0
0;0.918323;0.7147;0
0;0.957226;0.722566;0
0;1.14126;0.757911;0
0;1.8395;0.86289;0
0;2.00559;0.881383;0
0;1.91591;0.871681;0
0;1.91545;0.871631;0
0;1.61038;0.833464;0
0;1.96783;0.877378;0
0;1.80777;0.859093;0
0;1.70587;0.846299;0
0;1.90298;0.870228;0
0;1.89869;0.869743;0
0;1.82248;0.860864;0
0;1.91392;0.871458;0
0;1.66233;0.840551;0
0;1.73112;0.849555;0
0;1.96121;0.876663;0
0;2.09831;0.890739;0
0;1.99667;0.880447;0
0;2.01642;0.88251;0
0;1.84127;0.863098;0
0;2.04903;0.88585;0
0;2.01352;0.882209;0
0;1.68984;0.844203;0
0;1.81613;0.860101;0
0;1.92861;0.873096;0
0;1.88992;0.868747;0
0;2.04706;0.88565;0
0;1.74896;0.851821;0
0;1.93223;0.873496;0
0;2.03893;0.884825;0
0;2.08025;0.888969;0
0;2.01696;0.882566;0
0;1.7749;0.855066;0
0;1.86368;0.865725;0
0;1.68448;0.843496;0
0;2.07382;0.888332;0
0;1.85753;0.865008;0
0;1.9945;0.880219;0
0;2.06219;0.887174;0
0;2.03956;0.884889;0
0;1.72212;0.848402;0
0;1.61529;0.834145;0
0;1.73841;0.850485;0
0;1.44961;0.809939;0
0;1.95264;0.875734;0
0;1.97484;0.87813;0
0;1.72632;0.848942;0
0;1.7622;0.853485;0
0;1.78434;0.856231;0
0;1.84353;0.863366;0
0;1.83255;0.862065;0
0;1.79253;0.857237;0
0;1.99705;0.880487;0
0;1.70871;0.846669;0
0;2.00498;0.881319;0
0;1.97832;0.878502;0
0;1.55516;0.825658;0
0;1.69617;0.845034;0
0;1.85626;0.864861;0
0;1.89414;0.869227;0
0;1.9596;0.87649;0
0;1.81042;0.859412;0
0;1.75399;0.852455;0
0;1.78662;0.856512;0
0;1.79419;0.85744;0
0;1.78057;0.855767;0
0;2.05183;0.886132;0
0;1.86433;0.865801;0
0;1.89586;0.869422;0
0;1.58746;0.830258;0
0;1.73287;0.849779;0
0;1.81322;0.85975;0
0;1.89667;0.869515;0
0;2.06606;0.88756;0
0;2.04137;0.885073;0
0;1.8876;0.868482;0
0;1.87305;0.866811;0
0;1.95487;0.875977;0
0;1.90512;0.87047;0
0;1.91931;0.872062;0
0;1.61625;0.834277;0
0;1.79743;0.857835;0
0;1.81453;0.859909;0
0;1.9472;0.875141;0
0;1.79559;0.857611;0
0;1.66508;0.840919;0
0;2.04316;0.885255;0
0;1.84183;0.863165;0
0;1.8176;0.860278;0
0;1.94422;0.874815;0
0;1.61703;0.834385;0
0;1.95538;0.876033;0
0;1.66412;0.840791;0
0;1.92362;0.872541;0
0;1.74982;0.85193;0
0;1.66398;0.840771;0
0;1.75073;0.852045;0
0;1.87035;0.866499;0
0;1.79197;0.857168;0
0;1.56801;0.8275;0
0;2.12249;0.89307;0
0;2.13352;0.894118;0
0;1.8909;0.868858;0
0;1.77985;0.855678;0
0;1.78244;0.855998;0
0;1.68531;0.843607;0
0;1.78816;0.856701;0
0;1.68359;0.843379;0
0;2.04036;0.88497;0
0;1.56454;0.827004;0
0;2.0182;0.882694;0
0;1.71349;0.847288;0
0;1.80819;0.859143;0
0;2.08907;0.889836;0
0;1.99603;0.880379;0
0;1.79385;0.857399;0
0;1.78884;0.856785;0
0;1.91744;0.871852;0
0;1.91312;0.871369;0
0;1.80267;0.858474;0
0;1.88968;0.868719;0
0;1.87169;0.866653;0
0;1.81549;0.860024;0
0;1.86861;0.866298;0
0;1.55407;0.825501;0
0;1.83591;0.862464;0
0;1.76993;0.854449;0
0;1.84247;0.86324;0
0;1.91643;0.87174;0
0;1.42765;0.806535;0
0;1.86855;0.866291;0
0;1.74758;0.851647;0
0;1.56454;0.827004;0
0;1.75108;0.852089;0
0;1.60707;0.833005;0
0;1.55975;0.826317;0
0;1.70165;0.84575;0
0;1.49638;0.817035;0
0;1.55955;0.826289;0
0;1.86677;0.866084;0
0;1.57937;0.829115;0
0;1.72333;0.848558;0
0;1.74772;0.851665;0
0;1.45434;0.810665;0
0;1.53068;0.822105;0
0;1.60523;0.832748;0
0;1.40739;0.803355;0
0;1.76958;0.854406;0
0;1.66551;0.840976;0
0;1.61086;0.833531;0
0;1.73905;0.850566;0
0;1.52397;0.821122;0
0;1.32159;0.789446;0
0;1.65329;0.839336;0
0;1.66671;0.841137;0
0;1.54131;0.823655;0
0;1.69209;0.844499;0
0;1.81912;0.86046;0
0;1.75646;0.852766;0
0;1.75277;0.852302;0
0;1.71085;0.846947;0
0;1.53489;0.822721;0
0;1.75847;0.853017;0
0;1.56297;0.826779;0
0;1.16246;0.76178;0
0;1.72959;0.84936;0
0;1.9836;0.879065;0
0;1.8525;0.86442;0
0;2.17867;0.898318;0
0;1.26007;0.779038;0
0;1.70981;0.846812;0
0;1.53353;0.822523;0
0;1.63952;0.83747;0
0;1.65642;0.839756;0
0;1.93595;0.873907;0
0;1.84856;0.863958;0
0;1.55738;0.825976;0
0;1.63808;0.837273;0
0;1.84023;0.862976;0
0;1.48831;0.815824;0
0;1.96017;0.876552;0
0;1.49669;0.817081;0
0;1.74578;0.85142;0
0;2.08573;0.889508;0
0;1.63248;0.836509;0
0;1.90737;0.870724;0
0;2.07895;0.88884;0
0;1.92129;0.872282;0
0;1.71799;0.84787;0
0;1.67296;0.84197;0
0;1.79015;0.856946;0
0;1.62478;0.835453;0
0;1.93785;0.874116;0
0;1.92912;0.873152;0
0;1.3923;0.800959;0
0;1.74795;0.851695;0
0;1.82766;0.861483;0
0;1.78771;0.856646;0
0;1.82357;0.860994;0
0;1.18995;0.766731;0
0;1.45789;0.81121;0
0;1.89248;0.869038;0
0;1.85207;0.864369;0
0;1.77131;0.854621;0
0;1.54811;0.824641;0
0;1.98927;0.879666;0
0;1.842;0.863185;0
0;1.73422;0.849951;0
0;1.94236;0.874612;0
0;1.78929;0.85684;0
0;1.84859;0.863961;0
0;1.74892;0.851817;0
0;1.70506;0.846195;0
0;1.93597;0.873909;0
0;1.97226;0.877853;0
0;1.66791;0.841298;0
0;2.27268;0.906589;0
0;2.33029;0.911355;0
0;1.53672;0.822988;0
0;1.99033;0.879778;0
0;1.8775;0.867324;0
0;2.17992;0.898431;0
0;1.68458;0.843511;0
0;2.0219;0.883077;0
0;2.04947;0.885894;0
0;1.89049;0.868811;0
0;2.08052;0.888995;0
0;2.06623;0.887578;0
0;1.57199;0.828067;0
0;2.07254;0.888205;0
0;1.81076;0.859453;0
0;2.13411;0.894174;0
0;2.01219;0.882072;0
0;1.96272;0.876827;0
0;2.04329;0.885268;0
0;1.97403;0.878043;0
0;1.94946;0.875387;0
0;1.94819;0.875249;0
0;1.8302;0.861786;0
0;1.87935;0.867536;0
0;1.89858;0.869731;0
0;2.01333;0.882189;0
0;1.96204;0.876754;0
0;1.94921;0.87536;0
0;1.97412;0.878052;0
0;2.24875;0.904543;0
0;2.02174;0.88306;0
0;1.87925;0.867525;0
0;1.88558;0.868251;0
0;2.02857;0.883764;0
0;1.86982;0.866437;0
0;2.2098;0.901126;0
0;1.9525;0.875719;0
0;2.00385;0.8812;0
0;2.01813;0.882688;0
0;1.87785;0.867364;0
0;1.81942;0.860497;0
0;1.85102;0.864246;0
0;1.80092;0.85826;0
0;1.96483;0.877055;0
0;2.36345;0.913997;0
0;1.96659;0.877244;0
0;2.0196;0.88284;0
0;1.763;0.853585;0
0;2.15453;0.896091;0
0;2.22977;0.902891;0
0;1.56796;0.827493;0
0;2.27862;0.90709;0
0;1.77916;0.855594;0
0;2.20195;0.900424;0
0;2.05762;0.886715;0
0;0.554017;0.635067;0
0;0.842743;0.699043;0
0;0.513315;0.625583;0
0;0.566849;0.638036;0
0;0.446234;0.609743;0
0;0.723765;0.673436;0
0;0.675653;0.662768;0
0;0.465609;0.614344;0
0;1.06655;0.74394;0
0;0.410155;0.601125;0
0;0.84792;0.700131;0
0;0.39727;0.598032;0
0;0.401398;0.599023;0
0;0.599994;0.645655;0
0;0.505483;0.623747;0
0;0.443802;0.609165;0
0;0.487436;0.619502;0
0;0.861012;0.702872;0
0;-0.231075;0.442487;1
0;0.631538;0.652838;0
0;0.310651;0.577044;0
0;0.369287;0.591287;0
0;0.855413;0.701701;0
0;0.507241;0.62416;0
0;0.248385;0.561779;0
0;0.513381;0.625599;0
0;0.802779;0.690569;0
0;0.273978;0.568069;0
0;0.564126;0.637407;0
0;0.396528;0.597853;0
0;0.241332;0.560042;0
0;0.710641;0.670543;0
0;0.728105;0.674389;0
0;0.641901;0.655183;0
0;-0.0266825;0.49333;1
0;0.748067;0.678757;0
0;0.61225;0.648454;0
0;0.404597;0.599792;0
0;0.467406;0.61477;0
0;0.620666;0.65037;0
0;0.29533;0.573301;0
0;0.623718;0.651064;0
0;0.260188;0.564683;0
0;0.563095;0.637168;0
0;0.506164;0.623907;0
0;0.928261;0.716722;0
0;0.416048;0.602537;0
0;0.50381;0.623354;0
0;0.400558;0.598822;0
0;0.630744;0.652658;0
0;0.695234;0.66713;0
0;0.910769;0.713158;0
0;0.796691;0.689266;0
0;0.920845;0.715214;0
0;0.737449;0.676438;0
0;0.505871;0.623838;0
0;0.404794;0.599839;0
0;0.970719;0.725263;0
1;-1.12398;0.245274;1
1;-1.74094;0.149193;1
1;-1.22954;0.226263;1
1;-1.13401;0.243421;1
1;-1.72693;0.15098;1
1;-1.45164;0.189749;1
1;-0.882146;0.292733;1
1;-1.05282;0.258685;1
1;-1.68847;0.155977;1
1;-1.80634;0.14108;1
1;-1.43583;0.192192;1
1;-1.13589;0.243076;1
1;-1.47499;0.186186;1
1;-1.56025;0.173611;1
1;-1.94443;0.125162;1
1;-1.68738;0.156121;1
1;-1.23439;0.225415;1
1;-1.33215;0.208805;1
1;-1.22338;0.227342;1
1;-1.64483;0.161809;1
1;-2.23926;0.0962801;1
1;-2.05655;0.113392;1
1;-1.31062;0.212382;1
1;-0.950816;0.278721;1
1;-1.70943;0.153238;1
1;-1.41798;0.194979;1
1;-1.30457;0.213397;1
1;-1.68365;0.156613;1
1;-1.25479;0.221872;1
1;-1.24086;0.224286;1
1;-1.77422;0.145019;1
1;-1.50184;0.182152;1
1;-1.83399;0.137764;1
1;-1.85782;0.134957;1
1;-1.63446;0.16322;1
1;-1.60849;0.166799;1
1;-1.7217;0.151653;1
1;-1.10233;0.249303;1
1;-1.69191;0.155524;1
1;-1.34133;0.207292;1
1;-1.26819;0.219567;1
1;-1.63751;0.162804;1
1;-1.7727;0.145207;1
1;-1.69303;0.155377;1
1;-0.886575;0.291817;1
1;-1.4777;0.185775;1
1;-1.67254;0.158086;1
1;-1.17767;0.235472;1
1;-1.94491;0.125109;1
1;-1.82701;0.138595;1
1;-1.4264;0.19366;1
1;-1.60736;0.166955;1
1;-1.4435;0.191003;1
1;-1.90094;0.130002;1
1;-0.979368;0.273017;1
1;-1.77584;0.144817;1
1;-1.67368;0.157934;1
1;-1.46306;0.188;1
1;-2.13733;0.105521;1
1;-1.75052;0.147982;1
1;-1.41772;0.195019;1
1;-1.47988;0.185446;1
1;-1.28226;0.217165;1
1;-2.04264;0.114798;1
1;-1.74745;0.148369;1
1;-1.08656;0.252267;1
1;-1.38136;0.200791;1
1;-1.12584;0.244929;1
1;-1.46217;0.188136;1
1;-1.37098;0.202462;1
1;-1.79618;0.142317;1
1;-1.82427;0.138922;1
1;-1.56315;0.173195;1
1;-1.85402;0.135401;1
1;-1.90237;0.12984;1
1;-0.780446;0.314224;1
1;-1.98937;0.120324;1
1;-2.02938;0.116152;1
1;-1.76421;0.146264;1
1;-1.32875;0.209366;1
1;-1.27743;0.217988;1
1;-0.98976;0.270959;1
1;-1.6222;0.164902;1
1;-1.54791;0.175389;1
1;-1.41675;0.195171;1
1;-1.47026;0.186903;1
1;-1.20778;0.230093;1
1;-2.04038;0.115028;1
1;-1.68299;0.1567;1
1;-0.755237;0.319681;1
1;-1.69534;0.155074;1
1;-1.27337;0.218681;1
1;-0.972014;0.274479;1
1;-2.02736;0.116361;1
1;-1.55368;0.174556;1
1;-2.07956;0.111099;1
1;-1.63674;0.162909;1
1;-2.17566;0.101957;1
1;-1.2476;0.223116;1
1;-1.84075;0.136963;1
1;-1.1491;0.240654;1
1;-1.21547;0.228735;1
1;-2.27084;0.0935667;1
1;-1.6621;0.15948;1
1;-1.90433;0.129619;1
1;-1.51751;0.179828;1
1;-1.42672;0.19361;1
1;-1.92167;0.127676;1
1;-1.65546;0.160372;1
1;-1.29685;0.214696;1
1;-1.54641;0.175605;1
1;-1.56515;0.172908;1
1;-2.21669;0.0982616;1
1;-0.893274;0.290435;1
1;-1.63239;0.163503;1
1;-1.83817;0.137268;1
1;-2.02366;0.116741;1
1;-0.648096;0.343419;1
1;-1.40409;0.197168;1
1;-1.13438;0.243354;1
1;-1.26189;0.220649;1
1;-1.22591;0.226899;1
1;-2.6412;0.0665333;1
1;-1.77398;0.145048;1
1;-1.6967;0.154897;1
1;-1.46302;0.188006;1
1;-1.94229;0.125396;1
1;-0.995129;0.2699;1
1;-2.07735;0.111318;1
1;-1.49625;0.182986;1
1;-1.74692;0.148437;1
1;-0.858026;0.297752;1
1;-1.22727;0.22666;1
1;-1.85785;0.134954;1
1;-1.22844;0.226455;1
1;-1.19015;0.233231;1
1;-1.40613;0.196845;1
1;-1.57237;0.171879;1
1;-1.06735;0.255907;1
1;-1.15836;0.238965;1
1;-0.919312;0.285098;1
1;-1.15397;0.239765;1
1;-0.923484;0.284249;1
1;-1.37487;0.201834;1
1;-1.375;0.201814;1
1;-1.35089;0.205724;1
1;-1.7484;0.148249;1
1;-1.06971;0.255459;1
1;-1.12539;0.245013;1
1;-1.62683;0.164265;1
1;-0.942383;0.280419;1
1;-0.98756;0.271394;1
1;-1.36179;0.203949;1
1;-2.07265;0.111784;1
1;-1.41405;0.195595;1
1;-1.33363;0.208559;1
1;-1.85972;0.134735;1
1;-1.90584;0.129449;1
1;-1.47107;0.186781;1
1;-1.54695;0.175527;1
1;-1.87985;0.132406;1
1;-1.0697;0.255461;1
1;-1.11522;0.246898;1
1;-1.70071;0.154372;1
1;-1.32641;0.209754;1
1;-1.17297;0.236318;1
1;-1.67601;0.157625;1
1;-1.83999;0.137053;1
1;-1.02337;0.264371;1
1;-1.7749;0.144934;1
1;-1.86696;0.133894;1
1;-1.4869;0.184388;1
1;-1.47725;0.185844;1
1;-1.58214;0.170492;1
1;-1.82996;0.138243;1
1;-0.908031;0.287403;1
1;-0.883189;0.292517;1
1;-1.68608;0.156293;1
1;-1.13134;0.243914;1
1;-1.36694;0.203114;1
1;-1.27323;0.218705;1
1;-1.13235;0.243727;1
1;-0.781123;0.314078;1
1;-0.806161;0.308709;1
1;-0.772047;0.316036;1
1;-1.58675;0.169842;1
1;-1.36909;0.202767;1
1;-1.4187;0.194865;1
1;-1.27037;0.219194;1
1;-1.325;0.209988;1
1;-1.41047;0.19616;1
1;-1.28303;0.217035;1
1;-1.60086;0.167862;1
1;-1.14817;0.240824;1
1;-1.49453;0.183242;1
1;-1.20719;0.230198;1
1;-1.42226;0.194308;1
1;-2.18422;0.101176;1
1;-0.745648;0.32177;1
1;-1.23705;0.224949;1
1;-1.31168;0.212206;1
1;-1.4633;0.187962;1
1;-1.29816;0.214476;1
1;-1.64185;0.162213;1
1;-1.47303;0.186483;1
1;-1.66013;0.159745;1
1;-1.7673;0.145878;1
1;-1.69304;0.155377;1
1;-1.53841;0.176766;1
1;-1.45929;0.188577;1
1;-1.79362;0.142629;1
1;-1.00738;0.267493;1
1;-1.42986;0.19312;1
1;-1.41588;0.195308;1
1;-1.3378;0.207873;1
1;-1.81738;0.139748;1
1;-1.25515;0.22181;1
1;-1.45991;0.188481;1
1;-1.35687;0.20475;1
1;-1.1933;0.232669;1
1;-1.19455;0.232446;1
1;-1.82483;0.138856;1
1;-1.35243;0.205473;1
1;-1.65889;0.159912;1
1;-1.47143;0.186726;1
1;-1.25044;0.222624;1
1;-1.64343;0.161999;1
1;-1.14959;0.240563;1
1;-1.62647;0.164314;1
1;-1.81436;0.140113;1
1;-1.1538;0.239795;1
1;-1.59527;0.168644;1
1;-1.51594;0.18006;1
1;-1.13796;0.242694;1
1;-2.1053;0.108582;1
1;-1.45195;0.189702;1
1;-1.38552;0.200123;1
1;-2.24861;0.0954691;1
1;-1.76452;0.146226;1
1;-1.84812;0.136094;1
1;-1.67508;0.157748;1
1;-1.18757;0.233694;1
1;-1.38527;0.200164;1
1;-1.2253;0.227004;1
1;-0.975621;0.273761;1
1;-1.27179;0.218952;1
1;-1.38255;0.2006;1
1;-1.96365;0.123072;1
1;-1.33878;0.20771;1
1;-1.46144;0.188247;1
1;-1.8123;0.14036;1
1;-1.41164;0.195976;1
1;-1.66764;0.158738;1
1;-1.00074;0.268795;1
1;-1.32562;0.209885;1
1;-1.27572;0.21828;1
1;-1.3543;0.205169;1
1;-1.56166;0.173408;1
1;-1.62929;0.163928;1
1;-1.91673;0.128226;1
1;-2.35688;0.0865203;1
1;-2.20748;0.0990809;1
1;-1.57645;0.171299;1
1;-1.94706;0.124874;1
1;-2.43509;0.0805355;1
1;-1.2483;0.222995;1
1;-1.65389;0.160583;1
1;-1.9455;0.125045;1
1;-2.63104;0.0671671;1
1;-1.33669;0.208055;1
1;-1.38257;0.200597;1
1;-1.54485;0.175831;1
1;-1.63655;0.162936;1
1;-2.29773;0.0913112;1
1;-1.86107;0.134578;1
1;-1.0293;0.263219;1
1;-1.68105;0.156957;1
1;-2.1809;0.101479;1
1;-2.09918;0.109176;1
1;-1.26012;0.220953;1
1;-1.90533;0.129506;1
1;-1.97142;0.122236;1
1;-1.11589;0.246775;1
1;-1.22094;0.227772;1
1;-1.34953;0.205948;1
1;-1.66462;0.159143;1
1;-1.61441;0.165977;1
1;-2.63715;0.0667852;1
1;-2.3025;0.0909161;1
1;-0.999278;0.269083;1
1;-1.42722;0.193533;1
1;-1.25082;0.222559;1
1;-1.24159;0.22416;1
1;-1.51441;0.180286;1
1;-1.43955;0.191615;1
1;-2.52587;0.0740645;1
1;-1.63919;0.162576;1
1;-0.994054;0.270112;1
1;-1.75093;0.14793;1
1;-1.77998;0.144305;1
1;-1.87098;0.133428;1
1;-1.9587;0.123607;1
1;-1.42233;0.194297;1
1;-1.28971;0.215902;1
1;-1.23055;0.226085;1
1;-2.2963;0.09143;1
1;-1.19135;0.233018;1
1;-1.63059;0.16375;1
1;-2.0676;0.112286;1
1;-1.25865;0.221207;1
1;-2.34951;0.0871048;1
1;-1.47057;0.186856;1
1;-1.74775;0.148332;1
1;-1.32952;0.209239;1
1;-1.72075;0.151775;1
1;-1.48446;0.184755;1
1;-1.35521;0.205021;1
1;-1.41627;0.195247;1
1;-1.64913;0.161227;1
1;-1.2819;0.217227;1
1;-1.40721;0.196674;1
1;-1.13224;0.243749;1
1;-0.70568;0.330554;1
1;-1.67329;0.157986;1
1;-1.31689;0.211336;1
1;-1.79289;0.142719;1
1;-1.1982;0.231795;1
1;-1.82529;0.138801;1
1;-1.49258;0.183534;1
1;-1.32731;0.209604;1
1;-1.24787;0.223069;1
1;-1.0644;0.25647;1
1;-1.7356;0.149873;1
1;-1.53243;0.177639;1
1;-1.81085;0.140535;1
1;-1.21474;0.228864;1
1;-1.43127;0.192901;1
1;-0.88294;0.292569;1
1;-1.56628;0.172747;1
1;-2.05641;0.113406;1
1;-1.5019;0.182142;1
1;-0.97063;0.274755;1
1;-1.68768;0.156081;1
1;-1.50885;0.18111;1
1;-0.741634;0.322647;1
1;-1.36425;0.203551;1
1;-1.92418;0.127396;1
1;-1.91525;0.128392;1
1;-1.61318;0.166148;1
1;-1.41958;0.194727;1
1;-0.939728;0.280955;1
1;-1.92729;0.12705;1
1;-0.984502;0.271999;1
1;-1.12578;0.24494;1
1;-1.44675;0.190502;1
1;-1.61654;0.165683;1
1;-1.3356;0.208234;1
1;-1.20149;0.231211;1
1;-1.55684;0.174101;1
1;-1.24919;0.22284;1
1;-1.51243;0.180579;1
1;-1.36151;0.203994;1
1;-1.71578;0.152416;1
1;-1.44123;0.191355;1
1;-1.85246;0.135584;1
1;-0.840635;0.301401;1
1;-1.12453;0.245172;1
1;-1.55158;0.174858;1
1;-1.71085;0.153054;1
1;-1.9195;0.127917;1
1;-1.42241;0.194284;1
1;-1.83327;0.13785;1
1;-1.47097;0.186795;1
1;-1.57081;0.172101;1
1;-0.757727;0.31914;1
1;-1.36086;0.204101;1
1;-1.81545;0.139981;1
1;-1.59885;0.168142;1
1;-1.78232;0.144017;1
1;-1.55793;0.173943;1
1;-1.30029;0.214116;1
1;-1.76265;0.146458;1
1;-1.26381;0.22032;1
1;-1.56673;0.172682;1
1;-1.1617;0.238358;1
1;-1.51237;0.180588;1
1;-1.79036;0.143028;1
1;-1.10198;0.24937;1
1;-1.3878;0.199759;1
1;-1.65828;0.159994;1
1;-1.37398;0.201978;1
1;-1.36487;0.20345;1
1;-1.79599;0.14234;1
1;-1.50612;0.181515;1
1;-1.51192;0.180655;1
1;-2.02358;0.11675;1
1;-1.02785;0.263501;1
1;-1.23103;0.226002;1
1;-0.986168;0.27167;1
1;-1.22037;0.227871;1
1;-1.2487;0.222925;1
1;-1.53709;0.176958;1
1;-1.3977;0.198181;1
1;-1.11278;0.247354;1
1;-1.29216;0.215488;1
1;-1.22093;0.227773;1
1;-1.85047;0.135818;1
1;-1.52802;0.178284;1
1;-1.45339;0.18948;1
1;-1.60614;0.167125;1
1;-1.14628;0.24117;1
1;-1.44088;0.191409;1
1;-0.966189;0.275641;1
1;-0.997206;0.269491;1
1;-0.613938;0.351161;1
1;-0.801496;0.309706;1
1;-1.24211;0.224068;1
1;-1.25425;0.221965;1
1;-0.890082;0.291093;1
1;-0.999368;0.269066;1
1;-0.978255;0.273238;1
1;-1.24296;0.22392;1
1;-1.35145;0.205634;1
1;-0.349767;0.413439;1
1;-1.20239;0.23105;1
1;-0.918558;0.285252;1
1;-1.45425;0.189348;1
1;-1.46563;0.187607;1
1;-1.19494;0.232376;1
1;-0.708419;0.329948;1
1;-1.13976;0.242365;1
1;-1.71075;0.153067;1
1;-1.0709;0.255232;1
1;-1.08113;0.253292;1
1;-1.35182;0.205573;1
1;-1.16771;0.237269;1
1;-1.19746;0.231927;1
1;-0.993506;0.27022;1
1;-1.00316;0.26832;1
1;-1.02559;0.26394;1
1;-1.37235;0.202241;1
1;-1.09231;0.251184;1
1;-1.05796;0.257699;1
1;-1.30401;0.213491;1
1;-1.32512;0.209969;1
1;-1.46665;0.187453;1
1;-1.29317;0.215317;1
1;-1.08844;0.251912;1
1;-1.06543;0.256273;1
1;-1.00914;0.267148;1
1;-1.16743;0.23732;1
1;-0.798817;0.310279;1
1;-0.659015;0.340961;1
1;-1.44914;0.190134;1
1;-1.52666;0.178483;1
1;-0.764399;0.317692;1
1;-1.04624;0.259949;1
1;-1.12263;0.245524;1
1;-0.914958;0.285986;1
1;-1.18226;0.234646;1
1;-1.45184;0.189718;1
1;-1.64647;0.161586;1
1;-0.837675;0.302025;1
1;-0.65794;0.341202;1
1;-1.12968;0.244221;1
1;-1.00305;0.268343;1
1;-1.18932;0.23338;1
1;-0.661515;0.340399;1
1;-1.00442;0.268073;1
1;-1.47723;0.185846;1
1;-1.04022;0.261107;1
1;-1.57168;0.171977;1
1;-1.42389;0.194052;1
1;-1.09449;0.250774;1
1;-1.28906;0.216012;1
1;-1.25932;0.221091;1
1;-1.59727;0.168364;1
1;-1.45538;0.189175;1
1;-1.56527;0.172892;1
1;-1.30213;0.213807;1
1;-1.3889;0.199583;1
1;-1.6415;0.162261;1
1;-1.69796;0.154731;1
1;-1.53202;0.177698;1
1;-1.7912;0.142926;1
1;-1.46122;0.18828;1
1;-1.66597;0.158963;1
1;-1.61578;0.165788;1
1;-1.86624;0.133978;1
1;-1.76698;0.145919;1
1;-1.50719;0.181356;1
1;-0.695278;0.33286;1
1;-1.79298;0.142708;1
1;-1.26912;0.219407;1
1;-1.77351;0.145107;1
1;-1.49233;0.183573;1
1;-1.85745;0.135;1
1;-1.32375;0.210196;1
1;-1.78182;0.144078;1
1;-1.35271;0.205428;1
1;-2.03002;0.116087;1
1;-1.50239;0.18207;1
1;-1.79732;0.142178;1
1;-0.826408;0.304405;1
1;-1.78873;0.143228;1
1;-1.63803;0.162733;1
1;-1.41504;0.19544;1
1;-1.3535;0.205298;1
1;-1.25491;0.221851;1
1;-1.44571;0.190662;1
1;-1.77064;0.145462;1
1;-1.69325;0.155349;1
1;-1.57693;0.171231;1
1;-1.93167;0.126566;1
1;-1.08362;0.252821;1
1;-1.76249;0.146479;1
1;-0.675885;0.33718;1
1;-1.58007;0.170786;1
1;-1.45407;0.189376;1
1;-1.4379;0.19187;1
1;-1.755;0.147417;1
1;-1.57507;0.171494;1
1;-1.59491;0.168694;1
1;-1.39832;0.198083;1
1;-1.76277;0.146443;1
1;-1.25929;0.221096;1
1;-1.21916;0.228084;1
1;-1.6209;0.165081;1
1;-0.907368;0.287539;1
1;-1.55861;0.173846;1
1;-2.08579;0.110486;1
1;-1.22462;0.227125;1
1;-1.43706;0.192;1
1;-1.6656;0.159012;1
1;-1.60959;0.166646;1
1;-1.43578;0.1922;1
1;-2.0639;0.112655;1
1;-1.25699;0.221493;1
1;-2.11947;0.107219;1
1;-1.81295;0.140282;1
1;-1.51436;0.180293;1
1;-1.35869;0.204454;1
1;-1.43314;0.192609;1
1;-1.52625;0.178543;1
1;-1.3317;0.208878;1
1;-1.33764;0.207898;1
1;-0.918392;0.285286;1
1;-1.29392;0.21519;1
1;-1.43605;0.192157;1
1;-1.64529;0.161747;1
1;-1.92923;0.126836;1
1;-1.1311;0.243958;1
1;-1.49698;0.182877;1
1;-1.9475;0.124827;1
1;-1.5067;0.181429;1
1;-1.631;0.163693;1
1;-1.37116;0.202432;1
1;-1.99567;0.119659;1
1;-1.38544;0.200136;1
1;-0.851082;0.299206;1
1;-1.36465;0.203486;1
1;-0.998925;0.269153;1
1;-1.97956;0.121366;1
1;-1.81636;0.139871;1
1;-1.63441;0.163227;1
1;-1.5239;0.178889;1
1;-1.08279;0.252978;1
1;-1.81825;0.139644;1
1;-1.25998;0.220978;1
1;-1.32962;0.209222;1
1;-1.2288;0.226392;1
1;-1.8014;0.141681;1
1;-1.67972;0.157132;1
1;-1.17233;0.236435;1
1;-1.44198;0.191238;1
1;-1.73641;0.149769;1
1;-1.08049;0.253413;1
1;-1.05845;0.257606;1
1;-1.597;0.168401;1
1;-1.54063;0.176444;1
1;-1.52645;0.178514;1
1;-1.30554;0.213234;1
1;-1.32308;0.210307;1
1;-1.60066;0.16789;1
1;-1.00965;0.267048;1
1;-1.32993;0.209171;1
1;-1.40155;0.197571;1
1;-0.869133;0.295435;1
1;-1.41771;0.195021;1
1;-1.16819;0.237182;1
1;-1.15531;0.23952;1
1;-0.881399;0.292888;1
1;-1.29557;0.214911;1
1;-1.30459;0.213393;1
1;-1.67775;0.157394;1
1;-1.22113;0.227738;1
1;-1.62625;0.164344;1
1;-1.27417;0.218544;1
1;-1.45956;0.188534;1
1;-1.36066;0.204134;1
1;-1.00399;0.268157;1
1;-1.63171;0.163597;1
1;-1.45179;0.189727;1
1;-1.67546;0.157697;1
1;-1.04701;0.2598;1
1;-1.60343;0.167503;1
1;-1.63042;0.163773;1
1;-1.66255;0.15942;1
1;-1.461;0.188314;1
1;-2.0031;0.118877;1
1;-1.37508;0.2018;1
1;-1.87808;0.13261;1
1;-1.3663;0.203219;1
1;-1.80241;0.141557;1
1;-1.1117;0.247555;1
1;-1.49335;0.183419;1
1;-1.1821;0.234675;1
1;-2.07297;0.111752;1
1;-1.35533;0.205001;1
1;-1.57292;0.171801;1
1;-1.28508;0.216686;1
1;-1.19528;0.232315;1
1;-1.65156;0.160899;1
1;-1.63921;0.162572;1
1;-1.57978;0.170826;1
1;-1.4104;0.19617;1
1;-1.65518;0.16041;1
1;-1.77465;0.144965;1
1;-1.4772;0.185851;1
1;-1.62127;0.16503;1
1;-2.14134;0.105143;1
1;-1.75704;0.147162;1
1;-1.19563;0.232253;1
1;-1.30464;0.213385;1
1;-1.12241;0.245565;1
1;-1.70302;0.154071;1
1;-1.63205;0.16355;1
1;-1.56297;0.17322;1
1;-1.35881;0.204434;1
1;-1.71936;0.151953;1
1;-1.06483;0.256388;1
1;-1.57427;0.171609;1
1;-1.68604;0.156298;1
1;-1.50752;0.181306;1
1;-1.50681;0.181412;1
1;-1.48346;0.184905;1
1;-1.59706;0.168393;1
1;-1.37401;0.201973;1
1;-1.33682;0.208034;1
1;-1.04822;0.259567;1
1;-1.67517;0.157736;1
1;-1.45527;0.189192;1
1;-1.81515;0.140016;1
1;-1.701;0.154335;1
1;-1.36489;0.203446;1
1;-1.125;0.245086;1
1;-1.98691;0.120584;1
1;-1.51613;0.180032;1
1;-1.19657;0.232086;1
1;-1.72219;0.15159;1
1;-2.23505;0.0966472;1
1;-1.34979;0.205905;1
1;-1.37796;0.201337;1
1;-1.44167;0.191287;1
1;-1.79591;0.14235;1
1;-1.79462;0.142508;1
1;-1.14202;0.241949;1
1;-0.940662;0.280767;1
1;-1.55141;0.174882;1
1;-1.14848;0.240766;1
1;-0.718177;0.327795;1
1;-1.65557;0.160358;1
1;-1.7172;0.152232;1
1;-1.35322;0.205344;1
1;-1.36739;0.203041;1
1;-1.44285;0.191105;1
1;-1.75678;0.147194;1
1;-1.51737;0.179849;1
1;-1.3254;0.209921;1
1;-1.31271;0.212034;1
1;-1.18405;0.234325;1
1;-1.21819;0.228256;1
1;-1.20027;0.231427;1
1;-0.882671;0.292625;1
1;-2.07859;0.111196;1
1;-0.6607;0.340582;1
1;-1.274;0.218573;1
1;-1.28757;0.216265;1
1;-0.875136;0.294187;1
1;-2.04837;0.114217;1
1;-0.892067;0.290683;1
1;-1.01924;0.265175;1
1;-1.48835;0.184169;1
1;-1.52315;0.178999;1
1;-0.669457;0.338618;1
1;-1.62891;0.16398;1
1;-1.60982;0.166613;1
1;-1.95047;0.124503;1
1;-0.666412;0.339301;1
1;-0.844659;0.300555;1
1;-0.828077;0.304052;1
1;-1.49448;0.18325;1
1;-1.29768;0.214555;1
1;-0.589975;0.356641;1
1;-0.96424;0.27603;1
1;-1.13113;0.243953;1
1;-1.11865;0.246261;1
1;-1.7105;0.153099;1
1;-1.88261;0.132089;1
1;-1.86289;0.134366;1
1;-1.70772;0.15346;1
1;-1.79651;0.142276;1
1;-1.11857;0.246277;1
1;-1.91481;0.128441;1
1;-1.21359;0.229067;1
1;-1.14001;0.242319;1
1;-0.971643;0.274553;1
1;-1.29695;0.214679;1
1;-1.3116;0.212219;1
1;-1.78653;0.143499;1
1;-1.31307;0.211974;1
1;-1.98932;0.120329;1
1;-1.13769;0.242745;1
1;-1.84817;0.136088;1
1;-1.29173;0.215561;1
1;-1.5552;0.174337;1
1;-1.27249;0.218831;1
1;-1.96394;0.123041;1
1;-1.57142;0.172014;1
1;-1.60101;0.16784;1
1;-0.935405;0.281829;1
1;-1.2469;0.223237;1
1;-0.924842;0.283972;1
1;-1.07446;0.254557;1
1;-0.99354;0.270213;1
1;-1.4175;0.195053;1
1;-1.68944;0.155849;1
1;-1.71273;0.15281;1
1;-1.96979;0.122412;1
1;-2.03098;0.115989;1
1;-2.14219;0.105064;1
1;-0.976313;0.273624;1
1;-1.90989;0.128993;1
1;-1.04833;0.259545;1
1;-2.10809;0.108313;1
1;-0.752534;0.320269;1
1;-2.08886;0.110184;1
1;-2.13145;0.106077;1
1;-2.06865;0.112182;1
1;-1.51256;0.18056;1
1;-1.53685;0.176993;1
1;-2.25468;0.0949465;1
1;-1.33959;0.207578;1
1;-1.86305;0.134348;1
1;-2.08668;0.110398;1
1;-1.97661;0.12168;1
1;-1.57661;0.171276;1
1;-1.84017;0.137031;1
1;-1.74782;0.148322;1
1;-1.42556;0.193792;1
1;-1.02792;0.263487;1
1;-1.0037;0.268214;1
1;-1.56331;0.173172;1
1;-1.68593;0.156312;1
1;-1.39259;0.198994;1
1;-1.66154;0.159555;1
1;-1.03624;0.261876;1
1;-0.839392;0.301663;1
1;-1.11294;0.247323;1
1;-1.42811;0.193394;1
1;-1.18243;0.234616;1
1;-1.27847;0.217811;1
1;-0.978758;0.273138;1
1;-1.31773;0.211196;1
1;-1.48344;0.184908;1
1;-0.911623;0.286668;1
1;-1.51713;0.179885;1
1;-1.55223;0.174765;1
1;-1.17238;0.236426;1
1;-1.36716;0.203079;1
1;-1.67337;0.157976;1
1;-1.32236;0.210426;1
1;-1.10913;0.248033;1
1;-1.04982;0.259259;1
1;-1.01192;0.266605;1
1;-0.749895;0.320844;1
1;-1.05911;0.257479;1
1;-1.19283;0.232754;1
1;-1.54647;0.175597;1
1;-1.76145;0.146609;1
1;-1.36687;0.203125;1
1;-1.25101;0.222526;1
1;-1.6077;0.166908;1
1;-1.35974;0.204283;1
1;-1.36457;0.203498;1
1;-0.686142;0.334892;1
1;-1.68896;0.155913;1
1;-0.690122;0.334006;1
1;-1.39987;0.197837;1
1;-0.562044;0.363075;1
1;-0.58058;0.358799;1
1;-1.52065;0.179366;1
1;-1.46725;0.18736;1
1;-0.974286;0.274027;1
1;-1.41413;0.195583;1
1;-1.10104;0.249546;1
1;-0.916574;0.285656;1
1;-1.41882;0.194847;1
1;-0.30101;0.425311;1
1;-0.807317;0.308463;1
1;-1.21612;0.228621;1
1;-0.989955;0.270921;1
1;-1.0311;0.262871;1
1;-1.91274;0.128673;1
1;-0.832991;0.303013;1
1;-1.07073;0.255263;1
1;-1.54059;0.17645;1
1;-1.05298;0.258653;1
1;-1.16878;0.237075;1
1;-2.07993;0.111063;1
1;-2.10015;0.109082;1
1;-1.00278;0.268394;1
1;-1.38613;0.200027;1
1;-0.981342;0.272626;1
1;-0.780679;0.314174;1
1;-1.36156;0.203987;1
1;-0.921153;0.284723;1
1;-1.70061;0.154386;1
1;-1.74326;0.148899;1
1;-1.51626;0.180012;1
1;-1.12897;0.244351;1
1;-1.27149;0.219002;1
1;-1.33315;0.208639;1
1;-1.49267;0.183522;1
1;-1.13759;0.242764;1
1;-1.55267;0.174702;1
1;-0.61059;0.351925;1
1;-1.48781;0.18425;1
1;-2.28347;0.0925015;1
1;-0.719066;0.327599;1
1;-2.03007;0.116081;1
1;-1.42674;0.193608;1
1;-1.79697;0.142221;1
1;-1.84892;0.135999;1
1;-2.10834;0.108289;1
1;-1.09691;0.25032;1
1;-1.55795;0.173942;1
1;-1.57357;0.171708;1
1;-1.56439;0.173017;1
1;-1.2255;0.22697;1
1;-1.35091;0.205722;1
1;-1.88917;0.131339;1
1;-0.806677;0.308599;1
1;-1.19333;0.232664;1
1;-1.03281;0.26254;1
1;-1.14561;0.241292;1
1;-0.968328;0.275214;1
1;-1.57998;0.170799;1
1;-1.45785;0.188796;1
1;-0.864906;0.296315;1
1;-1.61454;0.165959;1
1;-1.34316;0.206992;1
1;-1.01874;0.265273;1
1;-1.49739;0.182815;1
1;-1.46028;0.188424;1
1;-1.72361;0.151406;1
1;-1.16356;0.238021;1
1;-2.10651;0.108466;1
1;-0.891005;0.290902;1
1;-1.6415;0.162261;1
1;-1.61041;0.166532;1
1;-1.98521;0.120764;1
1;-1.78027;0.14427;1
1;-1.34186;0.207205;1
1;-1.32778;0.209527;1
1;-1.23935;0.224549;1
1;-1.01177;0.266633;1
1;-0.922505;0.284448;1
1;-1.34869;0.206085;1
1;-1.49089;0.183788;1
1;-1.31809;0.211137;1
1;-1.41518;0.195419;1
1;-1.48459;0.184736;1
1;-0.976901;0.273507;1
1;-1.75699;0.147167;1
1;-1.64608;0.161639;1
1;-1.16534;0.237699;1
1;-1.32313;0.210297;1
1;-1.41889;0.194836;1
1;-0.963955;0.276087;1
1;-1.26569;0.219995;1
1;-1.613;0.166172;1
1;-1.29979;0.214201;1
1;-1.42596;0.19373;1
1;-1.69946;0.154535;1
1;-1.40631;0.196816;1
1;-0.830408;0.303559;1
1;-1.37606;0.201643;1
1;-1.19809;0.231816;1
1;-1.29114;0.21566;1
1;-1.66558;0.159015;1
1;-0.798916;0.310258;1
1;-0.823077;0.305111;1
1;-1.72161;0.151664;1
1;-1.38835;0.199671;1
1;-1.29276;0.215386;1
1;-1.30058;0.214067;1
1;-1.50295;0.181986;1
1;-1.31802;0.211148;1
1;-1.83247;0.137945;1
1;-1.09745;0.250218;1
1;-1.43577;0.192201;1
1;-1.17099;0.236677;1
1;-0.871863;0.294867;1
1;-1.1543;0.239705;1
1;-1.85263;0.135565;1
1;-1.05274;0.258699;1
1;-1.21619;0.228607;1
1;-0.702863;0.331178;1
1;-1.92668;0.127119;1
1;-1.58285;0.170392;1
1;-1.52976;0.178029;1
1;-1.423;0.194192;1
1;-1.28524;0.216659;1
1;-1.47064;0.186845;1
1;-1.10979;0.247911;1
1;-1.47979;0.185459;1
1;-1.2798;0.217585;1
1;-1.98017;0.121301;1
1;-0.925228;0.283894;1
1;-1.23734;0.224899;1
1;-1.5597;0.17369;1
1;-1.64531;0.161744;1
1;-1.49309;0.183458;1
1;-1.96562;0.12286;1
1;-1.00748;0.267474;1
1;-2.04823;0.114232;1
1;-1.30506;0.213315;1
1;-1.73964;0.149359;1
1;-1.64925;0.161211;1
1;-0.954956;0.277889;1
1;-1.55868;0.173836;1
1;-1.42648;0.193647;1
1;-1.9114;0.128824;1
1;-1.6981;0.154714;1
1;-1.74183;0.149081;1
1;-1.7924;0.142778;1
1;-0.995672;0.269793;1
1;-1.32781;0.209522;1
1;-0.959655;0.276947;1
1;-1.56657;0.172706;1
1;-1.72734;0.150929;1
1;-1.37307;0.202124;1
1;-1.52972;0.178034;1
1;-1.33458;0.208402;1
1;-1.93604;0.126084;1
1;-1.85176;0.135667;1
1;-1.31079;0.212355;1
1;-1.648;0.161379;1
1;-1.48958;0.183985;1
1;-1.11949;0.246106;1
1;-0.462937;0.386289;1
1;-1.06312;0.256713;1
1;-1.48157;0.185191;1
1;-1.23575;0.225177;1
1;-1.07108;0.255198;1
1;-1.64113;0.162311;1
1;-1.29351;0.215259;1
1;-1.653;0.160704;1
1;-1.78465;0.14373;1
1;-1.13411;0.243403;1
1;-1.54633;0.175618;1
1;-1.28147;0.2173;1
1;-1.70044;0.154408;1
1;-1.42041;0.194598;1
1;-1.14833;0.240794;1
1;-1.73453;0.150009;1
1;-1.7612;0.146641;1
1;-1.38191;0.200702;1
1;-1.74024;0.149282;1
1;-1.2374;0.224889;1
1;-2.09928;0.109167;1
1;-1.49175;0.18366;1
1;-1.09677;0.250345;1
1;-0.818559;0.30607;1
1;-2.44803;0.0795824;1
1;-1.67679;0.157521;1
1;-0.597781;0.354851;1
1;-0.894879;0.290104;1
1;-2.1411;0.105165;1
1;-2.22369;0.097643;1
1;-2.0411;0.114955;1
1;-1.29027;0.215808;1
1;-1.08235;0.253061;1
1;-1.85805;0.134931;1
1;-1.25243;0.22228;1
1;-1.76854;0.145724;1
1;-0.74594;0.321707;1
1;-0.535102;0.369328;1
1;-1.63912;0.162584;1
1;-1.60146;0.167778;1
1;-1.75568;0.147332;1
1;-1.16239;0.238233;1
1;-0.98617;0.271669;1
1;-1.07664;0.254143;1
1;-1.40426;0.197141;1
1;-1.49044;0.183856;1
1;-1.23291;0.225673;1
1;-1.51836;0.179703;1
1;-1.28157;0.217284;1
1;-1.76941;0.145616;1
1;-2.02248;0.116862;1
1;-1.11887;0.246222;1
1;-1.18607;0.233963;1
1;-1.70866;0.153337;1
1;-1.71412;0.152631;1
1;-1.62344;0.164732;1
1;-1.42709;0.193552;1
1;-1.33638;0.208105;1
1;-1.26533;0.220057;1
1;-1.62256;0.164852;1
1;-2.00829;0.118336;1
1;-1.46613;0.187531;1
1;-1.67687;0.15751;1
1;-1.66587;0.158976;1
1;-1.30145;0.213921;1
1;-1.21938;0.228046;1
1;-1.12788;0.244553;1
1;-1.51029;0.180896;1
1;-1.91022;0.128957;1
1;-1.14081;0.242171;1
1;-0.990697;0.270774;1
1;-1.16646;0.237495;1
1;-1.62616;0.164357;1
1;-1.36066;0.204133;1
1;-1.33335;0.208605;1
1;-1.74331;0.148893;1
1;-1.15685;0.239241;1
1;-1.05858;0.257581;1
1;-1.35956;0.204313;1
1;-1.25278;0.222219;1
1;-1.28565;0.21659;1
1;-1.3684;0.202878;1
1;-1.43938;0.191641;1
1;-1.43594;0.192176;1
1;-0.76779;0.316957;1
1;-1.54659;0.17558;1
1;-0.894787;0.290123;1
1;-1.7122;0.152879;1
1;-0.800923;0.309828;1
1;-1.6299;0.163844;1
1;-0.943705;0.280153;1
1;-0.600434;0.354244;1
1;-1.20856;0.229956;1
1;-0.972724;0.274338;1
1;-1.38141;0.200783;1
1;-1.72039;0.15182;1
1;-1.45277;0.189576;1
1;-2.11453;0.107692;1
1;-1.44284;0.191106;1
1;-2.38907;0.0840097;1
1;-1.57168;0.171978;1
1;-0.643029;0.344562;1
1;-1.27582;0.218262;1
1;-1.18384;0.234363;1
1;-1.99575;0.11965;1
1;-1.83372;0.137796;1
1;-2.09535;0.109549;1
1;-0.926959;0.283542;1
1;-1.66578;0.158987;1
1;-1.40851;0.19647;1
1;-1.4688;0.187125;1
1;-1.83506;0.137636;1
1;-1.43914;0.191679;1
1;-2.08367;0.110694;1
1;-2.11388;0.107755;1
1;-1.80255;0.141541;1
1;-1.41616;0.195264;1
1;-1.94431;0.125175;1
1;-1.20843;0.229979;1
1;-2.14594;0.104711;1
1;-1.32606;0.209812;1
1;-2.46987;0.0779977;1
1;-1.95593;0.123909;1
1;-1.84821;0.136083;1
1;-1.70376;0.153974;1
1;-1.99858;0.119352;1
1;-1.90871;0.129126;1
1;-1.37681;0.201523;1
1;-1.27933;0.217665;1
1;-1.61329;0.166133;1
1;-1.19968;0.231532;1
1;-1.48189;0.185141;1
1;-2.01644;0.117488;1
1;-1.66762;0.158742;1
1;-1.5975;0.168331;1
1;-0.971798;0.274522;1
1;-0.335324;0.416946;1
1;-0.855802;0.298217;1
1;-1.7707;0.145455;1
1;-1.83776;0.137316;1
1;-1.90078;0.130021;1
1;-1.35348;0.205301;1
1;-0.790806;0.311996;1
1;-1.67694;0.157501;1
1;-1.71796;0.152134;1
1;-1.73955;0.14937;1
1;-1.25144;0.222451;1
1;-1.16727;0.237348;1
1;-0.579338;0.359085;1
1;-1.0799;0.253526;1
1;-1.2292;0.226321;1
1;-1.65618;0.160275;1
1;-1.05419;0.258421;1
1;-0.789021;0.312379;1
1;-1.16;0.238667;1
1;-2.13038;0.106179;1
1;-1.4085;0.19647;1
1;-1.33413;0.208477;1
1;-0.968847;0.27511;1
1;-0.968314;0.275217;1
1;-1.27138;0.219021;1
1;-1.92427;0.127386;1
1;-1.69943;0.154539;1
1;-2.08936;0.110135;1
1;-2.20428;0.099367;1
1;-1.80731;0.140964;1
1;-0.986914;0.271522;1
1;-0.981197;0.272654;1
1;-0.951959;0.278491;1
1;-2.15921;0.103473;1
1;-2.24893;0.0954421;1
1;-1.54946;0.175164;1
1;-2.07273;0.111776;1
1;-0.885837;0.29197;1
1;-2.11793;0.107367;1
1;-1.23434;0.225422;1
1;-1.74052;0.149247;1
1;-1.85679;0.135078;1
1;-1.69445;0.155191;1
1;-1.53707;0.176961;1
1;-1.36268;0.203805;1
1;-1.46098;0.188318;1
1;-1.6066;0.167062;1
1;-1.2103;0.229648;1
1;-1.70721;0.153526;1
1;-0.984742;0.271952;1
1;-1.98755;0.120516;1
1;-1.49262;0.183528;1
1;-1.55591;0.174235;1
1;-1.17679;0.23563;1
1;-1.69586;0.155006;1
1;-1.18208;0.234678;1
1;-1.60648;0.167078;1
1;-0.893196;0.290451;1
1;-1.02976;0.26313;1
1;-1.55688;0.174095;1
1;-1.0946;0.250753;1
1;-1.26064;0.220864;1
1;-1.49676;0.182909;1
1;-1.12883;0.244378;1
1;-1.32851;0.209405;1
1;-1.19662;0.232077;1
1;-1.24821;0.223011;1
1;-0.948991;0.279088;1
1;-1.45134;0.189796;1
1;-1.09352;0.250956;1
1;-1.06975;0.25545;1
1;-1.35107;0.205695;1
1;-0.965162;0.275846;1
1;-1.02517;0.264022;1
1;-1.39627;0.198409;1
1;-1.28898;0.216025;1
1;-1.43235;0.192733;1
1;-1.22185;0.227611;1
1;-1.075;0.254453;1
1;-1.06005;0.2573;1
1;-1.36986;0.202643;1
1;-1.05981;0.257346;1
1;-1.35566;0.204947;1
1;-1.0369;0.261748;1
1;-1.05093;0.259047;1
1;-1.0106;0.266862;1
1;-1.71362;0.152695;1
1;-1.18713;0.233773;1
1;-1.59145;0.16918;1
1;-1.92987;0.126765;1
1;-1.68964;0.155823;1
1;-0.914838;0.286011;1
1;-0.509927;0.375211;1
1;-1.56419;0.173046;1
1;-1.82196;0.139199;1
1;-1.34996;0.205877;1
1;-0.699364;0.331953;1
1;-1.26531;0.220062;1
1;-1.18433;0.234275;1
1;-1.15701;0.239211;1
1;-1.45601;0.189078;1
1;-1.62394;0.164663;1
1;-1.60838;0.166814;1
1;-0.945853;0.27972;1
1;-1.4812;0.185247;1
1;-1.30964;0.212546;1
1;-1.32889;0.209344;1
1;-1.29034;0.215795;1
1;-1.57825;0.171043;1
1;-0.945141;0.279863;1
1;-0.88346;0.292461;1
1;-1.96242;0.123205;1
1;-1.32256;0.210393;1
1;-0.838329;0.301887;1
1;-1.27229;0.218866;1
1;-1.25102;0.222523;1
1;-1.28022;0.217512;1
1;-1.01599;0.26581;1
1;-1.73808;0.149557;1
1;-1.209;0.229879;1
1;-1.38374;0.20041;1
1;-1.137;0.242871;1
1;-0.82661;0.304362;1
1;-1.09493;0.250691;1
1;-1.36849;0.202864;1
1;-1.12218;0.245608;1
1;-1.44273;0.191124;1
1;-0.57491;0.360105;1
1;-1.13767;0.242748;1
1;-0.986022;0.271699;1
1;-1.64659;0.161571;1
1;-1.07936;0.253628;1
1;-1.28338;0.216975;1
1;-1.25107;0.222514;1
1;-0.812095;0.307444;1
1;-0.819774;0.305812;1
1;-1.09741;0.250225;1
1;-1.42488;0.193898;1
1;-1.48746;0.184303;1
1;-1.27925;0.217677;1
1;-1.02753;0.263564;1
1;-1.00787;0.267396;1
1;-1.6495;0.161177;1
1;-1.30943;0.212582;1
1;-1.69541;0.155066;1
1;-1.99764;0.119451;1
1;-1.7533;0.147632;1
1;-1.2372;0.224924;1
1;-1.68589;0.156317;1
1;-1.45461;0.189293;1
1;-1.65737;0.160115;1
1;-1.53798;0.17683;1
1;-0.97776;0.273336;1
1;-1.26028;0.220925;1
1;-1.34117;0.207318;1
1;-1.6993;0.154556;1
1;-1.47373;0.186376;1
1;-1.50259;0.182039;1
1;-1.7214;0.151691;1
1;-1.44582;0.190645;1
1;-1.78077;0.144208;1
1;-1.64044;0.162405;1
1;-1.33108;0.20898;1
1;-1.6305;0.163762;1
1;-1.09198;0.251246;1
1;-2.12356;0.106828;1
1;-1.44115;0.191368;1
1;-2.08657;0.110409;1
1;-1.63246;0.163493;1
1;-1.71591;0.152399;1
1;-1.36588;0.203286;1
1;-1.61456;0.165956;1
1;-0.982883;0.27232;1
1;-1.62138;0.165015;1
1;-1.7423;0.149021;1
1;-1.59879;0.168151;1
1;-1.21932;0.228056;1
1;-1.74751;0.148361;1
1;-0.611082;0.351812;1
1;-1.09324;0.251009;1
1;-1.54719;0.175493;1
1;-1.5088;0.181116;1
1;-1.21017;0.22967;1
1;-1.054;0.258457;1
1;-1.52403;0.178869;1
1;-1.17177;0.236536;1
1;-1.72693;0.150981;1
1;-1.04101;0.260955;1
1;-1.24459;0.223637;1
1;-1.61767;0.165526;1
1;-2.1061;0.108505;1
1;-0.926893;0.283556;1
1;-1.32991;0.209173;1
1;-1.26241;0.220559;1
1;-1.29512;0.214987;1
1;-1.50172;0.182169;1
1;-1.39854;0.198047;1
1;-1.61424;0.166;1
1;-1.21919;0.228079;1
1;-1.28527;0.216654;1
1;-1.08457;0.252642;1
1;-1.43497;0.192325;1
1;-1.54481;0.175838;1
1;-1.07616;0.254234;1
1;-1.2276;0.226602;1
1;-1.36976;0.202659;1
1;-0.78248;0.313786;1
1;-1.66475;0.159126;1
1;-1.22222;0.227547;1
1;-1.20299;0.230943;1
1;-0.961485;0.276581;1
1;-1.42568;0.193773;1
1;-1.73932;0.149399;1
1;-0.890795;0.290946;1
1;-0.9479;0.279307;1
1;-0.745107;0.321888;1
1;-0.93766;0.281373;1
1;-1.28613;0.216509;1
1;-1.49233;0.183572;1
1;-1.25997;0.220979;1
1;-0.625506;0.34853;1
1;-1.03097;0.262897;1
1;-1.23877;0.224649;1
1;-1.47912;0.18556;1
1;-2.11278;0.107861;1
1;-1.55791;0.173946;1
1;-1.35431;0.205166;1
1;-1.66166;0.159539;1
1;-1.58777;0.169698;1
1;-1.966;0.12282;1
1;-1.91506;0.128414;1
1;-0.898375;0.289385;1
1;-1.82991;0.138248;1
1;-2.16816;0.102646;1
1;-2.15271;0.104079;1
1;-1.80795;0.140886;1
1;-0.476347;0.383115;1
1;-1.13885;0.242531;1
1;-2.34292;0.0876305;1
1;-1.74818;0.148277;1
1;-1.16993;0.236867;1
1;-1.95704;0.123788;1
1;-1.61298;0.166176;1
1;-1.74697;0.14843;1
1;-1.44971;0.190047;1
1;-1.24275;0.223958;1
1;-2.39527;0.0835337;1
1;-1.20389;0.230783;1
1;-1.74593;0.148561;1
1;-1.49362;0.183379;1
1;-2.01564;0.11757;1
1;-1.15295;0.23995;1
1;-1.50548;0.181609;1
1;-1.91504;0.128416;1
1;-1.67577;0.157656;1
1;-1.77282;0.145192;1
1;-1.19017;0.233229;1
1;-1.13092;0.243991;1
1;-1.48299;0.184976;1
1;-1.62135;0.165019;1
1;-2.04091;0.114974;1
1;-0.976563;0.273574;1
1;-1.82505;0.138829;1
1;-1.1329;0.243627;1
1;-1.01007;0.266966;1
1;-1.06854;0.255682;1
1;-1.45629;0.189036;1
1;-1.39508;0.198599;1
1;-1.72622;0.151071;1
1;-0.939236;0.281055;1
1;-1.08011;0.253485;1
1;-1.53744;0.176908;1
1;-0.652973;0.34232;1
1;-1.79421;0.142557;1
1;-1.58326;0.170334;1
1;-1.23763;0.22485;1
1;-1.39817;0.198107;1
1;-1.62784;0.164127;1
1;-1.67372;0.157929;1
1;-1.12573;0.244949;1
1;-1.1919;0.23292;1
1;-1.06129;0.257063;1
1;-1.62499;0.164518;1
1;-1.15555;0.239476;1
1;-1.39114;0.199226;1
1;-1.63736;0.162825;1
1;-1.33754;0.207915;1
1;-1.9142;0.128509;1
1;-1.08176;0.253173;1
1;-1.35485;0.205078;1
1;-0.96926;0.275028;1
1;-1.47589;0.186049;1
1;-1.75218;0.147773;1
1;-1.2251;0.22704;1
1;-1.53838;0.17677;1
1;-1.71231;0.152865;1
1;-2.00815;0.11835;1
1;-1.21263;0.229235;1
1;-1.2022;0.231084;1
1;-1.20225;0.231075;1
1;-0.329844;0.418279;1
1;-1.78505;0.14368;1
1;-1.5989;0.168135;1
1;-1.75323;0.14764;1
1;-2.24863;0.0954674;1
1;-0.998436;0.269249;1
1;-1.72112;0.151727;1
1;-0.468081;0.385071;1
1;-2.30128;0.0910169;1
1;-2.21949;0.0980136;1
1;-1.43759;0.191918;1
1;-0.844102;0.300672;1
1;-1.50329;0.181935;1
1;-2.18711;0.100914;1
1;-1.58577;0.16998;1
1;-1.80099;0.14173;1
1;-1.50346;0.18191;1
1;-1.86008;0.134694;1
1;-2.07315;0.111734;1
1;-2.11859;0.107303;1
1;-1.44049;0.19147;1
1;-1.83445;0.137709;1
1;-1.32319;0.210288;1
1;-1.0281;0.263453;1
1;-1.39093;0.199259;1
1;-0.944768;0.279938;1
1;-1.43031;0.193051;1
1;-1.45386;0.189408;1
1;-1.2334;0.225586;1
1;-1.55733;0.17403;1
1;-1.23288;0.225678;1
1;-1.14487;0.241427;1
1;-1.26442;0.220214;1
1;-1.62275;0.164825;1
1;-1.45509;0.18922;1
1;-1.61028;0.16655;1
1;-1.3822;0.200656;1
1;-1.11279;0.247352;1
1;-0.979607;0.27297;1
1;-1.03829;0.26148;1
1;-1.30611;0.213139;1
1;-1.02571;0.263917;1
1;-1.11522;0.2469;1
1;-0.888725;0.291373;1
1;-1.27943;0.217647;1
1;-1.09574;0.250539;1
1;-0.936022;0.281705;1
1;-1.24498;0.223571;1
1;-1.53975;0.176572;1
1;-1.17282;0.236345;1
1;-1.64938;0.161192;1
1;-1.7307;0.150498;1
1;-1.72607;0.151091;1
1;-1.3333;0.208614;1
1;-1.52413;0.178854;1
1;-1.61109;0.166437;1
1;-1.98534;0.120751;1
1;-1.2627;0.22051;1
1;-2.15747;0.103636;1
1;-1.46175;0.188201;1
1;-1.77261;0.145218;1
1;-1.60615;0.167124;1
1;-1.84275;0.136726;1
1;-1.56248;0.173291;1
1;-1.70012;0.154449;1
1;-1.57923;0.170904;1
1;-1.09266;0.251117;1
1;-1.43313;0.192611;1
1;-1.74143;0.149131;1
1;-1.28621;0.216495;1
1;-1.34724;0.206322;1
1;-1.48199;0.185128;1
1;-1.77636;0.144754;1
1;-1.74902;0.148171;1
1;-2.35132;0.086961;1
1;-1.78279;0.143959;1
1;-1.38601;0.200046;1
1;-1.4316;0.192849;1
1;-1.65749;0.160099;1
1;-1.40791;0.196563;1
1;-1.42728;0.193522;1
1;-1.57967;0.170842;1
1;-1.26347;0.220378;1
1;-1.45855;0.188689;1
1;-1.77336;0.145125;1
1;-2.12215;0.106963;1
1;-1.61054;0.166513;1
1;-1.57662;0.171275;1
1;-0.966492;0.27558;1
1;-1.47487;0.186204;1
1;-1.06074;0.257168;1
1;-1.0923;0.251185;1
1;-1.14624;0.241177;1
1;-1.80342;0.141435;1
1;-1.33861;0.207738;1
1;-1.26029;0.220924;1
1;-1.33226;0.208786;1
1;-1.55666;0.174126;1
1;-1.35675;0.204769;1
1;-1.76398;0.146293;1
1;-1.89615;0.130545;1
1;-1.64983;0.161132;1
1;-1.44586;0.19064;1
1;-1.96991;0.122399;1
1;-2.20403;0.0993892;1
1;-1.29758;0.214573;1
1;-1.78226;0.144025;1
1;-1.84462;0.136505;1
1;-1.74032;0.149272;1
1;-1.50705;0.181377;1
1;-1.67181;0.158184;1
1;-0.708158;0.330006;1
1;-1.34144;0.207273;1
1;-1.66927;0.158522;1
1;-2.18447;0.101153;1
1;-1.39484;0.198636;1
1;-1.4363;0.19212;1
1;-1.49012;0.183903;1
1;-1.07748;0.253984;1
1;-1.26595;0.219951;1
1;-1.90346;0.129717;1
1;-1.71843;0.152073;1
1;-1.13581;0.24309;1
1;-0.939673;0.280966;1
1;-1.06071;0.257173;1
1;-1.01291;0.266411;1
1;-1.18128;0.234822;1
1;-1.48192;0.185138;1
1;-1.79205;0.142821;1
1;-1.3707;0.202507;1
1;-1.3138;0.211852;1
1;-1.13345;0.243525;1
1;-1.08206;0.253116;1
1;-1.16473;0.237809;1
1;-0.782298;0.313825;1
1;-0.947718;0.279344;1
1;-1.08831;0.251937;1
1;-0.817466;0.306302;1
1;-0.887366;0.291654;1
1;-1.22259;0.227481;1
1;-0.916489;0.285674;1
1;-1.27292;0.218758;1
1;-1.18399;0.234335;1
1;-1.08169;0.253187;1
1;-1.42556;0.193792;1
1;-1.50585;0.181554;1
1;-1.30525;0.213282;1
1;-1.13257;0.243688;1
1;-1.12529;0.245031;1
1;-1.75241;0.147743;1
1;-1.80562;0.141169;1
1;-1.47862;0.185636;1
1;-0.952282;0.278426;1
1;-1.34159;0.207248;1
1;-1.0452;0.260149;1
1;-2.0729;0.111759;1
1;-1.18874;0.233485;1
1;-1.50027;0.182385;1
1;-1.88672;0.131619;1
1;-1.10576;0.248662;1
1;-1.39865;0.19803;1
1;-1.10749;0.248339;1
1;-1.1765;0.235681;1
1;-1.72838;0.150795;1
1;-1.40737;0.196649;1
1;-0.904005;0.288228;1
1;-1.04957;0.259307;1
1;-1.28312;0.21702;1
1;-1.248;0.223046;1
1;-1.65503;0.160431;1
1;-1.44755;0.190379;1
1;-1.72058;0.151797;1
1;-1.53333;0.177508;1
1;-1.97415;0.121944;1
1;-2.06694;0.112352;1
1;-1.79926;0.141941;1
1;-1.08082;0.25335;1
1;-1.78151;0.144117;1
1;-2.45958;0.0787408;1
1;-2.21622;0.0983036;1
1;-1.57744;0.171159;1
1;-2.14089;0.105185;1
1;-1.60614;0.167125;1
1;-1.3327;0.208714;1
1;-1.69912;0.15458;1
1;-1.97352;0.122012;1
1;-1.9027;0.129803;1
1;-1.16094;0.238496;1
1;-0.969364;0.275007;1
1;-1.24427;0.223694;1
1;-1.52301;0.179018;1
1;-1.50912;0.181069;1
1;-1.0807;0.253373;1
1;-0.727476;0.325749;1
1;-1.36915;0.202757;1
1;-1.15018;0.240456;1
1;-1.58913;0.169506;1
1;-1.68073;0.156999;1
1;-1.4152;0.195416;1
1;-1.6826;0.156751;1
1;-1.5329;0.177569;1
1;-1.92105;0.127745;1
1;-1.10623;0.248574;1
1;-1.02766;0.263537;1
1;-1.54876;0.175265;1
1;-1.43525;0.192281;1
1;-1.08753;0.252083;1
1;-1.27256;0.218819;1
1;-1.75298;0.147672;1
1;-1.62981;0.163856;1
1;-2.04967;0.114085;1
1;-1.39747;0.198218;1
1;-1.79121;0.142924;1
1;-1.54979;0.175117;1
1;-0.917279;0.285513;1
1;-2.34562;0.0874145;1
1;-1.21539;0.228748;1
1;-1.60755;0.166929;1
1;-1.22576;0.226925;1
1;-1.5898;0.169412;1
1;-2.00177;0.119017;1
1;-1.46433;0.187806;1
1;-1.14795;0.240865;1
1;-1.1616;0.238377;1
1;-1.78249;0.143996;1
1;-1.4106;0.196139;1
1;-1.04063;0.261029;1
1;-1.7261;0.151088;1
1;-2.17456;0.102059;1
1;-1.43875;0.191739;1
1;-1.91256;0.128694;1
1;-2.09463;0.109619;1
1;-1.64269;0.1621;1
1;-1.64193;0.162202;1
1;-1.45221;0.189661;1
1;-1.49856;0.18264;1
1;-1.64558;0.161708;1
1;-1.35745;0.204655;1
1;-1.69465;0.155165;1
1;-1.93669;0.126012;1
1;-1.79507;0.142452;1
1;-1.75011;0.148034;1
1;-1.41011;0.196216;1
1;-1.58729;0.169765;1
1;-1.50118;0.182249;1
1;-1.54399;0.175956;1
1;-1.54267;0.176147;1
1;-1.28163;0.217272;1
1;-1.34013;0.207488;1
1;-1.88018;0.132368;1
1;-1.78225;0.144025;1
1;-1.54222;0.176213;1
1;-1.73113;0.150443;1
1;-1.9605;0.123413;1
1;-1.5187;0.179653;1
1;-1.46694;0.187407;1
1;-0.779764;0.314371;1
1;-1.07632;0.254203;1
1;-2.0909;0.109984;1
1;-1.1563;0.239341;1
1;-0.799013;0.310237;1
1;-1.6961;0.154975;1
1;-1.69621;0.154961;1
1;-1.32421;0.210118;1
1;-0.908439;0.287319;1
1;-1.13084;0.244006;1
1;-1.35555;0.204965;1
1;-1.83587;0.13754;1
1;-1.56787;0.17252;1
1;-1.18067;0.234931;1
1;-1.26616;0.219916;1
1;-1.70361;0.153995;1
1;-1.92568;0.12723;1
1;-1.11833;0.246322;1
1;-1.74159;0.149111;1
1;-1.82902;0.138355;1
1;-2.38815;0.0840808;1
1;-2.10363;0.108745;1
1;-1.39323;0.198893;1
1;-1.0492;0.259379;1
1;-1.6561;0.160286;1
1;-0.684295;0.335303;1
1;-0.931008;0.28272;1
1;-1.14678;0.241077;1
1;-1.44014;0.191523;1
1;-1.19917;0.231623;1
1;-2.42759;0.0810928;1
1;-1.86088;0.1346;1
1;-1.08623;0.252329;1
1;-1.55198;0.1748;1
1;-1.63638;0.162958;1
1;-1.64194;0.162202;1
1;-2.13034;0.106183;1
1;-1.36906;0.202772;1
1;-1.24438;0.223674;1
1;-0.736351;0.323803;1
1;-1.15543;0.239498;1
1;-1.64749;0.161449;1
1;-2.0944;0.109642;1
1;-1.70637;0.153636;1
1;-1.85778;0.134962;1
1;-1.70514;0.153795;1
1;-1.69892;0.154607;1
1;-1.05553;0.258165;1
1;-1.80824;0.140851;1
1;-1.4637;0.187903;1
1;-2.28752;0.092162;1
1;-1.4454;0.190711;1
1;-1.74685;0.148445;1
1;-1.85904;0.134815;1
1;-1.3034;0.213594;1
1;-1.80742;0.14095;1
1;-0.462764;0.38633;1
1;-1.01204;0.26658;1
1;-1.43588;0.192185;1
1;-2.06378;0.112667;1
1;-1.87673;0.132765;1
1;-1.56313;0.173198;1
1;-1.4788;0.185609;1
1;-1.33588;0.208189;1
1;-1.16104;0.238478;1
1;-1.9046;0.129589;1
1;-1.51598;0.180054;1
1;-1.64685;0.161534;1
1;-1.92629;0.127162;1
1;-1.67845;0.157301;1
1;-1.9207;0.127783;1
1;-1.2835;0.216955;1
1;-1.36666;0.20316;1
1;-1.92188;0.127652;1
1;-1.17766;0.235474;1
1;-2.11034;0.108096;1
1;-1.18867;0.233497;1
1;-1.87579;0.132873;1
1;-1.43052;0.193018;1
1;-1.54067;0.176438;1
1;-2.30569;0.0906528;1
1;-1.53483;0.177288;1
1;-1.69851;0.15466;1
1;-0.897035;0.28966;1
1;-1.96566;0.122856;1
1;-1.30576;0.213197;1
1;-1.98373;0.120921;1
1;-1.51449;0.180274;1
1;-0.841564;0.301206;1
1;-1.70477;0.153844;1
1;-1.45503;0.189229;1
1;-1.17396;0.23614;1
1;-1.34269;0.207069;1
1;-1.43201;0.192785;1
1;-1.57999;0.170796;1
1;-1.33214;0.208806;1
1;-2.00594;0.118581;1
1;-1.93903;0.125754;1
1;-1.14432;0.241529;1
1;-1.91973;0.127891;1
1;-1.54;0.176535;1
1;-1.57514;0.171485;1
1;-1.72112;0.151727;1
1;-1.13299;0.243609;1
1;-1.26937;0.219366;1
1;-1.9407;0.125571;1
1;-1.95328;0.124197;1
1;-2.01161;0.117989;1
1;-1.53889;0.176697;1
1;-1.67132;0.158248;1
1;-1.028;0.263472;1
1;-2.09707;0.109382;1
1;-1.53253;0.177623;1
1;-1.34596;0.206531;1
1;-1.707;0.153553;1
1;-0.848413;0.299766;1
1;-1.70738;0.153503;1
1;-1.39339;0.198866;1
1;-1.6;0.167981;1
1;-1.45888;0.188639;1
1;-1.54793;0.175385;1
1;-1.6285;0.164036;1
1;-2.17923;0.101631;1
1;-2.25454;0.0949589;1
1;-1.57411;0.171631;1
1;-1.95841;0.123639;1
1;-2.42329;0.0814142;1
1;-1.42553;0.193796;1
1;-1.78541;0.143636;1
1;-1.62435;0.164606;1
1;-2.09284;0.109795;1
1;-1.3275;0.209573;1
1;-1.70834;0.153379;1
1;-2.28572;0.0923127;1
1;-1.60461;0.167338;1
1;-1.26973;0.219303;1
1;-1.59239;0.169048;1
1;-1.81156;0.14045;1
1;-1.36942;0.202713;1
1;-1.90168;0.129919;1
1;-1.22885;0.226382;1
1;-2.20392;0.0993989;1
1;-2.16437;0.102996;1
1;-1.59929;0.168081;1
1;-1.53922;0.176649;1
1;-1.62588;0.164396;1
1;-2.25642;0.0947967;1
1;-1.43667;0.192062;1
1;-1.3887;0.199616;1
1;-1.42089;0.194521;1
1;-1.59514;0.168663;1
1;-1.6473;0.161474;1
1;-2.15384;0.103973;1
1;-2.31968;0.0895065;1
1;-1.61504;0.16589;1
1;-0.981335;0.272627;1
1;-1.54348;0.17603;1
1;-2.07989;0.111067;1
1;-1.89035;0.131205;1
1;-1.12564;0.244967;1
1;-1.93066;0.126677;1
1;-1.43537;0.192263;1
1;-1.77398;0.145048;1
1;-1.97861;0.121467;1
1;-1.68172;0.156867;1
1;-1.68919;0.155883;1
1;-1.64004;0.16246;1
1;-1.60131;0.167799;1
1;-1.89733;0.130411;1
1;-2.10651;0.108466;1
1;-1.79636;0.142295;1
1;-1.75648;0.147232;1
1;-1.08335;0.252873;1
1;-1.93675;0.126006;1
1;-1.35264;0.20544;1
1;-2.29178;0.0918057;1
1;-2.1239;0.106795;1
1;-1.35376;0.205257;1
1;-1.5816;0.170569;1
1;-1.41247;0.195845;1
1;-1.82376;0.138983;1
1;-1.62295;0.164799;1
1;-1.689;0.155908;1
1;-0.97703;0.273482;1
1;-2.03386;0.115694;1
1;-1.30368;0.213547;1
1;-1.59497;0.168685;1
1;-1.2679;0.219617;1
1;-1.69879;0.154623;1
1;-1.94775;0.124799;1
1;-2.01065;0.118089;1
1;-1.79104;0.142945;1
1;-1.42433;0.193984;1
1;-1.70017;0.154443;1
1;-2.13518;0.105725;1
1;-1.39098;0.199251;1
1;-1.48185;0.185149;1
1;-1.1836;0.234406;1
1;-1.12551;0.24499;1
1;-2.10691;0.108427;1
1;-1.35587;0.204913;1
1;-1.59627;0.168504;1
1;-1.86334;0.134314;1
1;-1.91445;0.128481;1
1;-1.82529;0.138801;1
1;-1.79786;0.142111;1
1;-1.28328;0.216992;1
1;-1.40235;0.197444;1
1;-1.07911;0.253675;1
1;-2.11508;0.10764;1
1;-2.28793;0.0921275;1
1;-1.75511;0.147403;1
1;-1.16342;0.238046;1
1;-1.64828;0.161342;1
1;-1.96286;0.123158;1
1;-1.83585;0.137543;1
1;-1.22097;0.227765;1
1;-2.71834;0.0618999;1
1;-1.47136;0.186736;1
1;-1.93512;0.126185;1
1;-1.88859;0.131406;1
1;-1.68255;0.156759;1
1;-1.50336;0.181925;1
1;-1.50062;0.182333;1
1;-1.77147;0.145359;1
1;-1.39711;0.198275;1
1;-1.9171;0.128185;1
1;-1.033;0.262503;1
1;-1.80667;0.141042;1
1;-0.675434;0.337281;1
1;-1.65961;0.159815;1
1;-0.985033;0.271894;1
1;-0.669278;0.338659;1
1;-1.39233;0.199036;1
1;-1.47463;0.18624;1
1;-1.64321;0.162029;1
1;-0.974621;0.27396;1
1;-1.80114;0.141712;1
1;-1.39799;0.198136;1
1;-1.47719;0.185853;1
1;-1.35136;0.205647;1
1;-1.24256;0.223991;1
1;-1.36452;0.203507;1
1;-1.6725;0.158092;1
1;-0.964668;0.275945;1
1;-2.42071;0.0816071;1
1;-1.77843;0.144498;1
1;-1.30286;0.213684;1
1;-0.743212;0.322302;1
1;-2.03982;0.115086;1
1;-1.63139;0.16364;1
1;-1.56883;0.172383;1
1;-1.70646;0.153624;1
1;-1.64562;0.161702;1
1;-1.13878;0.242544;1
1;-1.44726;0.190423;1
1;-2.35876;0.0863722;1
1;-1.32464;0.210047;1
1;-1.7905;0.143011;1
1;-1.47262;0.186545;1
1;-1.41237;0.195861;1
1;-1.77971;0.14434;1
1;-1.19803;0.231826;1
1;-1.52078;0.179347;1
1;-2.0006;0.119139;1
1;-1.02948;0.263186;1
1;-1.77935;0.144383;1
1;-1.06084;0.257149;1
1;-1.61153;0.166377;1
1;-2.33966;0.0878915;1
1;-2.32086;0.0894096;1
1;-1.87544;0.132914;1
1;-2.11778;0.107381;1
1;-1.80513;0.141228;1
1;-1.80147;0.141672;1
1;-1.9846;0.120829;1
1;-1.69677;0.154887;1
1;-2.43775;0.0803391;1
1;-1.75453;0.147476;1
1;-1.88604;0.131697;1
1;-1.8602;0.13468;1
1;-1.84076;0.136961;1
1;-0.946079;0.279674;1
1;-1.37195;0.202305;1
1;-1.29536;0.214948;1
1;-0.975327;0.27382;1
1;-1.66913;0.158541;1
1;-1.73027;0.150553;1
1;-1.418;0.194976;1
1;-1.54161;0.176302;1
1;-1.98256;0.121046;1
1;-1.28784;0.216219;1
1;-1.58441;0.170171;1
1;-0.866676;0.295946;1
1;-1.32809;0.209476;1
1;-1.37868;0.201221;1
1;-1.4423;0.191189;1
1;-0.975415;0.273802;1
1;-1.8279;0.138489;1
1;-0.539281;0.368355;1
1;-0.915;0.285978;1
1;-1.82118;0.139292;1
1;-1.82067;0.139354;1
1;-1.79371;0.142619;1
1;-1.37078;0.202493;1
1;-2.79855;0.0574024;1
1;-1.5805;0.170724;1
1;-1.78159;0.144107;1
1;-1.89393;0.130797;1
1;-2.45629;0.07898;1
1;-1.9959;0.119634;1
1;-1.96452;0.122978;1
1;-1.27713;0.218039;1
1;-1.76847;0.145733;1
1;-1.57423;0.171614;1
1;-1.36684;0.203131;1
1;-1.7144;0.152594;1
1;-1.94964;0.124592;1
1;-2.44288;0.0799606;1
1;-2.64415;0.0663506;1
1;-1.38514;0.200186;1
1;-2.07901;0.111154;1
1;-1.78578;0.143591;1
1;-2.12125;0.107049;1
1;-2.76097;0.05947;1
1;-2.29472;0.0915612;1
1;-1.48049;0.185353;1
1;-1.3825;0.200608;1
1;-1.4779;0.185745;1
1;-1.97979;0.121342;1
1;-1.89885;0.130238;1
1;-2.4509;0.0793726;1
1;-1.70024;0.154434;1
1;-1.45478;0.189267;1
1;-2.06899;0.112148;1
1;-1.57586;0.171383;1
1;-1.22435;0.227172;1
1;-1.94662;0.124922;1
1;-1.78492;0.143697;1
1;-1.6232;0.164763;1
1;-1.99642;0.11958;1
1;-1.59303;0.168959;1
1;-2.01489;0.117648;1
1;-1.31512;0.211631;1
1;-1.58322;0.17034;1
1;-1.6273;0.1642;1
1;-2.19779;0.0999495;1
